MARGINALPIBC;
2025;10;14;1;120.70;120.70;
2025;10;14;2;117.57;117.57;
2025;10;14;3;116.12;116.12;
2025;10;14;4;115.01;115.01;
2025;10;14;5;110.66;110.66;
2025;10;14;6;109.09;109.09;
2025;10;14;7;107.53;107.53;
2025;10;14;8;107.17;107.17;
2025;10;14;9;107.24;107.24;
2025;10;14;10;107.24;107.24;
2025;10;14;11;106.88;106.88;
2025;10;14;12;106.88;106.88;
2025;10;14;13;107.09;107.09;
2025;10;14;14;106.88;106.88;
2025;10;14;15;106.88;106.88;
2025;10;14;16;106.88;106.88;
2025;10;14;17;107.22;107.22;
2025;10;14;18;107.07;107.07;
2025;10;14;19;107.07;107.07;
2025;10;14;20;107.22;107.22;
2025;10;14;21;107.22;107.22;
2025;10;14;22;107.22;107.22;
2025;10;14;23;108.50;108.50;
2025;10;14;24;111.06;111.06;
2025;10;14;25;110.19;110.19;
2025;10;14;26;116.60;116.60;
2025;10;14;27;116.50;116.50;
2025;10;14;28;119.38;119.38;
2025;10;14;29;120.01;120.01;
2025;10;14;30;130.59;130.59;
2025;10;14;31;137.46;137.46;
2025;10;14;32;141.05;141.05;
2025;10;14;33;163.56;163.56;
2025;10;14;34;163.43;163.43;
2025;10;14;35;162.43;162.43;
2025;10;14;36;150.83;150.83;
2025;10;14;37;159.89;159.89;
2025;10;14;38;125.84;125.84;
2025;10;14;39;113.73;113.73;
2025;10;14;40;104.54;104.54;
2025;10;14;41;110.01;110.01;
2025;10;14;42;103.92;103.92;
2025;10;14;43;100.00;100.00;
2025;10;14;44;96.20;96.20;
2025;10;14;45;105.01;92.05;
2025;10;14;46;89.07;89.07;
2025;10;14;47;90.34;88.09;
2025;10;14;48;100.00;86.87;
2025;10;14;49;100.00;85.93;
2025;10;14;50;100.00;84.73;
2025;10;14;51;100.00;83.60;
2025;10;14;52;100.00;80.14;
2025;10;14;53;90.20;80.00;
2025;10;14;54;90.20;79.06;
2025;10;14;55;90.20;69.50;
2025;10;14;56;90.20;68.00;
2025;10;14;57;90.20;70.00;
2025;10;14;58;90.20;69.99;
2025;10;14;59;90.20;64.08;
2025;10;14;60;90.20;62.47;
2025;10;14;61;90.20;61.00;
2025;10;14;62;90.20;60.56;
2025;10;14;63;90.20;63.40;
2025;10;14;64;90.20;74.55;
2025;10;14;65;90.20;60.05;
2025;10;14;66;90.20;76.58;
2025;10;14;67;90.20;79.78;
2025;10;14;68;90.20;83.50;
2025;10;14;69;100.00;81.80;
2025;10;14;70;100.00;86.15;
2025;10;14;71;100.01;87.78;
2025;10;14;72;102.35;94.36;
2025;10;14;73;94.35;94.35;
2025;10;14;74;100.62;100.62;
2025;10;14;75;108.96;108.96;
2025;10;14;76;120.01;120.01;
2025;10;14;77;120.93;120.93;
2025;10;14;78;135.17;135.17;
2025;10;14;79;160.26;160.26;
2025;10;14;80;168.74;168.74;
2025;10;14;81;149.18;149.18;
2025;10;14;82;151.43;151.43;
2025;10;14;83;151.18;151.18;
2025;10;14;84;151.02;151.02;
2025;10;14;85;158.93;158.93;
2025;10;14;86;153.99;153.99;
2025;10;14;87;139.99;139.99;
2025;10;14;88;122.79;122.79;
2025;10;14;89;150.15;150.15;
2025;10;14;90;130.45;130.45;
2025;10;14;91;123.04;123.04;
2025;10;14;92;112.20;112.20;
2025;10;14;93;105.01;105.01;
2025;10;14;94;101.78;101.78;
2025;10;14;95;98.43;98.43;
2025;10;14;96;98.20;98.20;
*
