MARGINALPIBC;
2025;08;10;1;94.93;94.93;
2025;08;10;2;90.70;90.70;
2025;08;10;3;88.09;88.09;
2025;08;10;4;81.72;81.72;
2025;08;10;5;84.73;84.73;
2025;08;10;6;81.15;81.15;
2025;08;10;7;79.44;79.44;
2025;08;10;8;78.43;78.43;
2025;08;10;9;79.00;79.00;
2025;08;10;10;79.00;79.00;
2025;08;10;11;76.49;76.49;
2025;08;10;12;75.05;75.05;
2025;08;10;13;76.39;76.39;
2025;08;10;14;75.02;75.02;
2025;08;10;15;75.02;75.02;
2025;08;10;16;75.00;75.00;
2025;08;10;17;79.28;79.28;
2025;08;10;18;80.00;80.00;
2025;08;10;19;80.49;80.49;
2025;08;10;20;81.15;81.15;
2025;08;10;21;81.88;81.88;
2025;08;10;22;82.94;82.94;
2025;08;10;23;84.50;84.50;
2025;08;10;24;85.50;85.50;
2025;08;10;25;86.34;86.34;
2025;08;10;26;87.89;87.89;
2025;08;10;27;89.28;89.28;
2025;08;10;28;89.52;89.52;
2025;08;10;29;88.10;88.10;
2025;08;10;30;85.50;85.50;
2025;08;10;31;83.62;83.62;
2025;08;10;32;79.28;79.28;
2025;08;10;33;86.24;86.24;
2025;08;10;34;59.09;59.09;
2025;08;10;35;38.83;14.90;
2025;08;10;36;37.70;-.83;
2025;08;10;37;24.22;24.22;
2025;08;10;38;2.68;2.68;
2025;08;10;39;1.10;-6.08;
2025;08;10;40;0.10;-20.83;
2025;08;10;41;3.52;3.52;
2025;08;10;42;0.00;-.01;
2025;08;10;43;0.00;-7.00;
2025;08;10;44;0.00;-8.00;
2025;08;10;45;4.31;-.18;
2025;08;10;46;0.00;-7.71;
2025;08;10;47;0.00;-8.00;
2025;08;10;48;0.00;-8.00;
2025;08;10;49;4.31;-5.20;
2025;08;10;50;0.00;-6.00;
2025;08;10;51;0.00;-6.00;
2025;08;10;52;0.00;-4.12;
2025;08;10;53;0.38;-3.62;
2025;08;10;54;0.00;-3.12;
2025;08;10;55;-0.62;-.82;
2025;08;10;56;-0.62;-.62;
2025;08;10;57;0.00;-.60;
2025;08;10;58;-0.60;-.60;
2025;08;10;59;-0.60;-.60;
2025;08;10;60;-0.60;-.60;
2025;08;10;61;-0.60;-5.00;
2025;08;10;62;0.00;-5.00;
2025;08;10;63;-0.60;-5.00;
2025;08;10;64;-0.60;-.80;
2025;08;10;65;-0.40;-3.62;
2025;08;10;66;-0.40;-3.01;
2025;08;10;67;0.00;.00;
2025;08;10;68;3.33;3.33;
2025;08;10;69;2.82;-20.78;
2025;08;10;70;3.42;-8.00;
2025;08;10;71;4.31;4.31;
2025;08;10;72;11.72;11.72;
2025;08;10;73;22.20;-7.00;
2025;08;10;74;28.20;2.24;
2025;08;10;75;31.50;26.50;
2025;08;10;76;95.50;61.32;
2025;08;10;77;37.70;19.01;
2025;08;10;78;59.23;59.23;
2025;08;10;79;88.82;88.82;
2025;08;10;80;99.83;99.83;
2025;08;10;81;62.67;62.67;
2025;08;10;82;86.58;86.58;
2025;08;10;83;103.53;103.53;
2025;08;10;84;115.29;115.29;
2025;08;10;85;115.00;115.00;
2025;08;10;86;120.32;120.32;
2025;08;10;87;122.01;122.01;
2025;08;10;88;122.01;122.01;
2025;08;10;89;124.10;124.10;
2025;08;10;90;125.15;125.15;
2025;08;10;91;121.93;121.93;
2025;08;10;92;120.00;120.00;
2025;08;10;93;107.98;107.98;
2025;08;10;94;104.57;104.57;
2025;08;10;95;100.10;100.10;
2025;08;10;96;96.03;96.03;
*
