MARGINALPIBC;
2026;01;28;1;3.78;3.78;
2026;01;28;2;3.78;3.78;
2026;01;28;3;3.78;3.78;
2026;01;28;4;3.77;3.77;
2026;01;28;5;3.63;3.63;
2026;01;28;6;3.78;3.78;
2026;01;28;7;3.78;3.78;
2026;01;28;8;3.59;3.59;
2026;01;28;9;2.72;2.72;
2026;01;28;10;1.98;1.98;
2026;01;28;11;1.98;1.98;
2026;01;28;12;1.98;1.98;
2026;01;28;13;1.98;1.98;
2026;01;28;14;1.98;1.98;
2026;01;28;15;1.98;1.98;
2026;01;28;16;1.98;1.98;
2026;01;28;17;1.98;1.98;
2026;01;28;18;1.98;1.98;
2026;01;28;19;2.97;2.97;
2026;01;28;20;3.78;3.78;
2026;01;28;21;2.77;2.77;
2026;01;28;22;3.78;3.78;
2026;01;28;23;3.78;3.78;
2026;01;28;24;3.78;3.78;
2026;01;28;25;3.78;3.78;
2026;01;28;26;5.21;5.21;
2026;01;28;27;14.45;14.45;
2026;01;28;28;24.20;24.20;
2026;01;28;29;25.78;29.28;
2026;01;28;30;27.36;56.40;
2026;01;28;31;20.77;70.00;
2026;01;28;32;34.00;79.00;
2026;01;28;33;45.70;89.00;
2026;01;28;34;55.43;105.00;
2026;01;28;35;64.04;110.28;
2026;01;28;36;66.51;110.40;
2026;01;28;37;79.01;115.00;
2026;01;28;38;83.61;108.61;
2026;01;28;39;100.00;100.00;
2026;01;28;40;83.93;83.93;
2026;01;28;41;60.00;100.00;
2026;01;28;42;55.01;87.06;
2026;01;28;43;44.23;89.23;
2026;01;28;44;45.01;60.43;
2026;01;28;45;63.86;63.86;
2026;01;28;46;55.01;55.01;
2026;01;28;47;35.39;35.39;
2026;01;28;48;27.36;27.36;
2026;01;28;49;27.36;27.36;
2026;01;28;50;27.36;27.36;
2026;01;28;51;26.05;26.05;
2026;01;28;52;29.89;29.89;
2026;01;28;53;25.01;25.01;
2026;01;28;54;25.01;25.01;
2026;01;28;55;20.01;20.01;
2026;01;28;56;19.10;19.10;
2026;01;28;57;14.15;14.15;
2026;01;28;58;14.00;14.00;
2026;01;28;59;14.00;14.00;
2026;01;28;60;12.58;12.58;
2026;01;28;61;3.98;3.98;
2026;01;28;62;4.28;4.28;
2026;01;28;63;7.26;7.26;
2026;01;28;64;13.78;13.78;
2026;01;28;65;5.01;5.01;
2026;01;28;66;14.00;14.00;
2026;01;28;67;24.20;24.20;
2026;01;28;68;27.36;27.36;
2026;01;28;69;20.31;20.31;
2026;01;28;70;25.78;25.78;
2026;01;28;71;28.65;38.54;
2026;01;28;72;11.63;64.20;
2026;01;28;73;39.62;39.62;
2026;01;28;74;45.99;53.50;
2026;01;28;75;55.55;64.20;
2026;01;28;76;54.00;73.00;
2026;01;28;77;53.74;70.24;
2026;01;28;78;70.00;75.00;
2026;01;28;79;74.11;77.11;
2026;01;28;80;77.56;77.56;
2026;01;28;81;69.10;85.10;
2026;01;28;82;72.00;90.00;
2026;01;28;83;70.00;88.00;
2026;01;28;84;64.00;82.00;
2026;01;28;85;69.61;77.51;
2026;01;28;86;65.30;78.30;
2026;01;28;87;52.50;69.20;
2026;01;28;88;55.55;57.75;
2026;01;28;89;32.60;61.60;
2026;01;28;90;27.36;55.00;
2026;01;28;91;27.36;27.51;
2026;01;28;92;25.01;25.01;
2026;01;28;93;25.78;25.78;
2026;01;28;94;23.70;23.70;
2026;01;28;95;14.00;14.00;
2026;01;28;96;5.20;5.20;
*
