MARGINALPIBC;
2026;04;25;1;104.05;104.05;
2026;04;25;2;104.00;104.00;
2026;04;25;3;103.02;103.02;
2026;04;25;4;99.00;99.00;
2026;04;25;5;99.37;99.37;
2026;04;25;6;97.50;97.50;
2026;04;25;7;96.02;96.02;
2026;04;25;8;95.52;95.52;
2026;04;25;9;98.57;98.57;
2026;04;25;10;97.87;97.87;
2026;04;25;11;97.79;97.79;
2026;04;25;12;98.64;98.64;
2026;04;25;13;99.00;99.00;
2026;04;25;14;98.62;98.62;
2026;04;25;15;98.57;98.57;
2026;04;25;16;98.03;98.03;
2026;04;25;17;98.62;98.62;
2026;04;25;18;98.52;98.52;
2026;04;25;19;98.62;98.62;
2026;04;25;20;98.93;98.93;
2026;04;25;21;99.00;99.00;
2026;04;25;22;100.00;100.00;
2026;04;25;23;99.37;99.37;
2026;04;25;24;99.00;99.00;
2026;04;25;25;99.40;99.40;
2026;04;25;26;99.32;99.32;
2026;04;25;27;99.40;99.40;
2026;04;25;28;99.04;99.04;
2026;04;25;29;100.52;100.52;
2026;04;25;30;100.69;100.69;
2026;04;25;31;101.41;101.41;
2026;04;25;32;101.02;101.02;
2026;04;25;33;102.46;102.46;
2026;04;25;34;100.78;100.78;
2026;04;25;35;79.99;79.99;
2026;04;25;36;57.49;57.49;
2026;04;25;37;57.28;57.28;
2026;04;25;38;36.67;36.67;
2026;04;25;39;19.71;19.71;
2026;04;25;40;6.22;6.22;
2026;04;25;41;12.06;12.06;
2026;04;25;42;4.01;4.01;
2026;04;25;43;2.00;2.00;
2026;04;25;44;1.54;.84;
2026;04;25;45;2.85;.34;
2026;04;25;46;2.52;-6.00;
2026;04;25;47;2.02;-4.03;
2026;04;25;48;2.01;-.82;
2026;04;25;49;2.00;-.50;
2026;04;25;50;2.00;-4.99;
2026;04;25;51;2.00;-7.00;
2026;04;25;52;2.00;.00;
2026;04;25;53;2.00;-4.50;
2026;04;25;54;2.00;-7.00;
2026;04;25;55;2.00;-7.08;
2026;04;25;56;2.00;.00;
2026;04;25;57;2.00;.00;
2026;04;25;58;2.00;.00;
2026;04;25;59;2.00;.00;
2026;04;25;60;2.00;-.01;
2026;04;25;61;2.00;.00;
2026;04;25;62;2.00;.00;
2026;04;25;63;2.00;.00;
2026;04;25;64;2.00;-.01;
2026;04;25;65;2.00;.00;
2026;04;25;66;2.00;.00;
2026;04;25;67;2.00;-4.50;
2026;04;25;68;2.00;-1.25;
2026;04;25;69;2.01;-.59;
2026;04;25;70;2.01;.66;
2026;04;25;71;2.52;.13;
2026;04;25;72;6.67;6.67;
2026;04;25;73;1.50;1.50;
2026;04;25;74;12.12;12.12;
2026;04;25;75;20.02;20.02;
2026;04;25;76;38.91;38.91;
2026;04;25;77;39.00;39.00;
2026;04;25;78;60.99;60.99;
2026;04;25;79;69.00;69.00;
2026;04;25;80;101.92;101.92;
2026;04;25;81;78.00;78.00;
2026;04;25;82;101.02;101.02;
2026;04;25;83;105.67;105.67;
2026;04;25;84;107.34;107.34;
2026;04;25;85;105.20;105.20;
2026;04;25;86;105.66;105.66;
2026;04;25;87;105.20;105.20;
2026;04;25;88;104.40;104.40;
2026;04;25;89;101.71;101.71;
2026;04;25;90;102.22;102.22;
2026;04;25;91;102.77;102.77;
2026;04;25;92;102.47;102.47;
2026;04;25;93;101.92;101.92;
2026;04;25;94;102.76;102.76;
2026;04;25;95;102.35;102.35;
2026;04;25;96;101.02;101.02;
*
