MARGINALPIBC;
2025;10;19;1;90.00;90.00;
2025;10;19;2;89.25;89.25;
2025;10;19;3;83.60;83.60;
2025;10;19;4;80.93;80.93;
2025;10;19;5;80.05;80.05;
2025;10;19;6;75.77;75.77;
2025;10;19;7;70.82;70.82;
2025;10;19;8;68.98;68.98;
2025;10;19;9;75.45;75.45;
2025;10;19;10;66.01;66.01;
2025;10;19;11;60.38;60.38;
2025;10;19;12;49.43;49.43;
2025;10;19;13;54.01;54.01;
2025;10;19;14;39.44;39.44;
2025;10;19;15;38.71;38.71;
2025;10;19;16;35.01;35.01;
2025;10;19;17;38.75;38.75;
2025;10;19;18;36.64;36.64;
2025;10;19;19;35.01;35.01;
2025;10;19;20;34.94;34.94;
2025;10;19;21;37.93;37.93;
2025;10;19;22;34.56;34.56;
2025;10;19;23;34.18;34.18;
2025;10;19;24;34.55;34.55;
2025;10;19;25;34.68;34.68;
2025;10;19;26;34.94;34.94;
2025;10;19;27;34.69;34.69;
2025;10;19;28;34.68;34.68;
2025;10;19;29;30.40;30.40;
2025;10;19;30;31.21;31.21;
2025;10;19;31;33.21;33.21;
2025;10;19;32;32.07;32.07;
2025;10;19;33;35.40;35.40;
2025;10;19;34;28.87;28.87;
2025;10;19;35;30.00;30.00;
2025;10;19;36;31.00;31.00;
2025;10;19;37;45.01;45.01;
2025;10;19;38;35.54;35.54;
2025;10;19;39;30.16;30.16;
2025;10;19;40;5.70;5.70;
2025;10;19;41;17.80;17.80;
2025;10;19;42;4.01;4.01;
2025;10;19;43;2.41;2.41;
2025;10;19;44;0.00;.00;
2025;10;19;45;-0.45;-.45;
2025;10;19;46;-0.45;-.45;
2025;10;19;47;-1.01;-1.01;
2025;10;19;48;-3.62;-3.62;
2025;10;19;49;-0.45;-.45;
2025;10;19;50;-1.01;-1.01;
2025;10;19;51;-1.01;-1.01;
2025;10;19;52;-2.50;-2.50;
2025;10;19;53;-0.45;-.45;
2025;10;19;54;-2.50;-2.50;
2025;10;19;55;-0.45;-.45;
2025;10;19;56;-2.50;-2.50;
2025;10;19;57;-2.50;-2.50;
2025;10;19;58;-2.50;-2.50;
2025;10;19;59;-2.50;-2.50;
2025;10;19;60;-3.00;-3.00;
2025;10;19;61;-4.12;-4.12;
2025;10;19;62;-4.12;-4.12;
2025;10;19;63;-3.62;-3.62;
2025;10;19;64;-3.62;-3.62;
2025;10;19;65;-5.00;-5.00;
2025;10;19;66;-3.62;-3.62;
2025;10;19;67;-2.99;-2.99;
2025;10;19;68;-1.01;-1.01;
2025;10;19;69;0.35;.35;
2025;10;19;70;1.72;1.72;
2025;10;19;71;3.52;3.52;
2025;10;19;72;8.01;8.01;
2025;10;19;73;7.28;7.28;
2025;10;19;74;33.78;33.78;
2025;10;19;75;51.40;51.40;
2025;10;19;76;76.85;76.85;
2025;10;19;77;66.65;66.65;
2025;10;19;78;70.01;70.01;
2025;10;19;79;79.19;79.19;
2025;10;19;80;82.10;82.10;
2025;10;19;81;80.01;80.01;
2025;10;19;82;81.08;81.08;
2025;10;19;83;79.52;79.52;
2025;10;19;84;78.45;78.45;
2025;10;19;85;85.94;85.94;
2025;10;19;86;85.81;85.81;
2025;10;19;87;85.27;85.27;
2025;10;19;88;82.73;82.73;
2025;10;19;89;78.15;78.15;
2025;10;19;90;70.40;70.40;
2025;10;19;91;70.01;70.01;
2025;10;19;92;60.30;60.30;
2025;10;19;93;70.01;70.01;
2025;10;19;94;70.01;70.01;
2025;10;19;95;65.49;65.49;
2025;10;19;96;50.00;50.00;
*
