MARGINALPIBC;
2025;12;02;1;84.40;84.40;
2025;12;02;2;84.66;84.66;
2025;12;02;3;84.29;84.29;
2025;12;02;4;82.84;82.84;
2025;12;02;5;85.34;85.34;
2025;12;02;6;83.90;83.90;
2025;12;02;7;80.70;80.70;
2025;12;02;8;80.17;80.17;
2025;12;02;9;81.41;81.41;
2025;12;02;10;80.70;80.70;
2025;12;02;11;80.17;80.17;
2025;12;02;12;80.70;80.70;
2025;12;02;13;80.00;80.00;
2025;12;02;14;79.40;79.40;
2025;12;02;15;79.40;79.40;
2025;12;02;16;80.70;80.70;
2025;12;02;17;80.70;80.70;
2025;12;02;18;80.46;80.46;
2025;12;02;19;81.71;81.71;
2025;12;02;20;81.71;81.71;
2025;12;02;21;84.00;84.00;
2025;12;02;22;85.18;85.18;
2025;12;02;23;81.58;81.58;
2025;12;02;24;81.81;81.81;
2025;12;02;25;81.71;81.71;
2025;12;02;26;80.15;80.15;
2025;12;02;27;83.37;83.37;
2025;12;02;28;84.88;84.88;
2025;12;02;29;84.26;84.26;
2025;12;02;30;86.80;86.80;
2025;12;02;31;87.83;87.83;
2025;12;02;32;90.16;90.16;
2025;12;02;33;87.60;87.60;
2025;12;02;34;88.48;88.48;
2025;12;02;35;89.08;89.08;
2025;12;02;36;88.84;88.84;
2025;12;02;37;88.30;88.30;
2025;12;02;38;87.60;87.60;
2025;12;02;39;84.09;84.09;
2025;12;02;40;79.48;79.48;
2025;12;02;41;87.64;87.64;
2025;12;02;42;83.80;83.80;
2025;12;02;43;83.00;83.00;
2025;12;02;44;80.14;80.14;
2025;12;02;45;82.00;82.00;
2025;12;02;46;80.94;80.94;
2025;12;02;47;79.44;79.44;
2025;12;02;48;78.64;78.64;
2025;12;02;49;82.74;82.74;
2025;12;02;50;80.73;80.73;
2025;12;02;51;80.73;80.73;
2025;12;02;52;78.80;78.80;
2025;12;02;53;80.00;80.00;
2025;12;02;54;79.25;79.25;
2025;12;02;55;77.06;77.06;
2025;12;02;56;76.41;76.41;
2025;12;02;57;77.06;77.06;
2025;12;02;58;76.42;76.42;
2025;12;02;59;77.06;77.06;
2025;12;02;60;78.19;78.19;
2025;12;02;61;78.19;78.19;
2025;12;02;62;82.00;82.00;
2025;12;02;63;82.24;82.24;
2025;12;02;64;85.42;85.42;
2025;12;02;65;79.79;79.79;
2025;12;02;66;83.00;83.00;
2025;12;02;67;83.88;83.88;
2025;12;02;68;86.95;86.95;
2025;12;02;69;90.18;90.18;
2025;12;02;70;92.56;92.56;
2025;12;02;71;110.59;110.59;
2025;12;02;72;117.27;117.27;
2025;12;02;73;103.02;103.02;
2025;12;02;74;119.18;119.18;
2025;12;02;75;120.34;120.34;
2025;12;02;76;133.06;133.06;
2025;12;02;77;117.25;117.25;
2025;12;02;78;117.27;117.27;
2025;12;02;79;115.55;115.55;
2025;12;02;80;114.98;114.98;
2025;12;02;81;113.50;113.50;
2025;12;02;82;110.75;110.75;
2025;12;02;83;104.67;104.67;
2025;12;02;84;98.57;98.57;
2025;12;02;85;101.22;101.22;
2025;12;02;86;92.77;92.77;
2025;12;02;87;88.49;88.49;
2025;12;02;88;85.12;85.12;
2025;12;02;89;87.11;87.11;
2025;12;02;90;85.85;85.85;
2025;12;02;91;84.88;84.88;
2025;12;02;92;80.00;80.00;
2025;12;02;93;90.01;90.01;
2025;12;02;94;84.05;84.05;
2025;12;02;95;83.46;83.46;
2025;12;02;96;82.25;82.25;
*
