MARGINALPIBC;
2026;04;05;1;61.20;61.20;
2026;04;05;2;60.90;60.90;
2026;04;05;3;52.43;52.43;
2026;04;05;4;47.34;47.34;
2026;04;05;5;38.31;38.31;
2026;04;05;6;34.92;34.92;
2026;04;05;7;30.01;30.01;
2026;04;05;8;25.30;25.30;
2026;04;05;9;30.01;30.01;
2026;04;05;10;20.26;20.26;
2026;04;05;11;20.00;20.00;
2026;04;05;12;17.61;17.61;
2026;04;05;13;25.30;25.30;
2026;04;05;14;20.26;20.26;
2026;04;05;15;20.26;20.26;
2026;04;05;16;20.26;20.26;
2026;04;05;17;20.26;20.26;
2026;04;05;18;20.00;20.00;
2026;04;05;19;20.00;20.00;
2026;04;05;20;20.26;20.26;
2026;04;05;21;17.50;17.50;
2026;04;05;22;17.50;17.50;
2026;04;05;23;17.61;17.61;
2026;04;05;24;20.00;20.00;
2026;04;05;25;15.08;15.08;
2026;04;05;26;17.61;17.61;
2026;04;05;27;20.26;20.26;
2026;04;05;28;20.26;20.26;
2026;04;05;29;27.01;27.01;
2026;04;05;30;27.01;27.01;
2026;04;05;31;30.00;30.00;
2026;04;05;32;30.01;30.01;
2026;04;05;33;56.19;56.19;
2026;04;05;34;40.00;40.00;
2026;04;05;35;27.70;27.70;
2026;04;05;36;8.00;8.00;
2026;04;05;37;-2.72;-2.72;
2026;04;05;38;-7.91;-7.91;
2026;04;05;39;-8.68;-8.68;
2026;04;05;40;-6.95;-6.95;
2026;04;05;41;-7.43;-7.43;
2026;04;05;42;-7.43;-7.43;
2026;04;05;43;-7.43;-7.43;
2026;04;05;44;-8.68;-8.68;
2026;04;05;45;-6.95;-6.95;
2026;04;05;46;-6.95;-10.91;
2026;04;05;47;-6.95;-15.00;
2026;04;05;48;-7.19;-18.91;
2026;04;05;49;-6.95;-11.23;
2026;04;05;50;-6.95;-15.00;
2026;04;05;51;-6.95;-15.00;
2026;04;05;52;-6.95;-15.00;
2026;04;05;53;-6.95;-15.00;
2026;04;05;54;-6.95;-15.00;
2026;04;05;55;-7.43;-15.00;
2026;04;05;56;-8.68;-15.00;
2026;04;05;57;-6.95;-16.39;
2026;04;05;58;-7.43;-15.00;
2026;04;05;59;-8.68;-15.00;
2026;04;05;60;-8.69;-15.00;
2026;04;05;61;-8.69;-18.77;
2026;04;05;62;-8.68;-22.51;
2026;04;05;63;-8.68;-23.51;
2026;04;05;64;-8.68;-23.87;
2026;04;05;65;-8.68;-29.50;
2026;04;05;66;-7.55;-27.52;
2026;04;05;67;-8.68;-26.75;
2026;04;05;68;-8.69;-22.90;
2026;04;05;69;-8.69;-21.13;
2026;04;05;70;-8.69;-15.00;
2026;04;05;71;-8.68;-8.68;
2026;04;05;72;-7.10;-7.10;
2026;04;05;73;-6.95;-6.95;
2026;04;05;74;-5.00;-5.00;
2026;04;05;75;-2.97;-2.97;
2026;04;05;76;-1.99;-1.99;
2026;04;05;77;-1.79;-1.79;
2026;04;05;78;-0.02;-.02;
2026;04;05;79;7.33;7.33;
2026;04;05;80;42.52;42.52;
2026;04;05;81;51.01;60.20;
2026;04;05;82;43.50;73.55;
2026;04;05;83;47.65;79.52;
2026;04;05;84;69.52;81.02;
2026;04;05;85;72.52;83.83;
2026;04;05;86;78.97;79.22;
2026;04;05;87;75.97;75.97;
2026;04;05;88;64.01;64.01;
2026;04;05;89;71.88;82.94;
2026;04;05;90;69.00;79.85;
2026;04;05;91;70.32;90.00;
2026;04;05;92;65.43;80.71;
2026;04;05;93;64.32;81.02;
2026;04;05;94;49.11;72.45;
2026;04;05;95;43.60;64.24;
2026;04;05;96;35.06;60.90;
*
