MARGINALPIBC;
2025;01;17;1;121.33;121.33;
2025;01;17;2;118.66;118.66;
2025;01;17;3;116.20;116.20;
2025;01;17;4;113.49;113.49;
2025;01;17;5;113.26;113.26;
2025;01;17;6;116.39;116.39;
2025;01;17;7;136.10;136.10;
2025;01;17;8;149.34;149.34;
2025;01;17;9;143.72;197.00;
2025;01;17;10;148.12;148.12;
2025;01;17;11;123.89;123.89;
2025;01;17;12;111.44;111.44;
2025;01;17;13;112.70;112.70;
2025;01;17;14;108.50;108.50;
2025;01;17;15;104.87;104.87;
2025;01;17;16;110.00;110.00;
2025;01;17;17;113.29;113.29;
2025;01;17;18;145.15;145.15;
2025;01;17;19;175.02;175.02;
2025;01;17;20;175.45;175.45;
2025;01;17;21;157.93;157.93;
2025;01;17;22;153.29;153.29;
2025;01;17;23;153.27;142.28;
2025;01;17;24;137.34;137.34;
*
