MARGINALPIBC;
2026;03;11;1;122.75;122.75;
2026;03;11;2;119.73;119.73;
2026;03;11;3;119.69;119.69;
2026;03;11;4;119.69;119.69;
2026;03;11;5;118.65;118.65;
2026;03;11;6;110.58;115.05;
2026;03;11;7;105.51;107.41;
2026;03;11;8;97.72;97.72;
2026;03;11;9;115.28;115.28;
2026;03;11;10;110.61;110.61;
2026;03;11;11;110.01;110.01;
2026;03;11;12;103.09;103.09;
2026;03;11;13;110.93;110.93;
2026;03;11;14;107.00;107.00;
2026;03;11;15;105.45;105.45;
2026;03;11;16;105.23;105.23;
2026;03;11;17;105.00;105.00;
2026;03;11;18;104.32;104.32;
2026;03;11;19;105.52;105.52;
2026;03;11;20;110.53;110.53;
2026;03;11;21;108.00;108.00;
2026;03;11;22;113.58;113.58;
2026;03;11;23;115.45;115.45;
2026;03;11;24;116.38;116.38;
2026;03;11;25;109.24;109.24;
2026;03;11;26;110.81;110.81;
2026;03;11;27;116.98;116.98;
2026;03;11;28;118.45;118.45;
2026;03;11;29;123.79;123.79;
2026;03;11;30;123.79;123.79;
2026;03;11;31;127.53;127.53;
2026;03;11;32;129.06;129.06;
2026;03;11;33;123.79;123.79;
2026;03;11;34;123.79;123.79;
2026;03;11;35;107.02;107.02;
2026;03;11;36;80.30;80.30;
2026;03;11;37;101.54;101.54;
2026;03;11;38;95.00;95.00;
2026;03;11;39;65.00;65.00;
2026;03;11;40;41.00;41.00;
2026;03;11;41;57.00;57.00;
2026;03;11;42;36.00;36.00;
2026;03;11;43;31.00;25.00;
2026;03;11;44;29.98;20.00;
2026;03;11;45;25.00;25.00;
2026;03;11;46;16.84;16.84;
2026;03;11;47;18.19;18.19;
2026;03;11;48;10.25;10.25;
2026;03;11;49;10.25;10.25;
2026;03;11;50;10.10;10.10;
2026;03;11;51;10.25;10.25;
2026;03;11;52;10.25;10.25;
2026;03;11;53;17.10;17.10;
2026;03;11;54;13.57;13.57;
2026;03;11;55;18.45;18.45;
2026;03;11;56;24.79;24.79;
2026;03;11;57;19.30;19.30;
2026;03;11;58;29.55;29.55;
2026;03;11;59;29.22;29.22;
2026;03;11;60;28.61;28.61;
2026;03;11;61;30.00;30.00;
2026;03;11;62;30.00;30.00;
2026;03;11;63;32.90;32.90;
2026;03;11;64;41.66;41.66;
2026;03;11;65;33.00;33.00;
2026;03;11;66;38.86;38.86;
2026;03;11;67;50.00;50.00;
2026;03;11;68;60.00;60.00;
2026;03;11;69;50.01;50.01;
2026;03;11;70;85.64;85.64;
2026;03;11;71;88.20;88.20;
2026;03;11;72;109.51;109.51;
2026;03;11;73;85.34;85.34;
2026;03;11;74;115.01;115.01;
2026;03;11;75;130.98;130.98;
2026;03;11;76;142.22;155.14;
2026;03;11;77;147.35;153.50;
2026;03;11;78;147.35;156.92;
2026;03;11;79;154.29;155.00;
2026;03;11;80;156.46;163.07;
2026;03;11;81;157.64;200.00;
2026;03;11;82;175.12;233.33;
2026;03;11;83;175.12;233.33;
2026;03;11;84;175.12;208.83;
2026;03;11;85;163.27;180.85;
2026;03;11;86;160.58;163.74;
2026;03;11;87;154.17;142.62;
2026;03;11;88;157.14;113.54;
2026;03;11;89;140.25;140.25;
2026;03;11;90;137.51;137.51;
2026;03;11;91;124.39;124.39;
2026;03;11;92;112.45;112.45;
2026;03;11;93;126.50;126.50;
2026;03;11;94;125.01;125.01;
2026;03;11;95;118.65;118.65;
2026;03;11;96;105.52;105.52;
*
