MARGINALPIBC;
2025;01;02;1;133.28;133.28;
2025;01;02;2;128.03;113.17;
2025;01;02;3;113.30;103.01;
2025;01;02;4;113.30;101.46;
2025;01;02;5;113.30;101.32;
2025;01;02;6;113.30;103.08;
2025;01;02;7;124.05;124.05;
2025;01;02;8;147.20;147.20;
2025;01;02;9;156.03;156.03;
2025;01;02;10;152.16;152.16;
2025;01;02;11;131.36;131.36;
2025;01;02;12;125.87;125.87;
2025;01;02;13;125.72;125.72;
2025;01;02;14;119.30;119.30;
2025;01;02;15;125.39;125.39;
2025;01;02;16;130.20;130.20;
2025;01;02;17;140.61;140.61;
2025;01;02;18;157.30;157.30;
2025;01;02;19;160.40;160.40;
2025;01;02;20;163.99;163.99;
2025;01;02;21;163.12;163.12;
2025;01;02;22;158.34;158.34;
2025;01;02;23;148.16;148.16;
2025;01;02;24;140.00;140.00;
*
