MARGINALPIBC;
2026;05;28;1;113.70;113.70;
2026;05;28;2;110.92;110.92;
2026;05;28;3;108.12;108.12;
2026;05;28;4;107.60;107.60;
2026;05;28;5;108.36;108.36;
2026;05;28;6;107.92;107.92;
2026;05;28;7;107.88;107.88;
2026;05;28;8;106.65;106.65;
2026;05;28;9;108.16;108.16;
2026;05;28;10;108.16;108.16;
2026;05;28;11;108.02;108.02;
2026;05;28;12;107.87;107.87;
2026;05;28;13;107.87;107.87;
2026;05;28;14;107.87;107.87;
2026;05;28;15;108.16;108.16;
2026;05;28;16;108.16;108.16;
2026;05;28;17;108.16;108.16;
2026;05;28;18;108.16;108.16;
2026;05;28;19;108.37;108.37;
2026;05;28;20;108.38;108.38;
2026;05;28;21;107.87;107.87;
2026;05;28;22;108.32;108.32;
2026;05;28;23;110.91;110.91;
2026;05;28;24;112.50;112.50;
2026;05;28;25;114.07;114.07;
2026;05;28;26;119.92;119.92;
2026;05;28;27;119.57;119.57;
2026;05;28;28;121.30;121.30;
2026;05;28;29;123.92;123.92;
2026;05;28;30;124.00;124.00;
2026;05;28;31;116.09;116.09;
2026;05;28;32;107.52;107.52;
2026;05;28;33;115.15;115.15;
2026;05;28;34;108.48;108.48;
2026;05;28;35;104.18;104.18;
2026;05;28;36;76.39;76.39;
2026;05;28;37;94.95;94.95;
2026;05;28;38;69.04;69.04;
2026;05;28;39;50.60;50.60;
2026;05;28;40;35.14;35.14;
2026;05;28;41;48.80;48.80;
2026;05;28;42;31.14;31.14;
2026;05;28;43;20.34;20.34;
2026;05;28;44;15.05;15.05;
2026;05;28;45;10.75;10.75;
2026;05;28;46;2.00;2.00;
2026;05;28;47;1.01;.84;
2026;05;28;48;13.20;.00;
2026;05;28;49;0.40;.40;
2026;05;28;50;13.20;.00;
2026;05;28;51;13.20;.00;
2026;05;28;52;7.00;-.05;
2026;05;28;53;0.21;.21;
2026;05;28;54;0.16;.01;
2026;05;28;55;0.00;.00;
2026;05;28;56;0.01;.01;
2026;05;28;57;0.00;.00;
2026;05;28;58;0.00;.00;
2026;05;28;59;0.01;.01;
2026;05;28;60;0.22;.22;
2026;05;28;61;0.50;.50;
2026;05;28;62;0.84;.84;
2026;05;28;63;3.68;3.68;
2026;05;28;64;7.22;7.22;
2026;05;28;65;9.93;9.93;
2026;05;28;66;12.74;12.74;
2026;05;28;67;20.79;20.79;
2026;05;28;68;22.60;22.60;
2026;05;28;69;23.15;23.15;
2026;05;28;70;26.02;26.02;
2026;05;28;71;34.90;34.90;
2026;05;28;72;44.15;44.15;
2026;05;28;73;55.00;55.00;
2026;05;28;74;73.70;73.70;
2026;05;28;75;81.42;81.42;
2026;05;28;76;83.81;83.81;
2026;05;28;77;78.01;78.01;
2026;05;28;78;82.49;82.49;
2026;05;28;79;102.60;102.60;
2026;05;28;80;106.50;106.50;
2026;05;28;81;103.90;103.90;
2026;05;28;82;117.68;117.68;
2026;05;28;83;125.70;125.70;
2026;05;28;84;145.41;145.41;
2026;05;28;85;142.62;142.62;
2026;05;28;86;155.01;155.01;
2026;05;28;87;165.01;165.01;
2026;05;28;88;149.87;149.87;
2026;05;28;89;164.62;170.02;
2026;05;28;90;147.08;147.08;
2026;05;28;91;152.87;152.87;
2026;05;28;92;135.89;135.89;
2026;05;28;93;137.78;138.28;
2026;05;28;94;129.48;129.48;
2026;05;28;95;128.31;128.31;
2026;05;28;96;127.93;127.93;
*
