MARGINALPIBC;
2026;03;30;1;0.70;.70;
2026;03;30;2;0.70;.70;
2026;03;30;3;0.50;.50;
2026;03;30;4;0.10;.10;
2026;03;30;5;0.10;.10;
2026;03;30;6;0.10;.10;
2026;03;30;7;0.10;.10;
2026;03;30;8;0.10;.10;
2026;03;30;9;0.02;.02;
2026;03;30;10;0.10;.10;
2026;03;30;11;0.10;.10;
2026;03;30;12;0.00;.00;
2026;03;30;13;0.02;.02;
2026;03;30;14;0.02;.02;
2026;03;30;15;0.02;.02;
2026;03;30;16;0.00;.00;
2026;03;30;17;-0.49;-.49;
2026;03;30;18;0.00;.00;
2026;03;30;19;0.00;.00;
2026;03;30;20;0.02;.02;
2026;03;30;21;0.10;.10;
2026;03;30;22;0.10;.10;
2026;03;30;23;0.10;.10;
2026;03;30;24;0.10;.10;
2026;03;30;25;0.02;.02;
2026;03;30;26;0.70;.70;
2026;03;30;27;0.70;.70;
2026;03;30;28;0.70;.70;
2026;03;30;29;16.00;16.00;
2026;03;30;30;34.72;34.72;
2026;03;30;31;38.51;38.51;
2026;03;30;32;43.94;43.94;
2026;03;30;33;36.88;36.88;
2026;03;30;34;28.97;28.97;
2026;03;30;35;14.00;14.00;
2026;03;30;36;13.10;13.10;
2026;03;30;37;12.50;12.50;
2026;03;30;38;5.41;5.41;
2026;03;30;39;1.20;1.20;
2026;03;30;40;0.01;.01;
2026;03;30;41;0.00;.00;
2026;03;30;42;0.00;.00;
2026;03;30;43;-0.31;-.31;
2026;03;30;44;-0.71;-.71;
2026;03;30;45;-0.81;-.81;
2026;03;30;46;-0.81;-.81;
2026;03;30;47;-0.82;-.82;
2026;03;30;48;-0.95;-.95;
2026;03;30;49;0.10;-4.00;
2026;03;30;50;0.00;-6.99;
2026;03;30;51;0.10;-7.65;
2026;03;30;52;0.00;-3.51;
2026;03;30;53;0.00;-4.00;
2026;03;30;54;-0.03;-1.13;
2026;03;30;55;-0.40;-1.13;
2026;03;30;56;-0.40;-1.50;
2026;03;30;57;-0.40;-1.50;
2026;03;30;58;-1.50;-1.50;
2026;03;30;59;-0.41;-1.51;
2026;03;30;60;-0.41;-4.00;
2026;03;30;61;0.00;-4.00;
2026;03;30;62;1.20;-4.00;
2026;03;30;63;1.20;-4.00;
2026;03;30;64;1.20;-4.00;
2026;03;30;65;-0.40;-3.13;
2026;03;30;66;-0.39;-4.00;
2026;03;30;67;0.10;-9.04;
2026;03;30;68;0.10;-4.95;
2026;03;30;69;0.00;-.86;
2026;03;30;70;0.00;-.83;
2026;03;30;71;0.29;-.82;
2026;03;30;72;0.50;-4.00;
2026;03;30;73;-0.50;-.50;
2026;03;30;74;0.00;.00;
2026;03;30;75;0.00;.00;
2026;03;30;76;0.84;.84;
2026;03;30;77;0.84;.84;
2026;03;30;78;3.08;3.08;
2026;03;30;79;12.49;12.49;
2026;03;30;80;15.57;15.57;
2026;03;30;81;35.01;35.01;
2026;03;30;82;62.60;62.60;
2026;03;30;83;65.50;65.50;
2026;03;30;84;72.06;72.06;
2026;03;30;85;76.72;85.00;
2026;03;30;86;76.72;84.52;
2026;03;30;87;66.44;66.44;
2026;03;30;88;59.98;59.98;
2026;03;30;89;55.50;56.50;
2026;03;30;90;40.02;56.34;
2026;03;30;91;36.51;36.51;
2026;03;30;92;32.30;32.30;
2026;03;30;93;24.55;24.55;
2026;03;30;94;9.50;9.50;
2026;03;30;95;8.10;8.10;
2026;03;30;96;5.00;5.00;
*
