MARGINALPIBC;
2025;03;23;1;35.01;35.01;
2025;03;23;2;35.01;35.01;
2025;03;23;3;33.01;33.01;
2025;03;23;4;30.50;30.50;
2025;03;23;5;23.55;23.55;
2025;03;23;6;16.77;16.77;
2025;03;23;7;16.77;16.77;
2025;03;23;8;16.77;16.77;
2025;03;23;9;15.96;15.96;
2025;03;23;10;14.97;14.97;
2025;03;23;11;10.59;10.59;
2025;03;23;12;9.98;9.98;
2025;03;23;13;7.60;7.60;
2025;03;23;14;5.10;5.10;
2025;03;23;15;5.10;5.10;
2025;03;23;16;5.08;5.08;
2025;03;23;17;6.50;6.50;
2025;03;23;18;6.50;6.50;
2025;03;23;19;4.49;4.49;
2025;03;23;20;4.25;4.25;
2025;03;23;21;4.73;4.73;
2025;03;23;22;4.37;4.37;
2025;03;23;23;3.74;3.74;
2025;03;23;24;3.74;3.74;
2025;03;23;25;5.05;5.05;
2025;03;23;26;5.05;5.05;
2025;03;23;27;5.10;5.10;
2025;03;23;28;5.10;5.10;
2025;03;23;29;0.10;.10;
2025;03;23;30;0.00;.00;
2025;03;23;31;0.00;.00;
2025;03;23;32;-0.10;-.10;
2025;03;23;33;7.40;7.40;
2025;03;23;34;2.40;2.40;
2025;03;23;35;-2.00;-2.00;
2025;03;23;36;-3.59;-3.59;
2025;03;23;37;3.52;3.52;
2025;03;23;38;3.52;3.52;
2025;03;23;39;3.52;3.52;
2025;03;23;40;0.00;.00;
2025;03;23;41;0.65;.65;
2025;03;23;42;0.15;.15;
2025;03;23;43;0.15;.15;
2025;03;23;44;0.00;.00;
2025;03;23;45;0.54;.54;
2025;03;23;46;0.04;.04;
2025;03;23;47;0.04;.04;
2025;03;23;48;0.00;.00;
2025;03;23;49;-0.01;-.01;
2025;03;23;50;-0.40;-.40;
2025;03;23;51;-0.40;-.40;
2025;03;23;52;-0.40;-.40;
2025;03;23;53;0.00;.00;
2025;03;23;54;0.00;.00;
2025;03;23;55;0.00;.00;
2025;03;23;56;0.00;.00;
2025;03;23;57;0.00;.00;
2025;03;23;58;0.00;.00;
2025;03;23;59;0.00;.00;
2025;03;23;60;-0.10;-.10;
2025;03;23;61;-0.50;-.50;
2025;03;23;62;-0.50;-.50;
2025;03;23;63;-0.50;-.50;
2025;03;23;64;-0.50;-.50;
2025;03;23;65;-0.48;-.48;
2025;03;23;66;-0.48;-.48;
2025;03;23;67;0.00;.00;
2025;03;23;68;0.02;.02;
2025;03;23;69;-3.00;-3.00;
2025;03;23;70;-0.49;-.49;
2025;03;23;71;3.52;3.52;
2025;03;23;72;3.78;3.78;
2025;03;23;73;19.75;19.75;
2025;03;23;74;35.01;35.01;
2025;03;23;75;47.97;47.97;
2025;03;23;76;50.71;50.71;
2025;03;23;77;14.17;108.00;
2025;03;23;78;39.73;110.17;
2025;03;23;79;53.52;117.00;
2025;03;23;80;84.73;109.62;
2025;03;23;81;140.73;140.73;
2025;03;23;82;126.40;126.40;
2025;03;23;83;126.02;126.02;
2025;03;23;84;125.42;125.42;
2025;03;23;85;125.01;125.01;
2025;03;23;86;111.62;111.62;
2025;03;23;87;111.50;111.50;
2025;03;23;88;109.15;109.15;
2025;03;23;89;101.84;101.84;
2025;03;23;90;101.59;101.59;
2025;03;23;91;100.00;100.00;
2025;03;23;92;98.94;98.94;
2025;03;23;93;63.12;63.12;
2025;03;23;94;63.11;63.11;
2025;03;23;95;63.11;63.11;
2025;03;23;96;63.11;63.11;
*
