MARGINALPIBC;
2025;01;26;1;21.00;40.80;
2025;01;26;2;26.49;35.20;
2025;01;26;3;24.70;26.70;
2025;01;26;4;22.00;28.04;
2025;01;26;5;21.21;26.21;
2025;01;26;6;20.95;26.10;
2025;01;26;7;24.20;31.65;
2025;01;26;8;22.00;26.03;
2025;01;26;9;24.54;26.54;
2025;01;26;10;25.00;31.76;
2025;01;26;11;25.95;42.00;
2025;01;26;12;24.99;49.54;
2025;01;26;13;4.14;18.00;
2025;01;26;14;4.14;18.19;
2025;01;26;15;4.14;14.49;
2025;01;26;16;4.14;14.92;
2025;01;26;17;11.44;28.44;
2025;01;26;18;23.19;40.19;
2025;01;26;19;20.00;54.48;
2025;01;26;20;20.00;57.71;
2025;01;26;21;21.00;52.39;
2025;01;26;22;26.49;46.75;
2025;01;26;23;26.49;45.35;
2025;01;26;24;20.00;39.31;
*
