MARGINALPIBC;
2026;04;10;1;59.70;59.70;
2026;04;10;2;56.20;56.20;
2026;04;10;3;52.12;52.12;
2026;04;10;4;39.05;39.05;
2026;04;10;5;44.90;44.90;
2026;04;10;6;39.90;39.90;
2026;04;10;7;39.64;39.64;
2026;04;10;8;39.51;39.51;
2026;04;10;9;38.90;38.90;
2026;04;10;10;35.00;35.00;
2026;04;10;11;37.61;37.61;
2026;04;10;12;35.00;35.00;
2026;04;10;13;37.77;37.77;
2026;04;10;14;37.77;37.77;
2026;04;10;15;38.90;38.90;
2026;04;10;16;38.90;38.90;
2026;04;10;17;38.90;38.90;
2026;04;10;18;38.90;38.90;
2026;04;10;19;39.89;39.89;
2026;04;10;20;39.90;39.90;
2026;04;10;21;39.89;39.89;
2026;04;10;22;40.00;40.00;
2026;04;10;23;56.91;56.91;
2026;04;10;24;67.21;67.21;
2026;04;10;25;45.90;45.90;
2026;04;10;26;56.01;56.01;
2026;04;10;27;59.74;59.74;
2026;04;10;28;70.20;70.20;
2026;04;10;29;53.58;53.58;
2026;04;10;30;72.48;72.48;
2026;04;10;31;82.17;88.60;
2026;04;10;32;85.03;95.20;
2026;04;10;33;95.75;98.65;
2026;04;10;34;89.31;89.31;
2026;04;10;35;76.03;76.03;
2026;04;10;36;50.01;50.01;
2026;04;10;37;82.81;82.81;
2026;04;10;38;71.78;71.78;
2026;04;10;39;50.30;50.30;
2026;04;10;40;23.67;23.67;
2026;04;10;41;18.90;18.90;
2026;04;10;42;5.01;5.01;
2026;04;10;43;10.28;10.28;
2026;04;10;44;4.40;4.40;
2026;04;10;45;3.08;3.08;
2026;04;10;46;3.08;3.08;
2026;04;10;47;2.00;2.00;
2026;04;10;48;1.50;1.50;
2026;04;10;49;0.84;.84;
2026;04;10;50;0.29;.29;
2026;04;10;51;0.01;.01;
2026;04;10;52;0.01;.01;
2026;04;10;53;0.01;.01;
2026;04;10;54;0.00;.00;
2026;04;10;55;0.00;.00;
2026;04;10;56;0.00;.00;
2026;04;10;57;0.01;.01;
2026;04;10;58;0.01;.01;
2026;04;10;59;0.00;.00;
2026;04;10;60;0.00;.00;
2026;04;10;61;0.01;.01;
2026;04;10;62;0.01;.01;
2026;04;10;63;0.00;.00;
2026;04;10;64;0.01;.01;
2026;04;10;65;0.00;.00;
2026;04;10;66;0.00;.00;
2026;04;10;67;0.01;.01;
2026;04;10;68;0.84;.84;
2026;04;10;69;2.00;2.00;
2026;04;10;70;3.39;3.39;
2026;04;10;71;5.41;5.41;
2026;04;10;72;13.50;13.50;
2026;04;10;73;13.05;13.05;
2026;04;10;74;18.96;18.96;
2026;04;10;75;23.81;23.81;
2026;04;10;76;55.00;55.00;
2026;04;10;77;43.01;43.01;
2026;04;10;78;65.48;65.48;
2026;04;10;79;79.75;79.75;
2026;04;10;80;86.77;86.77;
2026;04;10;81;89.99;89.99;
2026;04;10;82;98.99;98.99;
2026;04;10;83;105.89;105.89;
2026;04;10;84;104.60;106.42;
2026;04;10;85;100.82;105.70;
2026;04;10;86;105.70;105.70;
2026;04;10;87;97.71;97.71;
2026;04;10;88;84.02;84.02;
2026;04;10;89;96.50;96.70;
2026;04;10;90;84.38;84.38;
2026;04;10;91;80.70;91.24;
2026;04;10;92;85.02;85.02;
2026;04;10;93;87.50;87.50;
2026;04;10;94;83.11;83.11;
2026;04;10;95;83.48;83.48;
2026;04;10;96;75.35;75.35;
*
