MARGINALPIBC;
2026;06;04;1;119.51;119.51;
2026;06;04;2;117.55;117.55;
2026;06;04;3;118.45;118.45;
2026;06;04;4;117.06;117.06;
2026;06;04;5;116.54;116.54;
2026;06;04;6;115.22;115.22;
2026;06;04;7;113.80;113.80;
2026;06;04;8;111.61;111.61;
2026;06;04;9;110.62;110.62;
2026;06;04;10;110.26;110.26;
2026;06;04;11;108.11;108.11;
2026;06;04;12;106.02;106.02;
2026;06;04;13;109.55;109.55;
2026;06;04;14;106.34;106.34;
2026;06;04;15;107.16;107.16;
2026;06;04;16;106.02;106.02;
2026;06;04;17;105.59;105.59;
2026;06;04;18;104.42;104.42;
2026;06;04;19;104.00;104.00;
2026;06;04;20;104.00;104.00;
2026;06;04;21;105.00;105.00;
2026;06;04;22;105.30;105.30;
2026;06;04;23;106.96;106.96;
2026;06;04;24;106.66;106.66;
2026;06;04;25;112.15;112.15;
2026;06;04;26;113.90;113.90;
2026;06;04;27;115.50;115.50;
2026;06;04;28;116.38;116.38;
2026;06;04;29;125.52;125.52;
2026;06;04;30;124.23;124.23;
2026;06;04;31;117.22;117.22;
2026;06;04;32;110.43;110.43;
2026;06;04;33;105.93;105.93;
2026;06;04;34;101.86;101.86;
2026;06;04;35;63.56;63.56;
2026;06;04;36;37.10;37.10;
2026;06;04;37;36.50;36.50;
2026;06;04;38;15.86;15.86;
2026;06;04;39;2.50;2.50;
2026;06;04;40;2.00;-1.48;
2026;06;04;41;0.31;.31;
2026;06;04;42;-7.40;-7.40;
2026;06;04;43;0.00;-10.00;
2026;06;04;44;0.00;-14.39;
2026;06;04;45;0.00;-10.82;
2026;06;04;46;-14.97;-14.97;
2026;06;04;47;-14.93;-14.93;
2026;06;04;48;0.84;.84;
2026;06;04;49;-6.61;-6.61;
2026;06;04;50;-11.32;-11.32;
2026;06;04;51;-5.89;-10.93;
2026;06;04;52;2.24;2.24;
2026;06;04;53;1.82;1.82;
2026;06;04;54;0.84;.84;
2026;06;04;55;0.67;.67;
2026;06;04;56;0.00;.00;
2026;06;04;57;0.84;.84;
2026;06;04;58;0.00;.00;
2026;06;04;59;0.00;.00;
2026;06;04;60;0.00;.00;
2026;06;04;61;0.00;.00;
2026;06;04;62;0.01;.01;
2026;06;04;63;0.00;.00;
2026;06;04;64;0.00;.00;
2026;06;04;65;0.00;.00;
2026;06;04;66;0.00;.00;
2026;06;04;67;0.00;.00;
2026;06;04;68;0.00;.00;
2026;06;04;69;0.00;.00;
2026;06;04;70;0.00;.00;
2026;06;04;71;0.04;.04;
2026;06;04;72;0.49;.49;
2026;06;04;73;0.00;.00;
2026;06;04;74;0.00;-10.82;
2026;06;04;75;-2.80;-2.80;
2026;06;04;76;0.00;.00;
2026;06;04;77;0.00;-2.34;
2026;06;04;78;0.95;.95;
2026;06;04;79;1.01;1.01;
2026;06;04;80;5.95;5.95;
2026;06;04;81;5.59;5.59;
2026;06;04;82;62.15;59.90;
2026;06;04;83;69.19;69.19;
2026;06;04;84;105.00;105.00;
2026;06;04;85;103.04;103.04;
2026;06;04;86;105.76;105.76;
2026;06;04;87;109.97;109.97;
2026;06;04;88;109.81;109.81;
2026;06;04;89;108.25;108.25;
2026;06;04;90;106.20;106.20;
2026;06;04;91;105.28;105.28;
2026;06;04;92;103.55;103.55;
2026;06;04;93;101.86;101.86;
2026;06;04;94;98.91;98.91;
2026;06;04;95;97.79;97.79;
2026;06;04;96;89.50;89.50;
*
