MARGINALPIBC;
2025;12;23;1;84.00;84.00;
2025;12;23;2;80.60;80.60;
2025;12;23;3;70.90;70.90;
2025;12;23;4;65.70;65.70;
2025;12;23;5;65.36;65.36;
2025;12;23;6;64.10;64.10;
2025;12;23;7;62.74;62.74;
2025;12;23;8;60.60;60.60;
2025;12;23;9;67.39;67.39;
2025;12;23;10;65.01;65.01;
2025;12;23;11;63.71;63.71;
2025;12;23;12;61.17;61.17;
2025;12;23;13;63.16;63.16;
2025;12;23;14;60.99;60.99;
2025;12;23;15;58.97;58.97;
2025;12;23;16;58.97;58.97;
2025;12;23;17;59.59;59.59;
2025;12;23;18;57.62;57.62;
2025;12;23;19;56.40;56.40;
2025;12;23;20;61.94;61.94;
2025;12;23;21;60.86;60.86;
2025;12;23;22;62.55;62.55;
2025;12;23;23;62.99;62.99;
2025;12;23;24;64.00;64.00;
2025;12;23;25;64.99;64.99;
2025;12;23;26;67.90;67.90;
2025;12;23;27;76.00;76.00;
2025;12;23;28;82.48;82.48;
2025;12;23;29;80.00;80.00;
2025;12;23;30;83.44;83.44;
2025;12;23;31;87.30;87.30;
2025;12;23;32;89.96;89.96;
2025;12;23;33;85.07;85.07;
2025;12;23;34;86.30;86.30;
2025;12;23;35;88.55;88.55;
2025;12;23;36;88.88;88.88;
2025;12;23;37;92.55;92.55;
2025;12;23;38;90.15;90.15;
2025;12;23;39;88.88;88.88;
2025;12;23;40;87.00;87.00;
2025;12;23;41;89.87;89.87;
2025;12;23;42;88.45;88.45;
2025;12;23;43;85.60;85.60;
2025;12;23;44;80.84;80.84;
2025;12;23;45;89.80;89.80;
2025;12;23;46;86.16;86.16;
2025;12;23;47;85.60;85.60;
2025;12;23;48;84.40;84.40;
2025;12;23;49;89.96;89.96;
2025;12;23;50;87.25;87.25;
2025;12;23;51;86.44;86.44;
2025;12;23;52;84.80;84.80;
2025;12;23;53;87.01;87.01;
2025;12;23;54;85.44;85.44;
2025;12;23;55;83.76;83.76;
2025;12;23;56;84.04;84.04;
2025;12;23;57;82.63;82.63;
2025;12;23;58;84.02;84.02;
2025;12;23;59;84.80;84.80;
2025;12;23;60;85.86;85.86;
2025;12;23;61;82.08;82.08;
2025;12;23;62;83.83;83.83;
2025;12;23;63;85.62;85.62;
2025;12;23;64;86.91;86.91;
2025;12;23;65;81.95;81.95;
2025;12;23;66;85.01;85.01;
2025;12;23;67;83.61;83.61;
2025;12;23;68;86.17;86.17;
2025;12;23;69;84.77;84.77;
2025;12;23;70;87.86;87.86;
2025;12;23;71;89.85;89.85;
2025;12;23;72;89.80;89.80;
2025;12;23;73;87.42;87.42;
2025;12;23;74;86.50;86.50;
2025;12;23;75;88.57;88.57;
2025;12;23;76;87.19;87.19;
2025;12;23;77;86.16;86.16;
2025;12;23;78;86.00;86.00;
2025;12;23;79;85.85;85.85;
2025;12;23;80;83.29;83.29;
2025;12;23;81;85.90;85.90;
2025;12;23;82;86.00;86.00;
2025;12;23;83;87.07;87.07;
2025;12;23;84;86.00;86.00;
2025;12;23;85;86.00;86.00;
2025;12;23;86;86.00;86.00;
2025;12;23;87;85.00;85.00;
2025;12;23;88;81.18;81.18;
2025;12;23;89;80.76;80.76;
2025;12;23;90;81.00;81.00;
2025;12;23;91;79.50;79.50;
2025;12;23;92;76.82;76.82;
2025;12;23;93;79.78;79.78;
2025;12;23;94;77.66;77.66;
2025;12;23;95;67.83;67.83;
2025;12;23;96;62.14;62.14;
*
