MARGINALPIBC;
2026;02;24;1;27.57;40.40;
2026;02;24;2;22.94;34.66;
2026;02;24;3;12.96;12.96;
2026;02;24;4;0.00;.00;
2026;02;24;5;12.49;12.49;
2026;02;24;6;8.00;8.00;
2026;02;24;7;8.00;8.00;
2026;02;24;8;3.34;3.34;
2026;02;24;9;7.91;7.91;
2026;02;24;10;5.10;5.10;
2026;02;24;11;6.31;6.31;
2026;02;24;12;3.08;3.08;
2026;02;24;13;9.00;9.00;
2026;02;24;14;6.84;6.84;
2026;02;24;15;5.27;5.27;
2026;02;24;16;3.70;3.70;
2026;02;24;17;3.45;3.45;
2026;02;24;18;3.28;3.28;
2026;02;24;19;7.91;7.91;
2026;02;24;20;6.96;6.96;
2026;02;24;21;7.83;7.83;
2026;02;24;22;8.33;8.33;
2026;02;24;23;7.82;7.82;
2026;02;24;24;8.33;8.33;
2026;02;24;25;16.31;17.78;
2026;02;24;26;16.31;19.01;
2026;02;24;27;20.81;35.00;
2026;02;24;28;21.28;42.72;
2026;02;24;29;22.87;58.92;
2026;02;24;30;23.17;82.10;
2026;02;24;31;23.17;90.97;
2026;02;24;32;24.75;96.50;
2026;02;24;33;24.95;94.99;
2026;02;24;34;26.33;73.00;
2026;02;24;35;26.33;39.60;
2026;02;24;36;13.70;13.70;
2026;02;24;37;21.61;21.61;
2026;02;24;38;12.58;12.58;
2026;02;24;39;11.97;11.97;
2026;02;24;40;3.77;3.77;
2026;02;24;41;0.91;.91;
2026;02;24;42;1.50;.00;
2026;02;24;43;0.00;.00;
2026;02;24;44;0.00;.00;
2026;02;24;45;-0.06;-.06;
2026;02;24;46;-0.42;-.42;
2026;02;24;47;-0.50;-.50;
2026;02;24;48;-0.60;-.60;
2026;02;24;49;-0.50;-.50;
2026;02;24;50;-0.81;-.81;
2026;02;24;51;-0.81;-.81;
2026;02;24;52;-0.81;-.81;
2026;02;24;53;-0.81;-.81;
2026;02;24;54;-0.81;-.81;
2026;02;24;55;-0.81;-.81;
2026;02;24;56;-0.90;-.90;
2026;02;24;57;-0.90;-.90;
2026;02;24;58;-0.90;-.90;
2026;02;24;59;-0.90;-.90;
2026;02;24;60;-0.99;-.99;
2026;02;24;61;-0.99;-.99;
2026;02;24;62;-0.90;-.90;
2026;02;24;63;-0.81;-.81;
2026;02;24;64;-0.81;-.81;
2026;02;24;65;-2.70;-2.70;
2026;02;24;66;-0.01;-.01;
2026;02;24;67;-1.00;-1.00;
2026;02;24;68;0.00;.00;
2026;02;24;69;-3.06;-3.06;
2026;02;24;70;5.61;5.61;
2026;02;24;71;16.51;16.51;
2026;02;24;72;17.44;17.44;
2026;02;24;73;21.16;21.30;
2026;02;24;74;17.16;25.00;
2026;02;24;75;13.20;44.10;
2026;02;24;76;14.78;87.01;
2026;02;24;77;16.36;88.00;
2026;02;24;78;25.96;100.07;
2026;02;24;79;17.61;93.87;
2026;02;24;80;17.94;86.86;
2026;02;24;81;18.68;85.00;
2026;02;24;82;30.94;74.01;
2026;02;24;83;37.24;56.04;
2026;02;24;84;37.24;44.01;
2026;02;24;85;30.94;42.50;
2026;02;24;86;22.57;38.19;
2026;02;24;87;19.17;31.03;
2026;02;24;88;14.02;14.02;
2026;02;24;89;18.68;30.01;
2026;02;24;90;17.94;21.21;
2026;02;24;91;17.94;25.00;
2026;02;24;92;16.98;16.98;
2026;02;24;93;21.46;21.64;
2026;02;24;94;18.11;18.11;
2026;02;24;95;19.85;21.95;
2026;02;24;96;13.90;13.90;
*
