MARGINALPIBC;
2025;01;07;1;97.99;97.99;
2025;01;07;2;80.34;80.34;
2025;01;07;3;72.41;54.19;
2025;01;07;4;39.97;39.97;
2025;01;07;5;20.76;15.00;
2025;01;07;6;38.70;38.70;
2025;01;07;7;84.07;84.07;
2025;01;07;8;102.56;102.56;
2025;01;07;9;120.96;120.96;
2025;01;07;10;110.18;110.18;
2025;01;07;11;97.99;97.99;
2025;01;07;12;79.87;79.87;
2025;01;07;13;76.25;76.25;
2025;01;07;14;77.62;77.62;
2025;01;07;15;78.47;78.47;
2025;01;07;16;89.00;89.00;
2025;01;07;17;103.59;103.59;
2025;01;07;18;120.89;120.89;
2025;01;07;19;131.50;131.50;
2025;01;07;20;125.00;125.00;
2025;01;07;21;116.34;116.34;
2025;01;07;22;113.69;113.69;
2025;01;07;23;98.97;98.97;
2025;01;07;24;92.27;92.27;
*
