MARGINALPIBC;
2026;05;03;1;79.00;79.00;
2026;05;03;2;78.00;78.00;
2026;05;03;3;78.00;78.00;
2026;05;03;4;78.00;78.00;
2026;05;03;5;78.00;78.00;
2026;05;03;6;76.71;76.71;
2026;05;03;7;76.15;76.15;
2026;05;03;8;74.85;74.85;
2026;05;03;9;72.15;72.15;
2026;05;03;10;58.21;58.21;
2026;05;03;11;55.51;55.51;
2026;05;03;12;64.00;64.00;
2026;05;03;13;74.21;74.21;
2026;05;03;14;72.07;72.07;
2026;05;03;15;72.05;72.05;
2026;05;03;16;71.79;71.79;
2026;05;03;17;65.47;65.47;
2026;05;03;18;65.47;65.47;
2026;05;03;19;66.50;66.50;
2026;05;03;20;68.01;68.01;
2026;05;03;21;51.13;51.13;
2026;05;03;22;51.14;51.14;
2026;05;03;23;54.03;54.03;
2026;05;03;24;54.00;54.00;
2026;05;03;25;54.38;54.38;
2026;05;03;26;60.40;60.40;
2026;05;03;27;65.00;65.00;
2026;05;03;28;66.56;66.56;
2026;05;03;29;76.83;76.83;
2026;05;03;30;77.25;77.25;
2026;05;03;31;78.20;78.20;
2026;05;03;32;66.29;66.29;
2026;05;03;33;69.50;69.50;
2026;05;03;34;54.31;54.31;
2026;05;03;35;43.63;43.63;
2026;05;03;36;37.53;37.53;
2026;05;03;37;39.91;39.91;
2026;05;03;38;30.01;30.01;
2026;05;03;39;17.99;17.99;
2026;05;03;40;8.32;8.32;
2026;05;03;41;10.06;10.06;
2026;05;03;42;5.76;5.76;
2026;05;03;43;3.00;3.00;
2026;05;03;44;2.00;2.00;
2026;05;03;45;2.00;.84;
2026;05;03;46;1.51;.84;
2026;05;03;47;0.84;.84;
2026;05;03;48;0.84;.84;
2026;05;03;49;3.02;.84;
2026;05;03;50;2.99;.00;
2026;05;03;51;3.01;-4.21;
2026;05;03;52;3.01;-6.00;
2026;05;03;53;3.00;.00;
2026;05;03;54;3.00;.00;
2026;05;03;55;3.00;.00;
2026;05;03;56;2.99;.00;
2026;05;03;57;5.00;.00;
2026;05;03;58;3.00;.00;
2026;05;03;59;3.00;.00;
2026;05;03;60;2.97;.00;
2026;05;03;61;6.98;.00;
2026;05;03;62;3.00;.00;
2026;05;03;63;3.00;.00;
2026;05;03;64;3.00;.00;
2026;05;03;65;4.99;.00;
2026;05;03;66;3.00;.00;
2026;05;03;67;3.01;-4.74;
2026;05;03;68;2.99;-1.11;
2026;05;03;69;3.01;-1.21;
2026;05;03;70;3.85;.84;
2026;05;03;71;5.55;4.55;
2026;05;03;72;10.01;10.01;
2026;05;03;73;3.08;3.08;
2026;05;03;74;10.39;10.39;
2026;05;03;75;20.00;20.00;
2026;05;03;76;39.52;39.52;
2026;05;03;77;47.16;47.16;
2026;05;03;78;60.15;60.15;
2026;05;03;79;91.85;91.85;
2026;05;03;80;89.26;89.26;
2026;05;03;81;85.48;85.48;
2026;05;03;82;94.15;94.15;
2026;05;03;83;106.00;106.00;
2026;05;03;84;107.33;107.33;
2026;05;03;85;105.77;105.77;
2026;05;03;86;108.11;108.11;
2026;05;03;87;105.97;105.97;
2026;05;03;88;101.77;101.77;
2026;05;03;89;106.49;106.49;
2026;05;03;90;107.21;107.21;
2026;05;03;91;108.68;108.68;
2026;05;03;92;108.49;108.49;
2026;05;03;93;107.33;107.33;
2026;05;03;94;102.53;102.53;
2026;05;03;95;96.77;96.77;
2026;05;03;96;90.56;90.56;
*
