MARGINALPIBC;
2025;08;13;1;130.97;130.97;
2025;08;13;2;124.74;124.74;
2025;08;13;3;114.73;114.73;
2025;08;13;4;111.02;111.02;
2025;08;13;5;117.20;117.20;
2025;08;13;6;113.22;113.22;
2025;08;13;7;110.70;110.70;
2025;08;13;8;107.70;107.70;
2025;08;13;9;110.18;110.18;
2025;08;13;10;109.98;109.98;
2025;08;13;11;108.98;108.98;
2025;08;13;12;109.48;109.48;
2025;08;13;13;110.55;110.55;
2025;08;13;14;110.55;110.55;
2025;08;13;15;109.32;109.32;
2025;08;13;16;106.56;106.56;
2025;08;13;17;105.33;105.33;
2025;08;13;18;104.82;104.82;
2025;08;13;19;104.82;104.82;
2025;08;13;20;104.82;104.82;
2025;08;13;21;104.32;104.32;
2025;08;13;22;104.29;104.29;
2025;08;13;23;104.32;104.32;
2025;08;13;24;104.52;104.52;
2025;08;13;25;100.94;100.94;
2025;08;13;26;105.20;105.20;
2025;08;13;27;105.50;105.50;
2025;08;13;28;109.30;109.30;
2025;08;13;29;121.12;121.12;
2025;08;13;30;121.17;121.17;
2025;08;13;31;121.37;121.37;
2025;08;13;32;121.17;121.17;
2025;08;13;33;130.20;130.20;
2025;08;13;34;122.54;122.54;
2025;08;13;35;106.50;106.50;
2025;08;13;36;85.50;85.50;
2025;08;13;37;117.20;117.20;
2025;08;13;38;108.63;108.63;
2025;08;13;39;91.80;91.80;
2025;08;13;40;78.09;78.09;
2025;08;13;41;102.13;102.13;
2025;08;13;42;98.00;98.00;
2025;08;13;43;93.86;93.86;
2025;08;13;44;90.00;90.00;
2025;08;13;45;91.00;91.00;
2025;08;13;46;88.00;88.00;
2025;08;13;47;84.51;84.51;
2025;08;13;48;81.00;81.00;
2025;08;13;49;83.23;83.23;
2025;08;13;50;80.27;80.27;
2025;08;13;51;82.63;82.63;
2025;08;13;52;80.99;80.99;
2025;08;13;53;80.00;80.00;
2025;08;13;54;82.92;82.92;
2025;08;13;55;83.50;83.50;
2025;08;13;56;83.53;83.53;
2025;08;13;57;83.22;83.22;
2025;08;13;58;86.20;86.20;
2025;08;13;59;87.02;87.02;
2025;08;13;60;86.62;86.62;
2025;08;13;61;82.13;82.13;
2025;08;13;62;83.90;83.90;
2025;08;13;63;85.12;85.12;
2025;08;13;64;89.19;89.19;
2025;08;13;65;84.39;84.39;
2025;08;13;66;88.39;88.39;
2025;08;13;67;94.52;94.52;
2025;08;13;68;99.15;99.15;
2025;08;13;69;90.60;90.60;
2025;08;13;70;95.71;95.71;
2025;08;13;71;104.53;104.53;
2025;08;13;72;109.32;109.32;
2025;08;13;73;101.66;101.66;
2025;08;13;74;112.90;112.90;
2025;08;13;75;126.72;126.72;
2025;08;13;76;135.32;135.32;
2025;08;13;77;85.50;85.50;
2025;08;13;78;100.22;100.22;
2025;08;13;79;122.23;122.23;
2025;08;13;80;147.23;147.23;
2025;08;13;81;145.60;145.60;
2025;08;13;82;155.00;155.00;
2025;08;13;83;162.86;162.86;
2025;08;13;84;170.10;170.10;
2025;08;13;85;153.00;153.00;
2025;08;13;86;152.50;152.50;
2025;08;13;87;149.03;149.03;
2025;08;13;88;143.50;143.50;
2025;08;13;89;138.25;138.25;
2025;08;13;90;129.39;129.39;
2025;08;13;91;122.21;122.21;
2025;08;13;92;114.97;114.97;
2025;08;13;93;120.00;120.00;
2025;08;13;94;111.27;111.27;
2025;08;13;95;104.42;104.42;
2025;08;13;96;101.44;101.44;
*
