MARGINALPIBC;
2025;03;04;1;98.73;98.73;
2025;03;04;2;100.38;100.38;
2025;03;04;3;98.04;98.04;
2025;03;04;4;95.13;95.13;
2025;03;04;5;94.00;94.00;
2025;03;04;6;98.99;98.99;
2025;03;04;7;96.78;96.78;
2025;03;04;8;96.60;106.60;
2025;03;04;9;104.24;109.24;
2025;03;04;10;99.71;99.71;
2025;03;04;11;95.50;95.50;
2025;03;04;12;79.99;79.99;
2025;03;04;13;67.84;67.84;
2025;03;04;14;50.24;50.24;
2025;03;04;15;59.10;59.10;
2025;03;04;16;76.75;76.75;
2025;03;04;17;83.00;83.00;
2025;03;04;18;105.73;105.73;
2025;03;04;19;107.58;107.58;
2025;03;04;20;149.28;149.28;
2025;03;04;21;132.00;132.00;
2025;03;04;22;116.15;116.15;
2025;03;04;23;106.14;106.14;
2025;03;04;24;105.54;105.54;
*
