MARGINALPIBC;
2025;09;11;1;88.60;88.60;
2025;09;11;2;88.04;88.04;
2025;09;11;3;85.20;85.20;
2025;09;11;4;85.00;85.00;
2025;09;11;5;85.74;85.74;
2025;09;11;6;83.35;83.35;
2025;09;11;7;81.95;81.95;
2025;09;11;8;78.35;78.35;
2025;09;11;9;80.53;80.53;
2025;09;11;10;75.00;75.00;
2025;09;11;11;67.30;67.30;
2025;09;11;12;67.30;67.30;
2025;09;11;13;70.30;70.30;
2025;09;11;14;68.80;68.80;
2025;09;11;15;67.45;67.45;
2025;09;11;16;67.30;67.30;
2025;09;11;17;72.32;72.32;
2025;09;11;18;71.50;71.50;
2025;09;11;19;71.50;71.50;
2025;09;11;20;73.00;73.00;
2025;09;11;21;74.00;74.00;
2025;09;11;22;75.00;75.00;
2025;09;11;23;77.00;77.00;
2025;09;11;24;81.42;81.42;
2025;09;11;25;76.84;76.84;
2025;09;11;26;78.84;78.84;
2025;09;11;27;80.34;80.34;
2025;09;11;28;87.72;87.72;
2025;09;11;29;88.04;88.04;
2025;09;11;30;89.62;89.62;
2025;09;11;31;93.20;93.20;
2025;09;11;32;93.30;93.30;
2025;09;11;33;96.88;96.88;
2025;09;11;34;91.32;91.32;
2025;09;11;35;86.30;86.30;
2025;09;11;36;63.07;63.07;
2025;09;11;37;90.70;90.70;
2025;09;11;38;80.00;80.00;
2025;09;11;39;20.50;20.50;
2025;09;11;40;5.11;5.11;
2025;09;11;41;2.03;2.03;
2025;09;11;42;2.03;.65;
2025;09;11;43;1.03;-.25;
2025;09;11;44;1.03;-1.50;
2025;09;11;45;6.31;5.99;
2025;09;11;46;6.31;3.52;
2025;09;11;47;6.31;.91;
2025;09;11;48;5.80;.65;
2025;09;11;49;4.31;3.52;
2025;09;11;50;4.31;3.52;
2025;09;11;51;4.31;1.72;
2025;09;11;52;3.02;.65;
2025;09;11;53;4.31;1.72;
2025;09;11;54;4.31;.65;
2025;09;11;55;2.95;.01;
2025;09;11;56;1.00;.00;
2025;09;11;57;4.31;.00;
2025;09;11;58;4.31;.00;
2025;09;11;59;1.50;.65;
2025;09;11;60;1.50;.65;
2025;09;11;61;4.31;.00;
2025;09;11;62;4.31;.00;
2025;09;11;63;3.00;.55;
2025;09;11;64;4.31;.65;
2025;09;11;65;1.00;.00;
2025;09;11;66;2.95;.65;
2025;09;11;67;3.00;3.00;
2025;09;11;68;4.31;3.52;
2025;09;11;69;0.00;-3.00;
2025;09;11;70;4.31;-2.22;
2025;09;11;71;4.31;.00;
2025;09;11;72;4.31;.65;
2025;09;11;73;4.65;-7.00;
2025;09;11;74;4.65;2.05;
2025;09;11;75;23.40;23.40;
2025;09;11;76;72.61;72.61;
2025;09;11;77;20.55;20.55;
2025;09;11;78;68.22;68.22;
2025;09;11;79;100.66;100.66;
2025;09;11;80;134.44;134.44;
2025;09;11;81;88.73;88.73;
2025;09;11;82;98.31;98.31;
2025;09;11;83;106.20;106.20;
2025;09;11;84;111.30;111.30;
2025;09;11;85;130.00;130.00;
2025;09;11;86;134.90;134.90;
2025;09;11;87;134.90;134.90;
2025;09;11;88;131.00;131.00;
2025;09;11;89;110.12;110.12;
2025;09;11;90;105.09;105.09;
2025;09;11;91;98.63;98.63;
2025;09;11;92;96.11;96.11;
2025;09;11;93;99.57;99.57;
2025;09;11;94;93.44;93.44;
2025;09;11;95;91.70;91.70;
2025;09;11;96;90.34;90.34;
*
