MARGINALPIBC;
2026;01;27;1;15.90;15.90;
2026;01;27;2;17.26;17.26;
2026;01;27;3;16.94;16.94;
2026;01;27;4;13.08;13.08;
2026;01;27;5;7.96;7.96;
2026;01;27;6;4.96;4.96;
2026;01;27;7;3.78;3.78;
2026;01;27;8;3.78;3.78;
2026;01;27;9;3.78;3.78;
2026;01;27;10;3.78;3.78;
2026;01;27;11;3.78;3.78;
2026;01;27;12;3.78;3.78;
2026;01;27;13;3.78;3.78;
2026;01;27;14;3.78;3.78;
2026;01;27;15;3.78;3.78;
2026;01;27;16;3.78;3.78;
2026;01;27;17;3.78;3.78;
2026;01;27;18;3.78;3.78;
2026;01;27;19;3.78;3.78;
2026;01;27;20;3.78;3.78;
2026;01;27;21;3.78;3.78;
2026;01;27;22;3.78;3.78;
2026;01;27;23;3.78;3.78;
2026;01;27;24;3.78;3.78;
2026;01;27;25;3.78;3.78;
2026;01;27;26;3.78;3.78;
2026;01;27;27;3.78;3.78;
2026;01;27;28;6.13;6.13;
2026;01;27;29;3.78;3.78;
2026;01;27;30;4.69;4.69;
2026;01;27;31;20.10;20.10;
2026;01;27;32;26.68;29.18;
2026;01;27;33;23.20;23.20;
2026;01;27;34;25.00;25.00;
2026;01;27;35;25.00;25.00;
2026;01;27;36;25.00;25.00;
2026;01;27;37;29.94;29.94;
2026;01;27;38;29.00;29.00;
2026;01;27;39;32.16;32.16;
2026;01;27;40;31.44;31.44;
2026;01;27;41;32.00;32.00;
2026;01;27;42;31.44;31.44;
2026;01;27;43;29.24;29.24;
2026;01;27;44;16.67;16.67;
2026;01;27;45;29.77;29.77;
2026;01;27;46;28.74;28.74;
2026;01;27;47;22.02;22.02;
2026;01;27;48;14.96;14.96;
2026;01;27;49;21.96;21.96;
2026;01;27;50;18.69;18.69;
2026;01;27;51;14.42;14.42;
2026;01;27;52;13.25;13.25;
2026;01;27;53;10.46;10.46;
2026;01;27;54;9.87;9.87;
2026;01;27;55;12.15;12.15;
2026;01;27;56;10.91;10.91;
2026;01;27;57;10.69;10.69;
2026;01;27;58;12.97;12.97;
2026;01;27;59;14.00;14.00;
2026;01;27;60;12.35;12.35;
2026;01;27;61;0.91;.91;
2026;01;27;62;2.35;2.35;
2026;01;27;63;10.70;10.70;
2026;01;27;64;15.07;15.07;
2026;01;27;65;10.38;10.38;
2026;01;27;66;16.03;16.03;
2026;01;27;67;20.72;20.72;
2026;01;27;68;24.40;24.40;
2026;01;27;69;29.78;29.78;
2026;01;27;70;37.33;37.33;
2026;01;27;71;47.42;47.42;
2026;01;27;72;68.59;68.59;
2026;01;27;73;45.00;45.00;
2026;01;27;74;50.02;50.05;
2026;01;27;75;59.50;59.99;
2026;01;27;76;68.61;68.79;
2026;01;27;77;75.35;75.35;
2026;01;27;78;86.02;86.02;
2026;01;27;79;90.00;90.00;
2026;01;27;80;90.25;90.25;
2026;01;27;81;82.76;99.51;
2026;01;27;82;89.00;99.51;
2026;01;27;83;87.59;97.46;
2026;01;27;84;89.95;90.00;
2026;01;27;85;70.18;100.97;
2026;01;27;86;62.34;98.07;
2026;01;27;87;58.82;72.59;
2026;01;27;88;50.42;50.42;
2026;01;27;89;53.92;53.92;
2026;01;27;90;37.73;37.73;
2026;01;27;91;31.78;31.78;
2026;01;27;92;23.42;23.42;
2026;01;27;93;30.20;30.20;
2026;01;27;94;15.10;15.10;
2026;01;27;95;9.01;9.01;
2026;01;27;96;9.01;9.01;
*
