MARGINALPIBC;
2026;04;03;1;15.44;15.44;
2026;04;03;2;14.00;14.00;
2026;04;03;3;13.86;13.86;
2026;04;03;4;12.30;12.30;
2026;04;03;5;11.67;11.67;
2026;04;03;6;11.46;11.46;
2026;04;03;7;11.82;11.82;
2026;04;03;8;11.34;11.34;
2026;04;03;9;11.34;11.34;
2026;04;03;10;7.11;7.11;
2026;04;03;11;9.12;9.12;
2026;04;03;12;11.34;11.34;
2026;04;03;13;12.28;12.28;
2026;04;03;14;12.06;12.06;
2026;04;03;15;12.06;12.06;
2026;04;03;16;12.06;12.06;
2026;04;03;17;11.82;11.82;
2026;04;03;18;11.82;11.82;
2026;04;03;19;12.06;12.06;
2026;04;03;20;12.06;12.06;
2026;04;03;21;12.28;12.28;
2026;04;03;22;12.28;12.28;
2026;04;03;23;13.02;13.02;
2026;04;03;24;12.71;12.71;
2026;04;03;25;12.28;12.28;
2026;04;03;26;12.30;12.30;
2026;04;03;27;13.86;13.86;
2026;04;03;28;14.00;14.00;
2026;04;03;29;9.72;9.72;
2026;04;03;30;12.25;12.25;
2026;04;03;31;14.06;14.06;
2026;04;03;32;11.82;11.82;
2026;04;03;33;19.32;19.32;
2026;04;03;34;15.04;15.04;
2026;04;03;35;11.37;11.37;
2026;04;03;36;3.23;3.23;
2026;04;03;37;0.93;.93;
2026;04;03;38;-0.53;-.53;
2026;04;03;39;-2.59;-2.59;
2026;04;03;40;-0.99;-.99;
2026;04;03;41;-0.76;-.76;
2026;04;03;42;-0.82;-.82;
2026;04;03;43;-1.20;-1.20;
2026;04;03;44;-2.00;-2.00;
2026;04;03;45;-2.10;-2.10;
2026;04;03;46;-2.10;-2.10;
2026;04;03;47;-2.10;-2.10;
2026;04;03;48;-3.03;-3.03;
2026;04;03;49;-4.00;-4.00;
2026;04;03;50;-4.00;-4.00;
2026;04;03;51;-4.00;-4.00;
2026;04;03;52;-4.00;-4.00;
2026;04;03;53;-4.00;-4.00;
2026;04;03;54;-4.00;-4.00;
2026;04;03;55;-4.00;-4.00;
2026;04;03;56;-4.00;-4.00;
2026;04;03;57;-4.00;-4.00;
2026;04;03;58;-4.75;-4.75;
2026;04;03;59;-4.76;-4.76;
2026;04;03;60;-5.00;-5.00;
2026;04;03;61;-5.01;-5.01;
2026;04;03;62;-5.01;-5.01;
2026;04;03;63;-5.01;-5.01;
2026;04;03;64;-5.01;-5.01;
2026;04;03;65;-5.94;-5.94;
2026;04;03;66;-5.94;-5.94;
2026;04;03;67;-5.94;-5.94;
2026;04;03;68;-5.03;-5.03;
2026;04;03;69;-4.78;-4.78;
2026;04;03;70;-4.19;-4.19;
2026;04;03;71;-3.61;-3.61;
2026;04;03;72;-2.10;-2.10;
2026;04;03;73;-2.26;-2.26;
2026;04;03;74;-0.81;-.81;
2026;04;03;75;-0.53;-.53;
2026;04;03;76;-0.53;-.53;
2026;04;03;77;0.00;.00;
2026;04;03;78;0.84;.84;
2026;04;03;79;6.00;6.00;
2026;04;03;80;29.21;29.21;
2026;04;03;81;19.12;19.12;
2026;04;03;82;51.79;51.79;
2026;04;03;83;64.78;64.78;
2026;04;03;84;82.52;82.52;
2026;04;03;85;80.92;80.92;
2026;04;03;86;85.03;85.03;
2026;04;03;87;79.09;79.09;
2026;04;03;88;77.54;77.54;
2026;04;03;89;80.02;80.02;
2026;04;03;90;79.04;79.04;
2026;04;03;91;77.54;81.50;
2026;04;03;92;77.16;78.78;
2026;04;03;93;74.21;74.21;
2026;04;03;94;52.36;52.36;
2026;04;03;95;56.60;56.60;
2026;04;03;96;41.75;41.75;
*
