MARGINALPIBC;
2025;06;04;1;89.26;89.26;
2025;06;04;2;87.00;87.00;
2025;06;04;3;81.61;81.61;
2025;06;04;4;79.00;79.00;
2025;06;04;5;86.67;86.67;
2025;06;04;6;84.80;84.80;
2025;06;04;7;80.71;80.71;
2025;06;04;8;80.56;80.56;
2025;06;04;9;83.10;83.10;
2025;06;04;10;81.00;81.00;
2025;06;04;11;79.57;79.57;
2025;06;04;12;77.60;77.60;
2025;06;04;13;80.00;80.00;
2025;06;04;14;80.00;80.00;
2025;06;04;15;79.99;79.99;
2025;06;04;16;80.00;80.00;
2025;06;04;17;75.52;75.52;
2025;06;04;18;77.52;77.52;
2025;06;04;19;75.52;75.52;
2025;06;04;20;80.22;80.22;
2025;06;04;21;78.39;78.39;
2025;06;04;22;81.00;81.00;
2025;06;04;23;84.43;84.43;
2025;06;04;24;87.13;87.13;
2025;06;04;25;88.00;88.00;
2025;06;04;26;91.54;91.54;
2025;06;04;27;94.45;94.45;
2025;06;04;28;97.33;97.33;
2025;06;04;29;101.50;101.50;
2025;06;04;30;101.50;101.50;
2025;06;04;31;100.00;100.00;
2025;06;04;32;98.00;98.00;
2025;06;04;33;93.65;93.65;
2025;06;04;34;89.42;89.42;
2025;06;04;35;73.10;73.10;
2025;06;04;36;50.01;50.01;
2025;06;04;37;78.38;78.38;
2025;06;04;38;69.85;63.37;
2025;06;04;39;69.85;33.56;
2025;06;04;40;59.95;8.37;
2025;06;04;41;110.99;42.34;
2025;06;04;42;88.61;32.45;
2025;06;04;43;53.62;20.35;
2025;06;04;44;53.61;10.00;
2025;06;04;45;110.99;18.38;
2025;06;04;46;70.11;14.07;
2025;06;04;47;55.10;10.00;
2025;06;04;48;55.10;4.93;
2025;06;04;49;54.68;12.78;
2025;06;04;50;54.68;10.00;
2025;06;04;51;54.68;10.00;
2025;06;04;52;54.68;8.60;
2025;06;04;53;110.99;7.52;
2025;06;04;54;48.00;9.70;
2025;06;04;55;29.90;8.70;
2025;06;04;56;28.00;7.44;
2025;06;04;57;20.01;5.16;
2025;06;04;58;20.01;5.00;
2025;06;04;59;15.11;3.52;
2025;06;04;60;15.02;3.52;
2025;06;04;61;31.35;3.52;
2025;06;04;62;40.00;3.52;
2025;06;04;63;28.35;1.72;
2025;06;04;64;26.35;1.72;
2025;06;04;65;15.95;.00;
2025;06;04;66;11.46;.00;
2025;06;04;67;11.46;.65;
2025;06;04;68;11.46;1.72;
2025;06;04;69;19.00;2.19;
2025;06;04;70;19.00;6.20;
2025;06;04;71;19.00;11.20;
2025;06;04;72;21.20;21.20;
2025;06;04;73;20.01;10.00;
2025;06;04;74;21.54;21.54;
2025;06;04;75;34.03;34.03;
2025;06;04;76;55.99;55.99;
2025;06;04;77;30.00;30.00;
2025;06;04;78;51.50;51.50;
2025;06;04;79;78.00;78.00;
2025;06;04;80;90.00;90.00;
2025;06;04;81;78.38;78.38;
2025;06;04;82;97.54;97.54;
2025;06;04;83;106.38;106.38;
2025;06;04;84;110.19;110.19;
2025;06;04;85;116.43;116.43;
2025;06;04;86;118.54;118.54;
2025;06;04;87;118.54;118.54;
2025;06;04;88;117.00;117.00;
2025;06;04;89;115.23;115.23;
2025;06;04;90;113.17;113.17;
2025;06;04;91;111.11;111.11;
2025;06;04;92;103.00;103.00;
2025;06;04;93;98.26;98.26;
2025;06;04;94;94.38;94.38;
2025;06;04;95;89.41;89.41;
2025;06;04;96;89.00;89.00;
*
