MARGINALPIBC;
2025;08;03;1;91.66;91.66;
2025;08;03;2;88.30;88.30;
2025;08;03;3;78.60;78.60;
2025;08;03;4;73.80;73.80;
2025;08;03;5;84.15;84.15;
2025;08;03;6;77.63;77.63;
2025;08;03;7;69.76;69.76;
2025;08;03;8;61.52;61.52;
2025;08;03;9;74.45;74.45;
2025;08;03;10;63.64;63.64;
2025;08;03;11;45.11;45.11;
2025;08;03;12;42.96;42.96;
2025;08;03;13;55.50;55.50;
2025;08;03;14;52.26;52.26;
2025;08;03;15;44.38;44.38;
2025;08;03;16;37.38;37.38;
2025;08;03;17;35.02;35.02;
2025;08;03;18;34.92;34.92;
2025;08;03;19;32.02;32.02;
2025;08;03;20;30.56;30.56;
2025;08;03;21;35.20;35.20;
2025;08;03;22;35.72;35.72;
2025;08;03;23;42.41;42.41;
2025;08;03;24;45.30;45.30;
2025;08;03;25;36.30;36.30;
2025;08;03;26;43.65;43.65;
2025;08;03;27;37.03;37.03;
2025;08;03;28;35.07;35.07;
2025;08;03;29;40.00;40.00;
2025;08;03;30;30.21;30.21;
2025;08;03;31;26.28;26.28;
2025;08;03;32;16.01;16.01;
2025;08;03;33;38.01;38.01;
2025;08;03;34;14.99;14.99;
2025;08;03;35;-2.01;-2.01;
2025;08;03;36;-10.00;-10.00;
2025;08;03;37;0.00;.00;
2025;08;03;38;-0.01;-.01;
2025;08;03;39;-10.00;-10.00;
2025;08;03;40;-15.00;-15.00;
2025;08;03;41;0.00;.00;
2025;08;03;42;0.00;.00;
2025;08;03;43;-1.01;-1.01;
2025;08;03;44;-5.90;-5.90;
2025;08;03;45;-0.70;-.70;
2025;08;03;46;-1.21;-1.21;
2025;08;03;47;-2.02;-2.02;
2025;08;03;48;-2.11;-2.50;
2025;08;03;49;-1.50;-1.50;
2025;08;03;50;-2.01;-2.10;
2025;08;03;51;-1.85;-2.99;
2025;08;03;52;0.00;-3.00;
2025;08;03;53;-0.01;-2.02;
2025;08;03;54;0.00;-2.10;
2025;08;03;55;0.00;-2.10;
2025;08;03;56;0.00;-2.10;
2025;08;03;57;0.00;-2.10;
2025;08;03;58;-0.01;-1.50;
2025;08;03;59;-0.01;-1.50;
2025;08;03;60;-0.01;-1.50;
2025;08;03;61;-0.01;-2.10;
2025;08;03;62;-0.01;-2.10;
2025;08;03;63;-0.01;-2.10;
2025;08;03;64;-0.01;-1.98;
2025;08;03;65;-1.20;-1.89;
2025;08;03;66;-1.21;-1.21;
2025;08;03;67;-0.37;-.37;
2025;08;03;68;0.00;.00;
2025;08;03;69;-0.01;-7.00;
2025;08;03;70;-0.01;-.01;
2025;08;03;71;0.00;.00;
2025;08;03;72;0.00;.00;
2025;08;03;73;0.00;.00;
2025;08;03;74;0.05;.01;
2025;08;03;75;4.31;1.55;
2025;08;03;76;5.00;3.52;
2025;08;03;77;5.76;-.37;
2025;08;03;78;25.58;25.58;
2025;08;03;79;74.68;74.68;
2025;08;03;80;95.62;95.62;
2025;08;03;81;33.70;33.70;
2025;08;03;82;73.20;73.20;
2025;08;03;83;92.28;92.28;
2025;08;03;84;98.20;98.20;
2025;08;03;85;90.29;90.29;
2025;08;03;86;91.13;91.13;
2025;08;03;87;91.85;91.85;
2025;08;03;88;91.13;91.13;
2025;08;03;89;97.25;97.25;
2025;08;03;90;95.22;95.22;
2025;08;03;91;92.40;92.40;
2025;08;03;92;89.20;89.20;
2025;08;03;93;93.11;93.11;
2025;08;03;94;87.40;87.40;
2025;08;03;95;85.00;85.00;
2025;08;03;96;75.81;75.81;
*
