MARGINALPIBC;
2026;02;22;1;15.01;15.01;
2026;02;22;2;5.79;5.79;
2026;02;22;3;3.30;3.30;
2026;02;22;4;0.90;.90;
2026;02;22;5;5.13;5.13;
2026;02;22;6;1.10;1.10;
2026;02;22;7;4.68;4.68;
2026;02;22;8;1.90;1.90;
2026;02;22;9;4.00;4.00;
2026;02;22;10;2.00;2.00;
2026;02;22;11;6.01;6.01;
2026;02;22;12;3.00;3.00;
2026;02;22;13;1.01;1.01;
2026;02;22;14;0.20;.20;
2026;02;22;15;0.00;.00;
2026;02;22;16;-1.54;-1.54;
2026;02;22;17;-2.00;-2.00;
2026;02;22;18;-3.55;-3.55;
2026;02;22;19;-3.55;-3.55;
2026;02;22;20;-3.55;-3.55;
2026;02;22;21;-1.42;-1.42;
2026;02;22;22;-2.00;-2.00;
2026;02;22;23;-1.82;-1.82;
2026;02;22;24;-2.00;-2.00;
2026;02;22;25;0.00;.00;
2026;02;22;26;0.00;.00;
2026;02;22;27;0.00;.00;
2026;02;22;28;0.00;.00;
2026;02;22;29;-0.81;-.81;
2026;02;22;30;0.01;.01;
2026;02;22;31;0.20;.20;
2026;02;22;32;1.10;1.10;
2026;02;22;33;-2.00;-2.00;
2026;02;22;34;-5.00;-5.00;
2026;02;22;35;-5.43;-5.43;
2026;02;22;36;0.00;-11.42;
2026;02;22;37;-4.70;-4.70;
2026;02;22;38;0.91;-8.13;
2026;02;22;39;-0.50;-10.42;
2026;02;22;40;-0.50;-10.49;
2026;02;22;41;1.58;-7.53;
2026;02;22;42;1.24;-7.01;
2026;02;22;43;1.24;-6.61;
2026;02;22;44;1.22;-9.00;
2026;02;22;45;1.22;-6.02;
2026;02;22;46;1.22;-9.00;
2026;02;22;47;1.22;-9.00;
2026;02;22;48;1.24;-5.92;
2026;02;22;49;1.50;-5.86;
2026;02;22;50;1.50;-7.03;
2026;02;22;51;1.58;-9.00;
2026;02;22;52;1.58;-9.00;
2026;02;22;53;1.22;-5.86;
2026;02;22;54;1.22;-5.81;
2026;02;22;55;1.22;-8.71;
2026;02;22;56;1.22;-9.00;
2026;02;22;57;1.20;-9.00;
2026;02;22;58;1.19;-9.00;
2026;02;22;59;1.18;-9.00;
2026;02;22;60;1.17;-9.27;
2026;02;22;61;2.17;-5.66;
2026;02;22;62;2.17;-5.92;
2026;02;22;63;1.17;-11.00;
2026;02;22;64;1.18;-9.26;
2026;02;22;65;5.01;-9.00;
2026;02;22;66;5.01;-8.88;
2026;02;22;67;5.01;-5.00;
2026;02;22;68;3.45;-8.81;
2026;02;22;69;-1.00;-5.42;
2026;02;22;70;-0.50;-8.10;
2026;02;22;71;-1.00;-2.76;
2026;02;22;72;0.47;.47;
2026;02;22;73;1.00;-1.83;
2026;02;22;74;3.30;3.30;
2026;02;22;75;6.46;9.10;
2026;02;22;76;8.91;48.30;
2026;02;22;77;10.20;35.98;
2026;02;22;78;11.78;47.86;
2026;02;22;79;18.36;58.55;
2026;02;22;80;18.36;63.77;
2026;02;22;81;19.94;72.63;
2026;02;22;82;24.86;74.61;
2026;02;22;83;25.22;74.61;
2026;02;22;84;25.22;73.76;
2026;02;22;85;56.46;74.62;
2026;02;22;86;54.54;70.94;
2026;02;22;87;54.54;74.61;
2026;02;22;88;46.77;63.95;
2026;02;22;89;46.46;55.42;
2026;02;22;90;20.22;38.45;
2026;02;22;91;20.22;27.52;
2026;02;22;92;14.94;38.20;
2026;02;22;93;24.94;31.00;
2026;02;22;94;19.82;19.82;
2026;02;22;95;13.26;13.26;
2026;02;22;96;8.80;8.80;
*
