MARGINALPIBC;
2026;06;21;1;114.46;114.46;
2026;06;21;2;112.00;112.00;
2026;06;21;3;108.03;108.03;
2026;06;21;4;105.00;105.00;
2026;06;21;5;111.26;111.26;
2026;06;21;6;109.50;109.50;
2026;06;21;7;110.10;110.10;
2026;06;21;8;107.91;107.91;
2026;06;21;9;107.91;107.91;
2026;06;21;10;107.01;107.01;
2026;06;21;11;105.09;105.09;
2026;06;21;12;100.89;100.89;
2026;06;21;13;104.86;104.86;
2026;06;21;14;100.45;100.45;
2026;06;21;15;99.41;99.41;
2026;06;21;16;99.35;99.35;
2026;06;21;17;94.61;94.61;
2026;06;21;18;93.51;93.51;
2026;06;21;19;94.03;94.03;
2026;06;21;20;93.51;93.51;
2026;06;21;21;92.56;92.56;
2026;06;21;22;92.46;92.46;
2026;06;21;23;92.66;92.66;
2026;06;21;24;93.51;93.51;
2026;06;21;25;94.10;94.10;
2026;06;21;26;94.19;94.19;
2026;06;21;27;94.62;94.62;
2026;06;21;28;94.00;94.00;
2026;06;21;29;82.16;82.16;
2026;06;21;30;76.07;76.07;
2026;06;21;31;58.99;58.99;
2026;06;21;32;32.51;32.51;
2026;06;21;33;49.99;49.99;
2026;06;21;34;25.12;25.12;
2026;06;21;35;1.13;1.13;
2026;06;21;36;0.00;-10.00;
2026;06;21;37;0.83;.83;
2026;06;21;38;-0.39;-.39;
2026;06;21;39;-2.95;-10.00;
2026;06;21;40;-1.89;-14.94;
2026;06;21;41;-6.95;-6.95;
2026;06;21;42;-0.64;-.64;
2026;06;21;43;-1.32;-1.32;
2026;06;21;44;0.00;.00;
2026;06;21;45;0.00;.00;
2026;06;21;46;-0.01;-.01;
2026;06;21;47;-2.91;-2.91;
2026;06;21;48;0.00;.00;
2026;06;21;49;-3.06;-3.06;
2026;06;21;50;-0.81;-.81;
2026;06;21;51;-0.81;-.81;
2026;06;21;52;-0.81;-.81;
2026;06;21;53;-0.79;-.79;
2026;06;21;54;-0.60;-.60;
2026;06;21;55;-0.64;-.64;
2026;06;21;56;-0.64;-.64;
2026;06;21;57;-0.74;-.74;
2026;06;21;58;-0.50;-.50;
2026;06;21;59;-3.00;-3.00;
2026;06;21;60;-2.10;-2.10;
2026;06;21;61;-3.76;-3.76;
2026;06;21;62;-2.00;-2.00;
2026;06;21;63;-2.31;-2.31;
2026;06;21;64;-2.31;-2.31;
2026;06;21;65;-1.09;-1.09;
2026;06;21;66;-1.00;-1.00;
2026;06;21;67;-0.70;-.70;
2026;06;21;68;-1.00;-1.00;
2026;06;21;69;-0.50;-.50;
2026;06;21;70;-0.21;-.21;
2026;06;21;71;-6.16;-6.16;
2026;06;21;72;-5.50;-5.50;
2026;06;21;73;-0.19;-.19;
2026;06;21;74;0.56;.56;
2026;06;21;75;0.84;.84;
2026;06;21;76;3.08;3.08;
2026;06;21;77;15.65;15.65;
2026;06;21;78;49.00;49.00;
2026;06;21;79;70.10;70.10;
2026;06;21;80;78.30;78.30;
2026;06;21;81;50.20;50.20;
2026;06;21;82;102.15;102.15;
2026;06;21;83;114.76;114.76;
2026;06;21;84;120.87;120.87;
2026;06;21;85;127.51;127.51;
2026;06;21;86;130.00;130.00;
2026;06;21;87;130.57;130.57;
2026;06;21;88;130.78;130.78;
2026;06;21;89;139.86;139.86;
2026;06;21;90;138.97;138.97;
2026;06;21;91;140.81;140.81;
2026;06;21;92;129.87;129.87;
2026;06;21;93;127.98;127.98;
2026;06;21;94;123.39;123.39;
2026;06;21;95;123.01;123.01;
2026;06;21;96;114.46;114.46;
*
