MARGINALPIBC;
2025;02;04;1;129.40;129.40;
2025;02;04;2;120.99;120.99;
2025;02;04;3;118.80;118.80;
2025;02;04;4;119.41;119.41;
2025;02;04;5;118.25;118.25;
2025;02;04;6;121.81;121.81;
2025;02;04;7;145.90;145.90;
2025;02;04;8;182.50;189.68;
2025;02;04;9;211.99;216.99;
2025;02;04;10;162.11;162.11;
2025;02;04;11;127.36;127.36;
2025;02;04;12;106.96;106.96;
2025;02;04;13;93.67;93.67;
2025;02;04;14;92.30;92.30;
2025;02;04;15;90.28;90.28;
2025;02;04;16;90.52;90.52;
2025;02;04;17;105.00;105.00;
2025;02;04;18;134.70;134.70;
2025;02;04;19;171.78;171.78;
2025;02;04;20;220.00;220.00;
2025;02;04;21;240.10;240.10;
2025;02;04;22;164.07;164.07;
2025;02;04;23;144.18;144.18;
2025;02;04;24;135.58;135.58;
*
