MARGINALPIBC;
2026;01;03;1;87.69;87.69;
2026;01;03;2;86.98;86.98;
2026;01;03;3;84.46;84.46;
2026;01;03;4;80.60;80.60;
2026;01;03;5;85.90;85.90;
2026;01;03;6;84.44;84.44;
2026;01;03;7;84.08;84.08;
2026;01;03;8;84.39;84.39;
2026;01;03;9;86.29;86.29;
2026;01;03;10;84.88;84.88;
2026;01;03;11;85.01;85.01;
2026;01;03;12;82.19;82.19;
2026;01;03;13;83.05;83.05;
2026;01;03;14;81.15;81.15;
2026;01;03;15;80.20;80.20;
2026;01;03;16;79.20;79.20;
2026;01;03;17;78.87;78.87;
2026;01;03;18;77.93;77.93;
2026;01;03;19;77.60;77.60;
2026;01;03;20;78.45;78.45;
2026;01;03;21;78.45;78.45;
2026;01;03;22;78.51;78.51;
2026;01;03;23;78.29;78.29;
2026;01;03;24;82.95;82.95;
2026;01;03;25;79.56;79.56;
2026;01;03;26;81.73;81.73;
2026;01;03;27;84.19;84.19;
2026;01;03;28;85.31;85.31;
2026;01;03;29;82.50;82.50;
2026;01;03;30;80.57;80.57;
2026;01;03;31;81.96;81.96;
2026;01;03;32;84.19;84.19;
2026;01;03;33;87.85;87.85;
2026;01;03;34;89.85;89.85;
2026;01;03;35;90.01;90.01;
2026;01;03;36;90.01;90.01;
2026;01;03;37;97.51;97.51;
2026;01;03;38;96.60;96.60;
2026;01;03;39;94.36;94.36;
2026;01;03;40;92.05;92.05;
2026;01;03;41;99.05;99.05;
2026;01;03;42;95.00;95.00;
2026;01;03;43;91.45;91.45;
2026;01;03;44;87.85;87.85;
2026;01;03;45;91.92;91.92;
2026;01;03;46;89.00;89.00;
2026;01;03;47;87.85;87.85;
2026;01;03;48;86.03;86.03;
2026;01;03;49;86.85;86.85;
2026;01;03;50;87.06;87.06;
2026;01;03;51;87.16;87.16;
2026;01;03;52;86.84;86.84;
2026;01;03;53;85.85;85.85;
2026;01;03;54;85.52;85.52;
2026;01;03;55;85.95;85.95;
2026;01;03;56;88.99;88.99;
2026;01;03;57;85.11;85.11;
2026;01;03;58;88.35;88.35;
2026;01;03;59;90.54;90.54;
2026;01;03;60;94.85;94.85;
2026;01;03;61;88.31;88.31;
2026;01;03;62;90.95;90.95;
2026;01;03;63;95.27;95.27;
2026;01;03;64;97.62;97.62;
2026;01;03;65;94.72;94.72;
2026;01;03;66;99.00;99.00;
2026;01;03;67;99.34;99.34;
2026;01;03;68;100.78;100.78;
2026;01;03;69;100.35;100.35;
2026;01;03;70;103.62;103.62;
2026;01;03;71;106.44;108.44;
2026;01;03;72;111.91;111.91;
2026;01;03;73;105.40;105.40;
2026;01;03;74;105.30;105.30;
2026;01;03;75;105.12;105.12;
2026;01;03;76;105.00;105.00;
2026;01;03;77;104.36;104.36;
2026;01;03;78;102.12;102.12;
2026;01;03;79;101.99;101.99;
2026;01;03;80;100.00;100.00;
2026;01;03;81;99.78;99.78;
2026;01;03;82;99.46;99.46;
2026;01;03;83;98.20;98.20;
2026;01;03;84;94.35;94.35;
2026;01;03;85;97.52;97.52;
2026;01;03;86;94.86;94.86;
2026;01;03;87;93.72;93.72;
2026;01;03;88;89.01;89.01;
2026;01;03;89;96.01;96.01;
2026;01;03;90;91.91;91.91;
2026;01;03;91;92.00;92.00;
2026;01;03;92;89.66;89.66;
2026;01;03;93;94.03;94.03;
2026;01;03;94;90.46;90.46;
2026;01;03;95;89.30;89.30;
2026;01;03;96;86.84;86.84;
*
