MARGINALPIBC;
2025;07;01;1;135.00;135.00;
2025;07;01;2;130.48;130.48;
2025;07;01;3;129.98;129.98;
2025;07;01;4;127.38;127.38;
2025;07;01;5;123.32;123.32;
2025;07;01;6;121.87;121.87;
2025;07;01;7;118.32;118.32;
2025;07;01;8;118.32;118.32;
2025;07;01;9;118.26;118.26;
2025;07;01;10;116.70;116.70;
2025;07;01;11;116.70;116.70;
2025;07;01;12;116.70;116.70;
2025;07;01;13;117.53;117.53;
2025;07;01;14;115.98;115.98;
2025;07;01;15;115.98;115.98;
2025;07;01;16;115.98;115.98;
2025;07;01;17;114.80;114.80;
2025;07;01;18;114.80;114.80;
2025;07;01;19;114.80;114.80;
2025;07;01;20;114.80;114.80;
2025;07;01;21;115.98;115.98;
2025;07;01;22;115.98;115.98;
2025;07;01;23;115.98;115.98;
2025;07;01;24;116.64;116.64;
2025;07;01;25;116.22;116.22;
2025;07;01;26;116.22;116.22;
2025;07;01;27;121.22;121.22;
2025;07;01;28;122.86;122.86;
2025;07;01;29;125.04;125.04;
2025;07;01;30;126.40;126.40;
2025;07;01;31;121.35;121.35;
2025;07;01;32;116.40;116.40;
2025;07;01;33;139.92;139.92;
2025;07;01;34;121.79;121.79;
2025;07;01;35;114.74;114.74;
2025;07;01;36;102.37;102.37;
2025;07;01;37;125.00;125.00;
2025;07;01;38;110.00;110.00;
2025;07;01;39;104.65;104.65;
2025;07;01;40;98.47;98.47;
2025;07;01;41;100.22;100.22;
2025;07;01;42;96.41;96.41;
2025;07;01;43;93.36;93.36;
2025;07;01;44;90.13;90.13;
2025;07;01;45;85.70;85.70;
2025;07;01;46;81.12;81.12;
2025;07;01;47;80.70;80.70;
2025;07;01;48;80.70;80.70;
2025;07;01;49;80.49;80.49;
2025;07;01;50;80.00;80.00;
2025;07;01;51;80.00;80.00;
2025;07;01;52;80.00;80.00;
2025;07;01;53;81.00;81.00;
2025;07;01;54;81.12;81.12;
2025;07;01;55;80.15;80.15;
2025;07;01;56;80.15;80.15;
2025;07;01;57;82.37;82.37;
2025;07;01;58;82.37;82.37;
2025;07;01;59;83.00;83.00;
2025;07;01;60;83.19;83.19;
2025;07;01;61;81.65;81.65;
2025;07;01;62;81.65;81.65;
2025;07;01;63;84.57;84.57;
2025;07;01;64;86.89;86.89;
2025;07;01;65;90.39;90.39;
2025;07;01;66;90.45;90.45;
2025;07;01;67;92.00;92.00;
2025;07;01;68;97.00;97.00;
2025;07;01;69;94.44;94.44;
2025;07;01;70;97.65;97.65;
2025;07;01;71;104.62;104.62;
2025;07;01;72;112.65;112.65;
2025;07;01;73;104.91;104.91;
2025;07;01;74;107.47;107.47;
2025;07;01;75;109.91;109.91;
2025;07;01;76;113.82;113.82;
2025;07;01;77;109.60;109.60;
2025;07;01;78;115.50;115.50;
2025;07;01;79;120.98;120.98;
2025;07;01;80;134.27;134.27;
2025;07;01;81;105.00;105.00;
2025;07;01;82;115.01;115.01;
2025;07;01;83;127.64;127.64;
2025;07;01;84;142.25;142.25;
2025;07;01;85;162.31;162.31;
2025;07;01;86;167.00;167.00;
2025;07;01;87;167.00;167.00;
2025;07;01;88;167.00;167.00;
2025;07;01;89;159.66;159.66;
2025;07;01;90;159.66;159.66;
2025;07;01;91;159.66;159.66;
2025;07;01;92;149.66;149.66;
2025;07;01;93;154.78;154.78;
2025;07;01;94;140.00;140.00;
2025;07;01;95;129.68;129.68;
2025;07;01;96;116.99;116.99;
*
