MARGINALPIBC;
2026;02;14;1;0.01;.01;
2026;02;14;2;0.03;.03;
2026;02;14;3;0.01;.01;
2026;02;14;4;0.00;.00;
2026;02;14;5;0.00;.00;
2026;02;14;6;0.00;.00;
2026;02;14;7;0.00;.00;
2026;02;14;8;-0.04;-.04;
2026;02;14;9;-0.04;-.04;
2026;02;14;10;-0.02;-.02;
2026;02;14;11;-0.04;-.04;
2026;02;14;12;-0.16;-.16;
2026;02;14;13;-0.25;-.25;
2026;02;14;14;-0.27;-.27;
2026;02;14;15;-0.52;-.52;
2026;02;14;16;-0.52;-.52;
2026;02;14;17;-0.52;-.52;
2026;02;14;18;-0.54;-.54;
2026;02;14;19;-0.57;-.57;
2026;02;14;20;-0.57;-.57;
2026;02;14;21;-0.54;-.54;
2026;02;14;22;-0.57;-.57;
2026;02;14;23;-0.57;-.57;
2026;02;14;24;-0.57;-.57;
2026;02;14;25;-0.34;-.34;
2026;02;14;26;-0.32;-.32;
2026;02;14;27;-0.34;-.34;
2026;02;14;28;-0.32;-.32;
2026;02;14;29;-0.27;-.27;
2026;02;14;30;-0.15;-.15;
2026;02;14;31;-0.15;-.15;
2026;02;14;32;-0.10;-.04;
2026;02;14;33;-0.10;-.10;
2026;02;14;34;-0.04;-.04;
2026;02;14;35;0.00;.00;
2026;02;14;36;-0.04;-.04;
2026;02;14;37;-0.04;-.04;
2026;02;14;38;-0.20;-.20;
2026;02;14;39;-0.79;-.81;
2026;02;14;40;0.00;-.81;
2026;02;14;41;-0.81;-.81;
2026;02;14;42;-0.81;-.81;
2026;02;14;43;-0.81;-.81;
2026;02;14;44;-0.81;-.81;
2026;02;14;45;-1.00;-1.00;
2026;02;14;46;-1.50;-1.50;
2026;02;14;47;-2.00;-2.00;
2026;02;14;48;-3.99;-3.99;
2026;02;14;49;-4.00;-4.00;
2026;02;14;50;-4.00;-4.00;
2026;02;14;51;-4.00;-4.00;
2026;02;14;52;-4.00;-4.00;
2026;02;14;53;-4.00;-4.00;
2026;02;14;54;-4.00;-4.00;
2026;02;14;55;-4.00;-4.00;
2026;02;14;56;-4.00;-4.00;
2026;02;14;57;-4.00;-4.00;
2026;02;14;58;-4.00;-4.00;
2026;02;14;59;-4.00;-4.00;
2026;02;14;60;-4.00;-4.00;
2026;02;14;61;-4.00;-4.00;
2026;02;14;62;-4.00;-4.00;
2026;02;14;63;-4.00;-4.00;
2026;02;14;64;-2.20;-4.00;
2026;02;14;65;-2.00;-4.00;
2026;02;14;66;-2.00;-2.00;
2026;02;14;67;-1.85;-1.85;
2026;02;14;68;-0.81;-.81;
2026;02;14;69;-0.81;-.81;
2026;02;14;70;-0.81;-.81;
2026;02;14;71;-0.04;-.04;
2026;02;14;72;0.00;.00;
2026;02;14;73;0.77;.77;
2026;02;14;74;1.20;2.00;
2026;02;14;75;0.36;3.78;
2026;02;14;76;3.78;5.37;
2026;02;14;77;2.25;5.10;
2026;02;14;78;5.88;12.00;
2026;02;14;79;10.05;10.05;
2026;02;14;80;4.55;7.95;
2026;02;14;81;4.65;12.00;
2026;02;14;82;4.65;9.91;
2026;02;14;83;6.50;6.50;
2026;02;14;84;6.50;6.50;
2026;02;14;85;4.65;18.01;
2026;02;14;86;4.65;18.01;
2026;02;14;87;4.65;18.70;
2026;02;14;88;4.65;17.63;
2026;02;14;89;13.00;19.50;
2026;02;14;90;9.00;14.00;
2026;02;14;91;5.98;10.63;
2026;02;14;92;4.55;9.06;
2026;02;14;93;5.27;5.37;
2026;02;14;94;5.66;5.66;
2026;02;14;95;3.98;3.98;
2026;02;14;96;3.78;3.78;
*
