MARGINALPIBC;
2025;06;16;1;65.00;65.00;
2025;06;16;2;60.00;60.00;
2025;06;16;3;42.74;42.74;
2025;06;16;4;32.74;32.74;
2025;06;16;5;35.95;35.95;
2025;06;16;6;29.94;29.94;
2025;06;16;7;24.50;24.50;
2025;06;16;8;19.21;19.21;
2025;06;16;9;21.53;21.53;
2025;06;16;10;17.52;17.52;
2025;06;16;11;16.58;16.58;
2025;06;16;12;11.58;11.58;
2025;06;16;13;13.27;13.27;
2025;06;16;14;13.27;13.27;
2025;06;16;15;11.27;11.27;
2025;06;16;16;13.27;13.27;
2025;06;16;17;15.00;15.00;
2025;06;16;18;15.01;15.01;
2025;06;16;19;20.00;20.00;
2025;06;16;20;25.00;25.00;
2025;06;16;21;25.00;25.00;
2025;06;16;22;29.76;29.76;
2025;06;16;23;37.14;37.14;
2025;06;16;24;51.27;51.27;
2025;06;16;25;40.44;40.44;
2025;06;16;26;59.97;59.97;
2025;06;16;27;60.10;60.10;
2025;06;16;28;63.32;63.32;
2025;06;16;29;81.60;81.60;
2025;06;16;30;81.63;81.63;
2025;06;16;31;71.70;71.70;
2025;06;16;32;71.60;71.60;
2025;06;16;33;89.49;89.49;
2025;06;16;34;76.41;76.41;
2025;06;16;35;56.49;56.49;
2025;06;16;36;13.52;13.52;
2025;06;16;37;46.44;46.44;
2025;06;16;38;27.99;27.99;
2025;06;16;39;19.98;19.98;
2025;06;16;40;19.97;.00;
2025;06;16;41;14.75;4.51;
2025;06;16;42;14.75;3.00;
2025;06;16;43;10.31;-.57;
2025;06;16;44;10.31;-3.41;
2025;06;16;45;22.51;.50;
2025;06;16;46;20.33;-.57;
2025;06;16;47;15.01;-1.01;
2025;06;16;48;10.31;-.57;
2025;06;16;49;15.88;.04;
2025;06;16;50;20.33;-.85;
2025;06;16;51;20.33;.00;
2025;06;16;52;20.33;.32;
2025;06;16;53;15.73;-.57;
2025;06;16;54;18.68;-.57;
2025;06;16;55;20.33;.35;
2025;06;16;56;20.73;.42;
2025;06;16;57;15.78;-.01;
2025;06;16;58;20.33;.86;
2025;06;16;59;20.73;.86;
2025;06;16;60;21.56;1.47;
2025;06;16;61;15.78;2.02;
2025;06;16;62;20.33;2.02;
2025;06;16;63;21.73;3.51;
2025;06;16;64;24.11;3.52;
2025;06;16;65;17.72;17.72;
2025;06;16;66;17.73;17.73;
2025;06;16;67;25.00;25.00;
2025;06;16;68;33.61;33.61;
2025;06;16;69;16.69;16.69;
2025;06;16;70;31.70;31.70;
2025;06;16;71;52.69;52.69;
2025;06;16;72;78.34;72.89;
2025;06;16;73;68.91;68.91;
2025;06;16;74;86.13;86.13;
2025;06;16;75;98.80;98.80;
2025;06;16;76;101.29;101.29;
2025;06;16;77;86.13;86.13;
2025;06;16;78;100.20;100.20;
2025;06;16;79;113.94;113.94;
2025;06;16;80;117.30;117.30;
2025;06;16;81;102.91;102.91;
2025;06;16;82;119.14;119.14;
2025;06;16;83;123.41;123.41;
2025;06;16;84;125.43;125.43;
2025;06;16;85;204.17;204.17;
2025;06;16;86;206.50;206.50;
2025;06;16;87;205.44;205.44;
2025;06;16;88;204.50;204.50;
2025;06;16;89;164.13;164.13;
2025;06;16;90;162.27;162.27;
2025;06;16;91;159.49;159.49;
2025;06;16;92;151.91;151.91;
2025;06;16;93;122.62;122.62;
2025;06;16;94;120.41;120.41;
2025;06;16;95;116.19;116.19;
2025;06;16;96;110.41;110.41;
*
