MARGINALPIBC;
2025;04;10;1;28.68;28.68;
2025;04;10;2;23.68;23.68;
2025;04;10;3;14.68;14.68;
2025;04;10;4;7.41;7.41;
2025;04;10;5;23.46;23.46;
2025;04;10;6;16.70;16.70;
2025;04;10;7;15.91;15.91;
2025;04;10;8;14.37;14.37;
2025;04;10;9;14.37;14.37;
2025;04;10;10;14.37;14.37;
2025;04;10;11;13.84;13.84;
2025;04;10;12;11.20;11.20;
2025;04;10;13;11.20;11.20;
2025;04;10;14;11.20;11.20;
2025;04;10;15;11.20;11.20;
2025;04;10;16;10.78;10.78;
2025;04;10;17;10.99;10.99;
2025;04;10;18;10.99;10.99;
2025;04;10;19;10.99;10.99;
2025;04;10;20;10.99;10.99;
2025;04;10;21;10.78;10.78;
2025;04;10;22;10.78;10.78;
2025;04;10;23;10.78;10.78;
2025;04;10;24;10.80;10.80;
2025;04;10;25;10.99;10.99;
2025;04;10;26;10.99;10.99;
2025;04;10;27;11.20;11.20;
2025;04;10;28;10.00;10.00;
2025;04;10;29;17.86;17.86;
2025;04;10;30;28.84;28.84;
2025;04;10;31;30.01;30.01;
2025;04;10;32;30.01;30.01;
2025;04;10;33;37.50;37.50;
2025;04;10;34;37.45;37.45;
2025;04;10;35;32.50;32.50;
2025;04;10;36;29.51;29.51;
2025;04;10;37;30.48;30.48;
2025;04;10;38;25.48;25.48;
2025;04;10;39;10.00;10.00;
2025;04;10;40;6.48;6.48;
2025;04;10;41;14.00;14.00;
2025;04;10;42;10.99;10.99;
2025;04;10;43;4.51;4.51;
2025;04;10;44;-1.01;-1.01;
2025;04;10;45;0.65;.65;
2025;04;10;46;0.65;.65;
2025;04;10;47;-1.45;-1.45;
2025;04;10;48;-3.00;-3.00;
2025;04;10;49;-4.62;-4.62;
2025;04;10;50;-5.20;-5.20;
2025;04;10;51;-6.00;-6.00;
2025;04;10;52;-6.00;-6.00;
2025;04;10;53;-5.00;-6.00;
2025;04;10;54;-5.00;-6.00;
2025;04;10;55;-5.00;-6.00;
2025;04;10;56;-8.00;-8.00;
2025;04;10;57;-2.80;-2.80;
2025;04;10;58;-2.11;-2.11;
2025;04;10;59;-0.51;-.51;
2025;04;10;60;0.00;-.06;
2025;04;10;61;-0.01;-.01;
2025;04;10;62;-0.01;-.01;
2025;04;10;63;0.00;-.01;
2025;04;10;64;0.00;-.01;
2025;04;10;65;0.00;-8.00;
2025;04;10;66;0.00;-8.00;
2025;04;10;67;0.00;-6.00;
2025;04;10;68;0.00;-5.20;
2025;04;10;69;0.00;-5.50;
2025;04;10;70;3.59;-3.30;
2025;04;10;71;4.31;-2.90;
2025;04;10;72;4.31;.00;
2025;04;10;73;-4.62;-4.62;
2025;04;10;74;-1.54;-1.54;
2025;04;10;75;4.99;4.99;
2025;04;10;76;5.11;5.11;
2025;04;10;77;10.78;10.78;
2025;04;10;78;14.37;14.37;
2025;04;10;79;20.30;20.30;
2025;04;10;80;41.01;41.01;
2025;04;10;81;28.50;28.50;
2025;04;10;82;38.00;38.00;
2025;04;10;83;38.03;38.03;
2025;04;10;84;38.00;38.00;
2025;04;10;85;64.02;64.02;
2025;04;10;86;51.83;51.83;
2025;04;10;87;48.82;48.82;
2025;04;10;88;25.82;25.82;
2025;04;10;89;43.30;43.30;
2025;04;10;90;41.30;41.30;
2025;04;10;91;43.30;43.30;
2025;04;10;92;42.79;42.79;
2025;04;10;93;28.68;28.68;
2025;04;10;94;23.68;23.68;
2025;04;10;95;24.98;24.98;
2025;04;10;96;15.96;15.96;
*
