MARGINALPIBC;
2026;03;19;1;30.01;30.01;
2026;03;19;2;27.00;27.00;
2026;03;19;3;0.00;.00;
2026;03;19;4;-0.81;-.81;
2026;03;19;5;14.84;14.84;
2026;03;19;6;9.71;9.71;
2026;03;19;7;12.93;12.93;
2026;03;19;8;13.72;13.72;
2026;03;19;9;14.54;14.54;
2026;03;19;10;12.72;12.72;
2026;03;19;11;9.95;9.95;
2026;03;19;12;0.75;.75;
2026;03;19;13;3.77;3.77;
2026;03;19;14;-0.99;-.99;
2026;03;19;15;-0.99;-.99;
2026;03;19;16;-0.99;-.99;
2026;03;19;17;1.15;1.15;
2026;03;19;18;-0.83;-.83;
2026;03;19;19;-0.99;-.99;
2026;03;19;20;0.00;.00;
2026;03;19;21;4.61;4.61;
2026;03;19;22;3.49;3.49;
2026;03;19;23;2.24;2.24;
2026;03;19;24;5.27;5.27;
2026;03;19;25;-0.99;-.99;
2026;03;19;26;-0.02;-.02;
2026;03;19;27;5.00;5.00;
2026;03;19;28;22.83;22.83;
2026;03;19;29;33.42;33.42;
2026;03;19;30;38.30;38.30;
2026;03;19;31;41.00;41.00;
2026;03;19;32;36.02;36.02;
2026;03;19;33;30.78;30.78;
2026;03;19;34;15.30;15.30;
2026;03;19;35;5.00;5.00;
2026;03;19;36;-3.67;-3.67;
2026;03;19;37;0.00;.00;
2026;03;19;38;-1.07;-1.07;
2026;03;19;39;-1.43;-1.43;
2026;03;19;40;-3.67;-3.67;
2026;03;19;41;-1.28;-1.28;
2026;03;19;42;-2.46;-6.34;
2026;03;19;43;-1.28;-19.00;
2026;03;19;44;-1.28;-14.00;
2026;03;19;45;0.00;.00;
2026;03;19;46;-0.79;-.79;
2026;03;19;47;-0.05;-.05;
2026;03;19;48;-0.01;-.01;
2026;03;19;49;0.00;.00;
2026;03;19;50;0.00;.00;
2026;03;19;51;0.00;.00;
2026;03;19;52;0.00;.00;
2026;03;19;53;0.00;.00;
2026;03;19;54;0.00;.00;
2026;03;19;55;-0.01;-.01;
2026;03;19;56;0.00;.00;
2026;03;19;57;0.00;.00;
2026;03;19;58;0.00;.00;
2026;03;19;59;0.00;.00;
2026;03;19;60;0.00;.00;
2026;03;19;61;-2.46;-7.50;
2026;03;19;62;-1.28;-7.82;
2026;03;19;63;-1.28;-7.50;
2026;03;19;64;0.00;-5.47;
2026;03;19;65;-1.28;-5.06;
2026;03;19;66;-1.28;-1.50;
2026;03;19;67;-1.29;-1.29;
2026;03;19;68;-0.89;-.89;
2026;03;19;69;-0.89;-.89;
2026;03;19;70;0.00;.00;
2026;03;19;71;2.29;2.29;
2026;03;19;72;14.54;14.54;
2026;03;19;73;-1.07;-1.07;
2026;03;19;74;5.00;5.00;
2026;03;19;75;26.02;26.02;
2026;03;19;76;44.68;44.68;
2026;03;19;77;53.46;53.46;
2026;03;19;78;72.20;72.20;
2026;03;19;79;83.52;83.52;
2026;03;19;80;88.72;88.72;
2026;03;19;81;80.82;80.82;
2026;03;19;82;84.44;84.44;
2026;03;19;83;74.46;74.46;
2026;03;19;84;63.08;63.08;
2026;03;19;85;66.75;66.75;
2026;03;19;86;63.49;63.49;
2026;03;19;87;62.67;62.67;
2026;03;19;88;44.00;44.00;
2026;03;19;89;50.24;50.24;
2026;03;19;90;49.33;49.33;
2026;03;19;91;59.80;59.80;
2026;03;19;92;47.30;47.30;
2026;03;19;93;48.00;48.00;
2026;03;19;94;40.16;40.16;
2026;03;19;95;38.44;38.44;
2026;03;19;96;35.30;35.30;
*
