MARGINALPIBC;
2025;09;27;1;106.86;106.86;
2025;09;27;2;105.88;105.88;
2025;09;27;3;105.28;105.28;
2025;09;27;4;103.87;103.87;
2025;09;27;5;100.78;100.78;
2025;09;27;6;99.50;99.50;
2025;09;27;7;98.83;98.83;
2025;09;27;8;96.83;96.83;
2025;09;27;9;96.36;96.36;
2025;09;27;10;95.51;95.51;
2025;09;27;11;95.12;95.12;
2025;09;27;12;94.15;94.15;
2025;09;27;13;99.31;99.31;
2025;09;27;14;99.00;99.00;
2025;09;27;15;98.10;98.10;
2025;09;27;16;97.00;97.00;
2025;09;27;17;95.48;95.48;
2025;09;27;18;95.47;95.47;
2025;09;27;19;95.44;95.44;
2025;09;27;20;94.92;94.92;
2025;09;27;21;92.75;92.75;
2025;09;27;22;92.07;92.07;
2025;09;27;23;91.85;91.85;
2025;09;27;24;93.00;93.00;
2025;09;27;25;91.03;91.03;
2025;09;27;26;91.03;91.03;
2025;09;27;27;91.66;91.66;
2025;09;27;28;92.77;92.77;
2025;09;27;29;93.15;93.15;
2025;09;27;30;93.60;93.60;
2025;09;27;31;94.62;94.62;
2025;09;27;32;96.60;96.60;
2025;09;27;33;101.93;101.93;
2025;09;27;34;99.56;99.56;
2025;09;27;35;89.67;89.67;
2025;09;27;36;76.67;76.67;
2025;09;27;37;98.08;98.08;
2025;09;27;38;87.41;87.41;
2025;09;27;39;57.50;57.50;
2025;09;27;40;30.24;30.24;
2025;09;27;41;75.98;75.98;
2025;09;27;42;40.80;40.80;
2025;09;27;43;31.06;18.81;
2025;09;27;44;25.12;.65;
2025;09;27;45;25.25;25.25;
2025;09;27;46;21.56;20.25;
2025;09;27;47;20.24;19.25;
2025;09;27;48;20.24;6.25;
2025;09;27;49;16.79;16.79;
2025;09;27;50;16.79;16.79;
2025;09;27;51;16.77;16.77;
2025;09;27;52;16.76;16.76;
2025;09;27;53;16.59;12.91;
2025;09;27;54;16.59;12.71;
2025;09;27;55;13.06;5.92;
2025;09;27;56;8.61;5.92;
2025;09;27;57;5.14;5.14;
2025;09;27;58;5.14;5.14;
2025;09;27;59;2.00;2.00;
2025;09;27;60;1.51;1.51;
2025;09;27;61;1.00;1.00;
2025;09;27;62;1.00;1.00;
2025;09;27;63;1.00;1.00;
2025;09;27;64;3.21;3.21;
2025;09;27;65;7.27;-.49;
2025;09;27;66;7.27;2.00;
2025;09;27;67;8.61;8.61;
2025;09;27;68;15.08;15.08;
2025;09;27;69;8.61;.00;
2025;09;27;70;16.79;16.79;
2025;09;27;71;26.10;26.10;
2025;09;27;72;37.91;37.91;
2025;09;27;73;13.06;13.06;
2025;09;27;74;31.06;31.06;
2025;09;27;75;79.64;79.64;
2025;09;27;76;93.28;93.28;
2025;09;27;77;55.14;55.14;
2025;09;27;78;83.92;83.92;
2025;09;27;79;92.56;92.56;
2025;09;27;80;101.75;101.75;
2025;09;27;81;86.02;86.02;
2025;09;27;82;89.37;89.37;
2025;09;27;83;92.51;92.51;
2025;09;27;84;92.06;92.06;
2025;09;27;85;91.61;91.61;
2025;09;27;86;90.56;90.56;
2025;09;27;87;88.04;88.04;
2025;09;27;88;82.22;82.22;
2025;09;27;89;89.88;89.88;
2025;09;27;90;86.29;86.29;
2025;09;27;91;85.17;85.17;
2025;09;27;92;75.17;75.17;
2025;09;27;93;88.74;88.74;
2025;09;27;94;86.84;86.84;
2025;09;27;95;84.33;84.33;
2025;09;27;96;81.75;81.75;
*
