MARGINALPIBC;
2025;07;14;1;118.89;118.89;
2025;07;14;2;117.34;117.34;
2025;07;14;3;112.85;112.85;
2025;07;14;4;109.44;109.44;
2025;07;14;5;112.45;112.45;
2025;07;14;6;108.70;108.70;
2025;07;14;7;104.21;104.21;
2025;07;14;8;101.21;101.21;
2025;07;14;9;106.86;106.86;
2025;07;14;10;103.27;103.27;
2025;07;14;11;100.34;100.34;
2025;07;14;12;99.15;99.15;
2025;07;14;13;101.95;101.95;
2025;07;14;14;99.77;99.77;
2025;07;14;15;99.56;99.56;
2025;07;14;16;99.77;99.77;
2025;07;14;17;100.00;100.00;
2025;07;14;18;99.56;99.56;
2025;07;14;19;100.91;100.91;
2025;07;14;20;102.37;102.37;
2025;07;14;21;101.21;101.21;
2025;07;14;22;102.11;102.11;
2025;07;14;23;104.96;104.96;
2025;07;14;24;108.47;108.47;
2025;07;14;25;113.43;113.43;
2025;07;14;26;116.98;116.98;
2025;07;14;27;118.75;118.75;
2025;07;14;28;120.18;120.18;
2025;07;14;29;122.72;122.72;
2025;07;14;30;122.77;122.77;
2025;07;14;31;122.72;122.72;
2025;07;14;32;122.22;122.22;
2025;07;14;33;123.36;123.36;
2025;07;14;34;116.77;116.77;
2025;07;14;35;100.01;100.01;
2025;07;14;36;81.11;81.11;
2025;07;14;37;91.18;91.18;
2025;07;14;38;81.77;81.77;
2025;07;14;39;60.19;60.19;
2025;07;14;40;55.10;43.00;
2025;07;14;41;65.25;65.25;
2025;07;14;42;65.00;65.00;
2025;07;14;43;50.00;50.00;
2025;07;14;44;48.11;36.01;
2025;07;14;45;33.97;33.97;
2025;07;14;46;33.97;33.72;
2025;07;14;47;33.97;28.72;
2025;07;14;48;33.97;25.72;
2025;07;14;49;34.31;34.31;
2025;07;14;50;34.17;34.17;
2025;07;14;51;34.17;34.17;
2025;07;14;52;34.11;34.06;
2025;07;14;53;39.77;38.80;
2025;07;14;54;39.05;38.43;
2025;07;14;55;38.91;30.85;
2025;07;14;56;38.13;27.14;
2025;07;14;57;31.74;25.85;
2025;07;14;58;31.74;27.59;
2025;07;14;59;32.46;32.46;
2025;07;14;60;31.74;31.49;
2025;07;14;61;19.18;19.18;
2025;07;14;62;19.18;19.18;
2025;07;14;63;18.46;18.21;
2025;07;14;64;18.41;18.21;
2025;07;14;65;27.34;22.09;
2025;07;14;66;27.34;27.09;
2025;07;14;67;28.06;28.06;
2025;07;14;68;32.09;32.09;
2025;07;14;69;47.61;1.50;
2025;07;14;70;47.61;22.03;
2025;07;14;71;47.61;38.72;
2025;07;14;72;47.75;47.75;
2025;07;14;73;14.01;14.01;
2025;07;14;74;33.37;33.37;
2025;07;14;75;55.10;55.10;
2025;07;14;76;65.52;65.52;
2025;07;14;77;38.13;38.13;
2025;07;14;78;57.76;57.76;
2025;07;14;79;78.41;78.41;
2025;07;14;80;99.56;99.56;
2025;07;14;81;77.06;77.06;
2025;07;14;82;99.96;99.96;
2025;07;14;83;116.56;116.56;
2025;07;14;84;122.06;122.06;
2025;07;14;85;108.64;108.64;
2025;07;14;86;116.54;116.54;
2025;07;14;87;117.36;117.36;
2025;07;14;88;115.86;115.86;
2025;07;14;89;119.68;119.68;
2025;07;14;90;118.75;118.75;
2025;07;14;91;114.90;114.90;
2025;07;14;92;101.00;101.00;
2025;07;14;93;118.26;118.26;
2025;07;14;94;112.20;112.20;
2025;07;14;95;103.39;103.39;
2025;07;14;96;98.56;98.56;
*
