MARGINALPIBC;
2025;07;02;1;141.17;141.17;
2025;07;02;2;138.54;138.54;
2025;07;02;3;130.14;130.14;
2025;07;02;4;130.14;130.14;
2025;07;02;5;126.73;126.73;
2025;07;02;6;125.76;125.76;
2025;07;02;7;125.00;125.00;
2025;07;02;8;120.00;120.00;
2025;07;02;9;122.86;122.86;
2025;07;02;10;119.23;119.23;
2025;07;02;11;112.63;112.63;
2025;07;02;12;112.13;112.13;
2025;07;02;13;120.63;120.63;
2025;07;02;14;117.18;117.18;
2025;07;02;15;115.64;115.64;
2025;07;02;16;111.63;111.63;
2025;07;02;17;117.68;117.68;
2025;07;02;18;116.14;116.14;
2025;07;02;19;116.14;116.14;
2025;07;02;20;116.44;116.44;
2025;07;02;21;111.92;111.92;
2025;07;02;22;112.92;112.92;
2025;07;02;23;115.92;115.92;
2025;07;02;24;122.92;122.92;
2025;07;02;25;111.00;111.00;
2025;07;02;26;116.00;116.00;
2025;07;02;27;121.00;121.00;
2025;07;02;28;126.01;126.01;
2025;07;02;29;122.96;122.96;
2025;07;02;30;122.86;122.86;
2025;07;02;31;118.55;118.55;
2025;07;02;32;113.55;113.55;
2025;07;02;33;132.03;132.03;
2025;07;02;34;122.40;122.40;
2025;07;02;35;105.45;105.45;
2025;07;02;36;89.03;89.03;
2025;07;02;37;118.52;118.52;
2025;07;02;38;105.24;105.24;
2025;07;02;39;97.09;97.09;
2025;07;02;40;84.11;84.11;
2025;07;02;41;96.80;96.80;
2025;07;02;42;84.41;84.41;
2025;07;02;43;81.79;81.79;
2025;07;02;44;80.68;80.68;
2025;07;02;45;85.00;85.00;
2025;07;02;46;74.13;74.13;
2025;07;02;47;72.34;72.34;
2025;07;02;48;74.13;74.13;
2025;07;02;49;70.64;70.64;
2025;07;02;50;68.47;66.64;
2025;07;02;51;68.47;68.47;
2025;07;02;52;70.54;70.54;
2025;07;02;53;68.47;65.49;
2025;07;02;54;70.64;70.64;
2025;07;02;55;70.64;70.64;
2025;07;02;56;68.47;68.47;
2025;07;02;57;68.47;68.47;
2025;07;02;58;68.47;68.47;
2025;07;02;59;68.47;68.47;
2025;07;02;60;65.64;65.64;
2025;07;02;61;68.47;68.47;
2025;07;02;62;68.47;66.18;
2025;07;02;63;71.57;71.57;
2025;07;02;64;79.18;79.18;
2025;07;02;65;62.14;59.60;
2025;07;02;66;68.47;68.47;
2025;07;02;67;71.23;71.23;
2025;07;02;68;74.13;74.13;
2025;07;02;69;71.23;71.23;
2025;07;02;70;74.13;74.13;
2025;07;02;71;74.14;74.14;
2025;07;02;72;75.00;75.00;
2025;07;02;73;71.23;71.23;
2025;07;02;74;74.13;74.13;
2025;07;02;75;85.18;85.18;
2025;07;02;76;95.67;95.67;
2025;07;02;77;62.19;62.19;
2025;07;02;78;74.13;74.13;
2025;07;02;79;98.99;98.99;
2025;07;02;80;117.04;117.04;
2025;07;02;81;71.23;71.23;
2025;07;02;82;92.92;92.92;
2025;07;02;83;117.92;117.92;
2025;07;02;84;131.61;131.61;
2025;07;02;85;125.76;125.76;
2025;07;02;86;126.16;126.16;
2025;07;02;87;126.16;126.16;
2025;07;02;88;126.16;126.16;
2025;07;02;89;129.38;129.38;
2025;07;02;90;125.10;125.10;
2025;07;02;91;125.03;125.03;
2025;07;02;92;116.89;116.89;
2025;07;02;93;120.96;120.96;
2025;07;02;94;113.79;113.79;
2025;07;02;95;102.79;102.79;
2025;07;02;96;93.39;93.39;
*
