MARGINALPIBC;
2025;02;02;1;129.16;129.16;
2025;02;02;2;123.80;123.80;
2025;02;02;3;118.13;118.13;
2025;02;02;4;113.64;113.64;
2025;02;02;5;108.72;108.72;
2025;02;02;6;115.66;115.66;
2025;02;02;7;111.50;111.50;
2025;02;02;8;115.17;115.17;
2025;02;02;9;127.55;127.55;
2025;02;02;10;128.28;128.28;
2025;02;02;11;114.05;114.05;
2025;02;02;12;98.36;98.36;
2025;02;02;13;92.87;92.87;
2025;02;02;14;95.00;95.00;
2025;02;02;15;95.00;95.00;
2025;02;02;16;99.35;99.35;
2025;02;02;17;99.76;99.76;
2025;02;02;18;120.88;120.88;
2025;02;02;19;153.20;153.20;
2025;02;02;20;170.81;170.81;
2025;02;02;21;163.00;163.00;
2025;02;02;22;150.77;150.77;
2025;02;02;23;146.45;146.45;
2025;02;02;24;130.51;130.51;
*
