MARGINALPIBC;
2025;11;22;1;87.99;87.99;
2025;11;22;2;87.66;87.66;
2025;11;22;3;83.98;83.98;
2025;11;22;4;83.69;83.69;
2025;11;22;5;82.49;82.49;
2025;11;22;6;81.56;81.56;
2025;11;22;7;77.20;77.20;
2025;11;22;8;72.46;72.46;
2025;11;22;9;81.65;81.65;
2025;11;22;10;77.20;77.20;
2025;11;22;11;72.55;72.55;
2025;11;22;12;68.45;68.45;
2025;11;22;13;74.20;74.20;
2025;11;22;14;70.20;70.20;
2025;11;22;15;68.25;68.25;
2025;11;22;16;68.25;68.25;
2025;11;22;17;67.42;67.42;
2025;11;22;18;67.42;67.42;
2025;11;22;19;67.42;67.42;
2025;11;22;20;67.42;67.42;
2025;11;22;21;67.42;67.42;
2025;11;22;22;67.42;67.42;
2025;11;22;23;67.42;67.42;
2025;11;22;24;67.42;67.42;
2025;11;22;25;70.80;70.80;
2025;11;22;26;73.45;73.45;
2025;11;22;27;75.10;75.10;
2025;11;22;28;79.08;79.08;
2025;11;22;29;79.49;79.49;
2025;11;22;30;80.90;80.90;
2025;11;22;31;80.90;80.90;
2025;11;22;32;82.51;82.51;
2025;11;22;33;82.45;82.45;
2025;11;22;34;80.66;80.66;
2025;11;22;35;72.20;72.20;
2025;11;22;36;68.25;68.25;
2025;11;22;37;63.47;63.47;
2025;11;22;38;63.89;63.89;
2025;11;22;39;34.07;34.07;
2025;11;22;40;21.00;21.00;
2025;11;22;41;7.49;7.49;
2025;11;22;42;4.31;4.31;
2025;11;22;43;3.52;3.52;
2025;11;22;44;1.72;1.72;
2025;11;22;45;1.72;1.72;
2025;11;22;46;0.85;.85;
2025;11;22;47;0.85;.85;
2025;11;22;48;0.65;.65;
2025;11;22;49;3.98;.65;
2025;11;22;50;3.98;.65;
2025;11;22;51;3.98;.66;
2025;11;22;52;3.98;.76;
2025;11;22;53;4.03;1.72;
2025;11;22;54;4.03;3.52;
2025;11;22;55;4.02;3.52;
2025;11;22;56;3.99;3.52;
2025;11;22;57;3.52;3.52;
2025;11;22;58;3.52;3.52;
2025;11;22;59;3.52;3.52;
2025;11;22;60;3.52;3.52;
2025;11;22;61;3.52;3.52;
2025;11;22;62;3.52;3.52;
2025;11;22;63;6.52;6.52;
2025;11;22;64;17.87;17.87;
2025;11;22;65;22.00;22.00;
2025;11;22;66;46.72;46.72;
2025;11;22;67;51.90;51.90;
2025;11;22;68;75.38;75.38;
2025;11;22;69;79.45;79.45;
2025;11;22;70;86.73;86.73;
2025;11;22;71;89.05;89.05;
2025;11;22;72;94.31;94.31;
2025;11;22;73;85.58;85.58;
2025;11;22;74;87.78;87.78;
2025;11;22;75;89.00;89.00;
2025;11;22;76;89.00;89.00;
2025;11;22;77;87.02;87.02;
2025;11;22;78;87.61;87.61;
2025;11;22;79;87.66;87.66;
2025;11;22;80;86.78;86.78;
2025;11;22;81;84.22;84.22;
2025;11;22;82;79.49;79.49;
2025;11;22;83;80.05;80.05;
2025;11;22;84;76.64;76.64;
2025;11;22;85;88.19;88.19;
2025;11;22;86;86.73;86.73;
2025;11;22;87;83.40;83.40;
2025;11;22;88;84.07;84.07;
2025;11;22;89;90.11;90.11;
2025;11;22;90;87.02;87.02;
2025;11;22;91;87.78;87.78;
2025;11;22;92;84.50;84.50;
2025;11;22;93;86.94;86.94;
2025;11;22;94;83.32;83.32;
2025;11;22;95;81.40;81.40;
2025;11;22;96;80.20;80.20;
*
