MARGINALPIBC;
2025;06;28;1;120.96;120.96;
2025;06;28;2;117.96;117.96;
2025;06;28;3;114.47;114.47;
2025;06;28;4;112.96;112.96;
2025;06;28;5;125.80;125.80;
2025;06;28;6;122.51;122.51;
2025;06;28;7;119.92;119.92;
2025;06;28;8;114.43;114.43;
2025;06;28;9;117.50;117.50;
2025;06;28;10;115.50;115.50;
2025;06;28;11;113.56;113.56;
2025;06;28;12;111.50;111.50;
2025;06;28;13;111.19;111.19;
2025;06;28;14;111.24;111.24;
2025;06;28;15;111.24;111.24;
2025;06;28;16;111.17;111.17;
2025;06;28;17;110.03;110.03;
2025;06;28;18;110.24;110.24;
2025;06;28;19;110.24;110.24;
2025;06;28;20;110.04;110.04;
2025;06;28;21;108.50;108.50;
2025;06;28;22;109.44;109.44;
2025;06;28;23;109.44;109.44;
2025;06;28;24;110.34;110.34;
2025;06;28;25;108.09;108.09;
2025;06;28;26;109.44;109.44;
2025;06;28;27;110.94;110.94;
2025;06;28;28;110.98;110.98;
2025;06;28;29;123.28;123.28;
2025;06;28;30;113.01;113.01;
2025;06;28;31;106.00;106.00;
2025;06;28;32;92.01;92.01;
2025;06;28;33;109.10;109.10;
2025;06;28;34;95.11;95.11;
2025;06;28;35;73.01;73.01;
2025;06;28;36;36.01;36.01;
2025;06;28;37;42.37;42.37;
2025;06;28;38;33.61;33.61;
2025;06;28;39;24.73;24.73;
2025;06;28;40;18.97;18.97;
2025;06;28;41;16.60;16.60;
2025;06;28;42;13.99;13.99;
2025;06;28;43;6.50;6.50;
2025;06;28;44;6.00;6.00;
2025;06;28;45;4.94;4.94;
2025;06;28;46;3.52;3.52;
2025;06;28;47;3.52;3.52;
2025;06;28;48;2.83;2.83;
2025;06;28;49;5.53;5.53;
2025;06;28;50;4.31;4.31;
2025;06;28;51;4.31;4.31;
2025;06;28;52;4.31;4.31;
2025;06;28;53;3.65;3.65;
2025;06;28;54;4.31;4.31;
2025;06;28;55;4.31;4.31;
2025;06;28;56;4.31;4.31;
2025;06;28;57;5.76;5.76;
2025;06;28;58;5.76;5.76;
2025;06;28;59;5.76;5.76;
2025;06;28;60;5.00;5.00;
2025;06;28;61;4.31;4.31;
2025;06;28;62;3.65;3.65;
2025;06;28;63;3.65;3.65;
2025;06;28;64;4.31;4.31;
2025;06;28;65;3.52;3.52;
2025;06;28;66;3.52;3.52;
2025;06;28;67;4.47;4.47;
2025;06;28;68;12.72;12.72;
2025;06;28;69;10.23;10.23;
2025;06;28;70;15.27;15.27;
2025;06;28;71;21.53;21.53;
2025;06;28;72;50.26;50.26;
2025;06;28;73;21.60;21.60;
2025;06;28;74;46.00;46.00;
2025;06;28;75;60.00;60.00;
2025;06;28;76;84.23;84.23;
2025;06;28;77;66.47;66.47;
2025;06;28;78;88.75;88.75;
2025;06;28;79;101.07;101.07;
2025;06;28;80;115.79;115.79;
2025;06;28;81;73.42;73.42;
2025;06;28;82;103.87;103.87;
2025;06;28;83;111.38;111.38;
2025;06;28;84;126.23;126.23;
2025;06;28;85;127.23;127.23;
2025;06;28;86;130.00;130.00;
2025;06;28;87;131.23;131.23;
2025;06;28;88;131.33;131.33;
2025;06;28;89;132.65;132.65;
2025;06;28;90;130.96;130.96;
2025;06;28;91;129.05;129.05;
2025;06;28;92;125.66;125.66;
2025;06;28;93;119.43;119.43;
2025;06;28;94;113.00;113.00;
2025;06;28;95;110.00;110.00;
2025;06;28;96;103.55;103.55;
*
