MARGINALPIBC;
2026;05;26;1;108.52;108.52;
2026;05;26;2;107.16;107.16;
2026;05;26;3;99.99;99.99;
2026;05;26;4;91.16;91.16;
2026;05;26;5;100.75;100.75;
2026;05;26;6;100.27;100.27;
2026;05;26;7;100.53;100.53;
2026;05;26;8;91.16;91.16;
2026;05;26;9;90.34;90.34;
2026;05;26;10;91.16;91.16;
2026;05;26;11;89.86;89.86;
2026;05;26;12;91.16;91.16;
2026;05;26;13;89.38;89.38;
2026;05;26;14;89.38;89.38;
2026;05;26;15;89.96;89.96;
2026;05;26;16;89.38;89.38;
2026;05;26;17;88.63;88.63;
2026;05;26;18;89.14;89.14;
2026;05;26;19;89.38;89.38;
2026;05;26;20;89.43;89.43;
2026;05;26;21;89.30;89.30;
2026;05;26;22;90.30;90.30;
2026;05;26;23;91.04;91.04;
2026;05;26;24;96.05;96.05;
2026;05;26;25;100.10;100.10;
2026;05;26;26;106.21;106.21;
2026;05;26;27;108.98;108.98;
2026;05;26;28;110.68;110.68;
2026;05;26;29;112.69;112.69;
2026;05;26;30;110.48;110.48;
2026;05;26;31;109.44;109.44;
2026;05;26;32;94.73;94.73;
2026;05;26;33;107.85;107.85;
2026;05;26;34;92.85;92.85;
2026;05;26;35;80.45;80.45;
2026;05;26;36;36.50;36.50;
2026;05;26;37;45.00;45.00;
2026;05;26;38;19.46;19.46;
2026;05;26;39;10.01;8.01;
2026;05;26;40;12.50;-1.25;
2026;05;26;41;10.49;2.99;
2026;05;26;42;9.25;-.64;
2026;05;26;43;5.05;.05;
2026;05;26;44;2.51;-.20;
2026;05;26;45;4.89;.00;
2026;05;26;46;2.50;.00;
2026;05;26;47;2.50;.84;
2026;05;26;48;2.49;.01;
2026;05;26;49;2.49;.84;
2026;05;26;50;2.49;.01;
2026;05;26;51;2.49;.00;
2026;05;26;52;2.49;.01;
2026;05;26;53;2.49;.57;
2026;05;26;54;2.21;.10;
2026;05;26;55;2.11;.61;
2026;05;26;56;2.11;.61;
2026;05;26;57;2.21;.08;
2026;05;26;58;2.21;.05;
2026;05;26;59;2.21;.00;
2026;05;26;60;2.49;.00;
2026;05;26;61;2.49;.00;
2026;05;26;62;2.49;.00;
2026;05;26;63;2.49;.84;
2026;05;26;64;2.49;.84;
2026;05;26;65;2.50;.00;
2026;05;26;66;2.50;.00;
2026;05;26;67;2.50;.00;
2026;05;26;68;2.51;.84;
2026;05;26;69;5.01;5.01;
2026;05;26;70;8.00;8.00;
2026;05;26;71;20.33;20.33;
2026;05;26;72;22.00;22.00;
2026;05;26;73;18.01;18.01;
2026;05;26;74;25.01;25.01;
2026;05;26;75;35.01;35.01;
2026;05;26;76;35.01;35.01;
2026;05;26;77;30.01;29.50;
2026;05;26;78;39.25;39.25;
2026;05;26;79;77.37;77.37;
2026;05;26;80;95.70;95.70;
2026;05;26;81;86.99;86.99;
2026;05;26;82;106.36;106.36;
2026;05;26;83;123.48;123.48;
2026;05;26;84;142.60;142.60;
2026;05;26;85;139.00;139.00;
2026;05;26;86;153.04;153.04;
2026;05;26;87;157.50;157.50;
2026;05;26;88;147.00;147.00;
2026;05;26;89;162.20;162.20;
2026;05;26;90;145.73;145.73;
2026;05;26;91;146.60;146.60;
2026;05;26;92;131.43;131.43;
2026;05;26;93;136.88;136.88;
2026;05;26;94;127.90;127.90;
2026;05;26;95;123.48;123.48;
2026;05;26;96;112.71;112.71;
*
