MARGINALPIBC;
2025;07;10;1;140.00;140.00;
2025;07;10;2;138.00;138.00;
2025;07;10;3;124.30;124.30;
2025;07;10;4;123.51;123.51;
2025;07;10;5;138.01;138.01;
2025;07;10;6;127.50;127.50;
2025;07;10;7;122.82;122.82;
2025;07;10;8;120.50;120.50;
2025;07;10;9;120.42;120.42;
2025;07;10;10;118.14;118.14;
2025;07;10;11;116.59;116.59;
2025;07;10;12;113.02;113.02;
2025;07;10;13;118.02;118.02;
2025;07;10;14;118.02;118.02;
2025;07;10;15;118.02;118.02;
2025;07;10;16;118.02;118.02;
2025;07;10;17;112.38;112.38;
2025;07;10;18;112.38;112.38;
2025;07;10;19;116.16;116.16;
2025;07;10;20;117.88;117.88;
2025;07;10;21;109.03;109.03;
2025;07;10;22;111.53;111.53;
2025;07;10;23;113.53;113.53;
2025;07;10;24;120.42;120.42;
2025;07;10;25;111.39;111.39;
2025;07;10;26;117.89;117.89;
2025;07;10;27;126.33;126.33;
2025;07;10;28;138.01;138.01;
2025;07;10;29;130.64;130.64;
2025;07;10;30;134.51;134.51;
2025;07;10;31;134.51;134.51;
2025;07;10;32;124.30;124.30;
2025;07;10;33;130.56;130.56;
2025;07;10;34;122.82;122.82;
2025;07;10;35;110.66;110.66;
2025;07;10;36;105.66;105.66;
2025;07;10;37;123.10;123.10;
2025;07;10;38;120.42;120.42;
2025;07;10;39;108.10;108.10;
2025;07;10;40;105.10;105.10;
2025;07;10;41;111.83;111.83;
2025;07;10;42;107.03;107.03;
2025;07;10;43;98.51;98.51;
2025;07;10;44;90.10;90.10;
2025;07;10;45;104.63;104.63;
2025;07;10;46;94.50;94.50;
2025;07;10;47;91.47;91.47;
2025;07;10;48;90.01;90.01;
2025;07;10;49;86.98;86.98;
2025;07;10;50;86.98;86.98;
2025;07;10;51;86.16;86.16;
2025;07;10;52;85.00;85.00;
2025;07;10;53;88.00;88.00;
2025;07;10;54;88.00;88.00;
2025;07;10;55;87.09;87.09;
2025;07;10;56;86.00;86.00;
2025;07;10;57;86.45;86.45;
2025;07;10;58;86.78;86.78;
2025;07;10;59;86.72;86.72;
2025;07;10;60;86.00;86.00;
2025;07;10;61;86.00;86.00;
2025;07;10;62;86.00;86.00;
2025;07;10;63;86.00;86.00;
2025;07;10;64;86.00;86.00;
2025;07;10;65;84.00;84.00;
2025;07;10;66;84.00;84.00;
2025;07;10;67;86.70;86.70;
2025;07;10;68;88.00;88.00;
2025;07;10;69;81.73;81.73;
2025;07;10;70;86.00;86.00;
2025;07;10;71;87.06;87.06;
2025;07;10;72;89.56;89.56;
2025;07;10;73;83.08;83.08;
2025;07;10;74;88.08;88.08;
2025;07;10;75;96.08;96.08;
2025;07;10;76;109.08;109.08;
2025;07;10;77;81.01;81.01;
2025;07;10;78;103.94;103.94;
2025;07;10;79;120.42;120.42;
2025;07;10;80;123.77;123.77;
2025;07;10;81;108.47;108.47;
2025;07;10;82;124.30;124.30;
2025;07;10;83;144.00;144.00;
2025;07;10;84;155.01;155.01;
2025;07;10;85;148.75;158.75;
2025;07;10;86;151.75;168.94;
2025;07;10;87;154.00;171.00;
2025;07;10;88;154.00;168.75;
2025;07;10;89;168.00;220.00;
2025;07;10;90;170.00;201.00;
2025;07;10;91;170.00;182.00;
2025;07;10;92;168.00;170.00;
2025;07;10;93;145.00;145.00;
2025;07;10;94;138.01;138.01;
2025;07;10;95;133.77;133.77;
2025;07;10;96;129.00;129.00;
*
