MARGINALPIBC;
2025;08;17;1;125.34;125.34;
2025;08;17;2;123.58;123.58;
2025;08;17;3;120.95;120.95;
2025;08;17;4;118.58;118.58;
2025;08;17;5;118.22;118.22;
2025;08;17;6;116.80;116.80;
2025;08;17;7;115.00;115.00;
2025;08;17;8;113.12;113.12;
2025;08;17;9;109.27;109.27;
2025;08;17;10;108.27;108.27;
2025;08;17;11;106.42;106.42;
2025;08;17;12;106.27;106.27;
2025;08;17;13;104.70;104.70;
2025;08;17;14;104.70;104.70;
2025;08;17;15;104.59;104.59;
2025;08;17;16;104.59;104.59;
2025;08;17;17;104.66;104.66;
2025;08;17;18;103.79;103.79;
2025;08;17;19;102.66;102.66;
2025;08;17;20;102.56;102.56;
2025;08;17;21;102.01;102.01;
2025;08;17;22;101.01;101.01;
2025;08;17;23;101.97;101.97;
2025;08;17;24;102.01;102.01;
2025;08;17;25;102.84;102.84;
2025;08;17;26;102.97;102.97;
2025;08;17;27;102.37;102.37;
2025;08;17;28;100.34;100.34;
2025;08;17;29;98.90;98.90;
2025;08;17;30;97.58;97.58;
2025;08;17;31;96.99;96.99;
2025;08;17;32;96.98;96.98;
2025;08;17;33;105.17;105.17;
2025;08;17;34;99.10;99.10;
2025;08;17;35;85.53;85.53;
2025;08;17;36;64.13;64.13;
2025;08;17;37;38.56;38.56;
2025;08;17;38;32.87;32.87;
2025;08;17;39;19.43;14.62;
2025;08;17;40;26.67;.00;
2025;08;17;41;15.37;14.20;
2025;08;17;42;15.37;9.70;
2025;08;17;43;15.37;-.30;
2025;08;17;44;14.70;-8.00;
2025;08;17;45;4.31;3.65;
2025;08;17;46;3.48;.65;
2025;08;17;47;2.59;.15;
2025;08;17;48;3.48;.00;
2025;08;17;49;2.12;1.63;
2025;08;17;50;2.12;.65;
2025;08;17;51;1.23;.60;
2025;08;17;52;1.23;.65;
2025;08;17;53;4.31;.65;
2025;08;17;54;2.12;.00;
2025;08;17;55;1.23;.40;
2025;08;17;56;0.67;.65;
2025;08;17;57;4.31;-1.35;
2025;08;17;58;2.12;.00;
2025;08;17;59;1.23;.00;
2025;08;17;60;0.67;.00;
2025;08;17;61;4.31;-5.00;
2025;08;17;62;2.12;-1.21;
2025;08;17;63;2.12;.65;
2025;08;17;64;2.61;2.61;
2025;08;17;65;10.80;-3.62;
2025;08;17;66;10.80;.44;
2025;08;17;67;10.80;10.10;
2025;08;17;68;13.13;13.13;
2025;08;17;69;22.39;-2.29;
2025;08;17;70;22.39;4.79;
2025;08;17;71;22.39;16.54;
2025;08;17;72;25.72;25.72;
2025;08;17;73;10.23;10.23;
2025;08;17;74;38.80;38.80;
2025;08;17;75;51.32;51.32;
2025;08;17;76;67.40;67.40;
2025;08;17;77;58.37;58.37;
2025;08;17;78;84.03;84.03;
2025;08;17;79;96.10;96.10;
2025;08;17;80;113.97;113.97;
2025;08;17;81;97.13;97.13;
2025;08;17;82;108.60;108.60;
2025;08;17;83;116.12;116.12;
2025;08;17;84;122.31;122.31;
2025;08;17;85;122.65;122.65;
2025;08;17;86;124.65;124.65;
2025;08;17;87;124.65;124.65;
2025;08;17;88;124.65;124.65;
2025;08;17;89;131.25;131.25;
2025;08;17;90;131.25;131.25;
2025;08;17;91;131.25;131.25;
2025;08;17;92;131.15;131.15;
2025;08;17;93;120.02;120.02;
2025;08;17;94;117.87;117.87;
2025;08;17;95;117.57;117.57;
2025;08;17;96;112.96;112.96;
*
