MARGINALPIBC;
2025;12;24;1;78.60;78.60;
2025;12;24;2;72.20;72.20;
2025;12;24;3;66.00;66.00;
2025;12;24;4;60.34;60.34;
2025;12;24;5;58.00;58.00;
2025;12;24;6;54.01;54.01;
2025;12;24;7;49.72;49.72;
2025;12;24;8;40.00;40.00;
2025;12;24;9;43.68;43.68;
2025;12;24;10;37.55;37.55;
2025;12;24;11;31.01;31.01;
2025;12;24;12;29.10;29.10;
2025;12;24;13;34.86;34.86;
2025;12;24;14;32.00;32.00;
2025;12;24;15;26.59;26.59;
2025;12;24;16;24.10;24.10;
2025;12;24;17;24.78;24.78;
2025;12;24;18;25.00;25.00;
2025;12;24;19;24.57;24.57;
2025;12;24;20;25.00;25.00;
2025;12;24;21;24.20;24.20;
2025;12;24;22;24.20;24.20;
2025;12;24;23;24.43;24.43;
2025;12;24;24;24.97;24.97;
2025;12;24;25;23.01;23.01;
2025;12;24;26;27.62;27.62;
2025;12;24;27;28.00;28.00;
2025;12;24;28;28.00;28.00;
2025;12;24;29;35.50;35.50;
2025;12;24;30;40.15;40.15;
2025;12;24;31;49.06;49.06;
2025;12;24;32;55.01;55.01;
2025;12;24;33;57.80;57.80;
2025;12;24;34;59.91;59.91;
2025;12;24;35;62.88;62.88;
2025;12;24;36;61.81;61.81;
2025;12;24;37;75.01;75.01;
2025;12;24;38;64.19;64.19;
2025;12;24;39;59.99;59.99;
2025;12;24;40;42.67;42.67;
2025;12;24;41;61.99;61.99;
2025;12;24;42;43.39;43.39;
2025;12;24;43;37.19;37.19;
2025;12;24;44;28.42;28.42;
2025;12;24;45;35.77;35.77;
2025;12;24;46;28.44;28.44;
2025;12;24;47;27.26;27.26;
2025;12;24;48;20.38;20.38;
2025;12;24;49;20.62;20.62;
2025;12;24;50;20.23;20.23;
2025;12;24;51;20.10;20.10;
2025;12;24;52;19.42;19.42;
2025;12;24;53;17.63;17.63;
2025;12;24;54;16.90;16.90;
2025;12;24;55;18.11;18.11;
2025;12;24;56;18.00;18.00;
2025;12;24;57;18.00;18.00;
2025;12;24;58;18.54;18.54;
2025;12;24;59;18.50;18.50;
2025;12;24;60;18.03;18.03;
2025;12;24;61;20.10;20.10;
2025;12;24;62;21.26;21.26;
2025;12;24;63;22.48;22.48;
2025;12;24;64;25.00;25.00;
2025;12;24;65;27.75;27.75;
2025;12;24;66;36.66;36.66;
2025;12;24;67;50.01;50.01;
2025;12;24;68;58.66;58.66;
2025;12;24;69;48.37;48.37;
2025;12;24;70;59.99;59.99;
2025;12;24;71;67.88;67.88;
2025;12;24;72;72.56;72.56;
2025;12;24;73;77.94;77.94;
2025;12;24;74;78.93;78.93;
2025;12;24;75;79.04;79.04;
2025;12;24;76;78.70;78.70;
2025;12;24;77;77.30;77.30;
2025;12;24;78;76.34;76.34;
2025;12;24;79;75.01;75.01;
2025;12;24;80;75.00;75.00;
2025;12;24;81;75.00;75.00;
2025;12;24;82;72.13;72.13;
2025;12;24;83;68.40;68.40;
2025;12;24;84;64.15;64.15;
2025;12;24;85;67.96;67.96;
2025;12;24;86;64.00;64.00;
2025;12;24;87;59.99;59.99;
2025;12;24;88;55.01;55.01;
2025;12;24;89;56.01;56.01;
2025;12;24;90;55.01;55.01;
2025;12;24;91;55.01;55.01;
2025;12;24;92;55.01;55.01;
2025;12;24;93;53.08;53.08;
2025;12;24;94;50.01;50.01;
2025;12;24;95;50.82;50.82;
2025;12;24;96;50.99;50.99;
*
