MARGINALPIBC;
2025;07;28;1;67.54;67.54;
2025;07;28;2;62.29;62.29;
2025;07;28;3;55.29;55.29;
2025;07;28;4;42.29;42.29;
2025;07;28;5;56.23;56.23;
2025;07;28;6;55.95;55.95;
2025;07;28;7;53.24;53.24;
2025;07;28;8;50.75;50.75;
2025;07;28;9;50.20;50.20;
2025;07;28;10;49.06;49.06;
2025;07;28;11;47.00;47.00;
2025;07;28;12;45.00;45.00;
2025;07;28;13;42.05;42.05;
2025;07;28;14;42.03;42.03;
2025;07;28;15;40.14;40.14;
2025;07;28;16;40.03;40.03;
2025;07;28;17;35.49;35.49;
2025;07;28;18;35.49;35.49;
2025;07;28;19;33.53;33.53;
2025;07;28;20;35.49;35.49;
2025;07;28;21;38.07;38.07;
2025;07;28;22;42.07;42.07;
2025;07;28;23;45.07;45.07;
2025;07;28;24;50.20;50.20;
2025;07;28;25;41.00;41.00;
2025;07;28;26;50.00;50.00;
2025;07;28;27;50.44;50.44;
2025;07;28;28;50.68;50.68;
2025;07;28;29;56.23;56.23;
2025;07;28;30;60.23;60.23;
2025;07;28;31;59.23;59.23;
2025;07;28;32;56.23;56.23;
2025;07;28;33;86.50;86.50;
2025;07;28;34;75.68;75.68;
2025;07;28;35;59.02;59.02;
2025;07;28;36;28.64;28.64;
2025;07;28;37;75.00;75.00;
2025;07;28;38;46.01;46.01;
2025;07;28;39;30.10;30.10;
2025;07;28;40;20.20;20.20;
2025;07;28;41;30.79;30.79;
2025;07;28;42;15.79;15.79;
2025;07;28;43;8.79;8.79;
2025;07;28;44;5.79;5.79;
2025;07;28;45;5.29;5.29;
2025;07;28;46;5.11;5.11;
2025;07;28;47;4.31;4.31;
2025;07;28;48;4.31;4.31;
2025;07;28;49;1.72;1.72;
2025;07;28;50;1.41;1.41;
2025;07;28;51;1.72;1.72;
2025;07;28;52;1.41;1.41;
2025;07;28;53;4.31;.85;
2025;07;28;54;1.00;.99;
2025;07;28;55;0.85;.85;
2025;07;28;56;0.85;.85;
2025;07;28;57;0.85;.85;
2025;07;28;58;0.99;.99;
2025;07;28;59;1.05;1.05;
2025;07;28;60;0.85;.85;
2025;07;28;61;0.85;.85;
2025;07;28;62;0.65;.65;
2025;07;28;63;0.65;.65;
2025;07;28;64;0.65;.65;
2025;07;28;65;3.65;.65;
2025;07;28;66;0.65;.65;
2025;07;28;67;0.65;.65;
2025;07;28;68;0.65;.65;
2025;07;28;69;0.00;.00;
2025;07;28;70;0.21;.00;
2025;07;28;71;0.53;.45;
2025;07;28;72;4.31;.90;
2025;07;28;73;-1.48;-5.00;
2025;07;28;74;-0.03;-1.89;
2025;07;28;75;4.31;3.52;
2025;07;28;76;4.31;4.31;
2025;07;28;77;0.53;-10.00;
2025;07;28;78;0.53;.00;
2025;07;28;79;31.00;31.00;
2025;07;28;80;64.75;62.29;
2025;07;28;81;9.21;9.21;
2025;07;28;82;48.08;48.08;
2025;07;28;83;70.00;70.00;
2025;07;28;84;84.35;84.35;
2025;07;28;85;74.27;74.27;
2025;07;28;86;74.98;74.98;
2025;07;28;87;77.61;77.61;
2025;07;28;88;74.87;74.87;
2025;07;28;89;87.10;87.10;
2025;07;28;90;86.02;86.02;
2025;07;28;91;83.70;83.70;
2025;07;28;92;79.54;79.54;
2025;07;28;93;81.19;81.19;
2025;07;28;94;69.53;69.53;
2025;07;28;95;63.20;63.20;
2025;07;28;96;50.97;50.97;
*
