MARGINALPIBC;
2026;06;24;1;137.46;137.46;
2026;06;24;2;134.96;134.96;
2026;06;24;3;129.58;129.58;
2026;06;24;4;122.32;122.32;
2026;06;24;5;120.67;120.67;
2026;06;24;6;120.67;120.67;
2026;06;24;7;118.08;118.08;
2026;06;24;8;120.67;120.67;
2026;06;24;9;123.08;123.08;
2026;06;24;10;123.08;123.08;
2026;06;24;11;125.09;125.09;
2026;06;24;12;124.01;124.01;
2026;06;24;13;123.08;123.08;
2026;06;24;14;124.08;124.08;
2026;06;24;15;122.84;122.84;
2026;06;24;16;120.67;120.67;
2026;06;24;17;119.27;119.27;
2026;06;24;18;117.92;117.92;
2026;06;24;19;118.77;118.77;
2026;06;24;20;119.90;119.90;
2026;06;24;21;120.67;120.67;
2026;06;24;22;123.08;123.08;
2026;06;24;23;123.62;123.62;
2026;06;24;24;122.84;122.84;
2026;06;24;25;123.08;123.08;
2026;06;24;26;123.08;123.08;
2026;06;24;27;122.84;122.84;
2026;06;24;28;123.72;123.72;
2026;06;24;29;127.26;127.26;
2026;06;24;30;125.51;125.51;
2026;06;24;31;123.43;123.43;
2026;06;24;32;114.01;114.01;
2026;06;24;33;123.08;123.08;
2026;06;24;34;110.08;110.08;
2026;06;24;35;103.26;103.26;
2026;06;24;36;93.50;93.50;
2026;06;24;37;100.00;100.00;
2026;06;24;38;93.40;93.40;
2026;06;24;39;78.43;78.43;
2026;06;24;40;74.94;74.94;
2026;06;24;41;79.99;79.99;
2026;06;24;42;79.99;79.99;
2026;06;24;43;79.99;79.99;
2026;06;24;44;76.48;76.48;
2026;06;24;45;80.00;80.00;
2026;06;24;46;81.23;81.23;
2026;06;24;47;81.23;81.23;
2026;06;24;48;83.15;83.15;
2026;06;24;49;54.63;54.63;
2026;06;24;50;45.02;45.02;
2026;06;24;51;40.50;40.50;
2026;06;24;52;35.25;35.25;
2026;06;24;53;38.10;38.10;
2026;06;24;54;37.21;37.21;
2026;06;24;55;35.11;35.11;
2026;06;24;56;35.05;35.05;
2026;06;24;57;30.86;30.86;
2026;06;24;58;35.05;35.05;
2026;06;24;59;34.35;34.35;
2026;06;24;60;30.16;30.16;
2026;06;24;61;31.00;31.00;
2026;06;24;62;32.33;32.33;
2026;06;24;63;33.98;33.98;
2026;06;24;64;35.61;35.61;
2026;06;24;65;40.70;40.70;
2026;06;24;66;45.79;45.79;
2026;06;24;67;52.03;52.03;
2026;06;24;68;54.15;54.15;
2026;06;24;69;55.01;55.01;
2026;06;24;70;59.99;59.99;
2026;06;24;71;62.91;62.91;
2026;06;24;72;70.48;70.48;
2026;06;24;73;55.01;55.01;
2026;06;24;74;65.00;65.00;
2026;06;24;75;70.00;70.00;
2026;06;24;76;75.31;75.31;
2026;06;24;77;58.00;58.00;
2026;06;24;78;72.00;72.00;
2026;06;24;79;89.74;89.74;
2026;06;24;80;106.63;106.63;
2026;06;24;81;101.31;101.31;
2026;06;24;82;112.04;112.04;
2026;06;24;83;118.50;118.50;
2026;06;24;84;123.08;123.08;
2026;06;24;85;125.51;125.51;
2026;06;24;86;132.43;132.43;
2026;06;24;87;139.02;139.02;
2026;06;24;88;139.71;139.71;
2026;06;24;89;143.93;143.93;
2026;06;24;90;142.44;142.44;
2026;06;24;91;137.28;137.28;
2026;06;24;92;131.74;131.74;
2026;06;24;93;126.19;126.19;
2026;06;24;94;125.53;125.53;
2026;06;24;95;123.08;123.08;
2026;06;24;96;120.89;120.89;
*
