MARGINALPIBC;
2025;03;26;1;50.70;50.70;
2025;03;26;2;50.70;50.70;
2025;03;26;3;47.39;47.39;
2025;03;26;4;47.39;47.39;
2025;03;26;5;30.00;30.00;
2025;03;26;6;30.00;30.00;
2025;03;26;7;30.00;30.00;
2025;03;26;8;30.00;30.00;
2025;03;26;9;14.95;14.95;
2025;03;26;10;14.80;14.80;
2025;03;26;11;14.80;14.80;
2025;03;26;12;14.80;14.80;
2025;03;26;13;14.46;14.46;
2025;03;26;14;14.46;14.46;
2025;03;26;15;14.46;14.46;
2025;03;26;16;14.46;14.46;
2025;03;26;17;19.18;19.18;
2025;03;26;18;18.09;18.09;
2025;03;26;19;18.07;18.07;
2025;03;26;20;18.57;18.57;
2025;03;26;21;25.90;25.90;
2025;03;26;22;25.90;25.90;
2025;03;26;23;26.09;26.09;
2025;03;26;24;26.59;26.59;
2025;03;26;25;60.00;60.00;
2025;03;26;26;60.00;60.00;
2025;03;26;27;60.00;60.00;
2025;03;26;28;65.00;65.00;
2025;03;26;29;90.51;96.79;
2025;03;26;30;90.51;101.68;
2025;03;26;31;90.51;95.89;
2025;03;26;32;90.51;90.79;
2025;03;26;33;49.70;49.70;
2025;03;26;34;26.70;26.70;
2025;03;26;35;16.97;16.97;
2025;03;26;36;8.41;8.41;
2025;03;26;37;0.65;.65;
2025;03;26;38;0.20;.20;
2025;03;26;39;0.01;.01;
2025;03;26;40;-3.00;-3.00;
2025;03;26;41;0.00;.00;
2025;03;26;42;-0.01;-.01;
2025;03;26;43;0.00;-.01;
2025;03;26;44;0.00;-.01;
2025;03;26;45;-0.67;-.67;
2025;03;26;46;-1.50;-1.50;
2025;03;26;47;-2.44;-2.44;
2025;03;26;48;-3.24;-3.24;
2025;03;26;49;-2.50;-2.50;
2025;03;26;50;-3.00;-3.00;
2025;03;26;51;-3.29;-3.29;
2025;03;26;52;-3.00;-3.00;
2025;03;26;53;-2.95;-2.95;
2025;03;26;54;-2.95;-2.95;
2025;03;26;55;-2.95;-2.95;
2025;03;26;56;-2.44;-2.44;
2025;03;26;57;-2.40;-2.40;
2025;03;26;58;-2.20;-2.20;
2025;03;26;59;-2.00;-2.00;
2025;03;26;60;-1.50;-1.50;
2025;03;26;61;-0.46;-.46;
2025;03;26;62;-0.46;-.46;
2025;03;26;63;-0.45;-.45;
2025;03;26;64;-0.45;-.45;
2025;03;26;65;-3.31;-3.31;
2025;03;26;66;-2.51;-2.51;
2025;03;26;67;-1.26;-1.26;
2025;03;26;68;-0.01;-.01;
2025;03;26;69;0.00;-5.00;
2025;03;26;70;0.10;-2.00;
2025;03;26;71;4.31;.00;
2025;03;26;72;4.31;.65;
2025;03;26;73;17.00;17.00;
2025;03;26;74;22.00;22.00;
2025;03;26;75;32.00;32.00;
2025;03;26;76;42.99;42.99;
2025;03;26;77;110.22;110.22;
2025;03;26;78;115.22;115.22;
2025;03;26;79;118.23;118.23;
2025;03;26;80;120.22;120.22;
2025;03;26;81;121.66;126.66;
2025;03;26;82;121.15;121.15;
2025;03;26;83;120.33;120.33;
2025;03;26;84;106.66;106.66;
2025;03;26;85;102.94;102.94;
2025;03;26;86;102.94;102.94;
2025;03;26;87;100.94;100.94;
2025;03;26;88;89.94;89.94;
2025;03;26;89;90.34;90.34;
2025;03;26;90;93.26;93.26;
2025;03;26;91;95.33;96.43;
2025;03;26;92;95.33;96.43;
2025;03;26;93;53.68;53.68;
2025;03;26;94;50.69;50.69;
2025;03;26;95;49.68;49.68;
2025;03;26;96;50.68;50.68;
*
