MARGINALPIBC;
2025;08;05;1;126.63;126.63;
2025;08;05;2;118.81;118.81;
2025;08;05;3;110.00;110.00;
2025;08;05;4;99.69;99.69;
2025;08;05;5;104.94;104.94;
2025;08;05;6;99.04;99.04;
2025;08;05;7;91.90;91.90;
2025;08;05;8;91.49;91.49;
2025;08;05;9;91.12;91.12;
2025;08;05;10;89.99;89.99;
2025;08;05;11;89.60;89.60;
2025;08;05;12;88.40;88.40;
2025;08;05;13;91.90;91.90;
2025;08;05;14;90.40;90.40;
2025;08;05;15;90.38;90.38;
2025;08;05;16;89.99;89.99;
2025;08;05;17;91.96;91.96;
2025;08;05;18;89.99;89.99;
2025;08;05;19;89.80;89.80;
2025;08;05;20;89.60;89.60;
2025;08;05;21;89.15;89.15;
2025;08;05;22;88.25;88.25;
2025;08;05;23;88.25;88.25;
2025;08;05;24;89.60;89.60;
2025;08;05;25;91.52;91.52;
2025;08;05;26;92.90;92.90;
2025;08;05;27;94.62;94.62;
2025;08;05;28;96.42;96.42;
2025;08;05;29;106.22;106.22;
2025;08;05;30;106.22;106.22;
2025;08;05;31;105.22;105.22;
2025;08;05;32;100.86;100.86;
2025;08;05;33;110.00;110.00;
2025;08;05;34;100.70;100.70;
2025;08;05;35;80.00;80.00;
2025;08;05;36;49.15;49.15;
2025;08;05;37;73.41;73.41;
2025;08;05;38;45.61;45.61;
2025;08;05;39;29.50;14.39;
2025;08;05;40;29.50;-.01;
2025;08;05;41;21.29;5.00;
2025;08;05;42;18.10;2.00;
2025;08;05;43;18.10;-4.12;
2025;08;05;44;18.10;-7.00;
2025;08;05;45;1.72;-1.28;
2025;08;05;46;1.72;-3.28;
2025;08;05;47;1.72;-3.62;
2025;08;05;48;1.72;-3.29;
2025;08;05;49;0.80;-3.62;
2025;08;05;50;0.80;-4.20;
2025;08;05;51;0.80;-4.12;
2025;08;05;52;0.79;-2.50;
2025;08;05;53;0.85;-4.15;
2025;08;05;54;0.85;-4.15;
2025;08;05;55;0.85;-4.15;
2025;08;05;56;0.85;-4.15;
2025;08;05;57;1.00;-4.00;
2025;08;05;58;1.00;-4.00;
2025;08;05;59;1.00;-4.00;
2025;08;05;60;3.22;-4.00;
2025;08;05;61;1.01;-3.99;
2025;08;05;62;1.01;-4.12;
2025;08;05;63;1.01;-5.09;
2025;08;05;64;1.06;-3.99;
2025;08;05;65;1.72;-6.28;
2025;08;05;66;1.72;-6.85;
2025;08;05;67;1.72;-3.28;
2025;08;05;68;1.72;-3.28;
2025;08;05;69;0.65;-4.34;
2025;08;05;70;0.65;-4.34;
2025;08;05;71;0.66;-2.34;
2025;08;05;72;0.66;.00;
2025;08;05;73;18.10;-13.62;
2025;08;05;74;18.10;-8.62;
2025;08;05;75;109.90;2.75;
2025;08;05;76;109.90;10.06;
2025;08;05;77;29.50;-.01;
2025;08;05;78;29.50;28.40;
2025;08;05;79;100.40;82.04;
2025;08;05;80;102.40;95.17;
2025;08;05;81;59.40;50.98;
2025;08;05;82;84.06;83.40;
2025;08;05;83;98.40;98.40;
2025;08;05;84;105.22;105.22;
2025;08;05;85;94.74;94.74;
2025;08;05;86;95.49;95.49;
2025;08;05;87;97.62;97.62;
2025;08;05;88;94.13;94.13;
2025;08;05;89;95.86;95.86;
2025;08;05;90;94.74;94.74;
2025;08;05;91;91.90;91.90;
2025;08;05;92;90.75;90.75;
2025;08;05;93;89.09;89.09;
2025;08;05;94;85.70;85.70;
2025;08;05;95;83.16;83.16;
2025;08;05;96;83.16;83.16;
*
