MARGINALPIBC;
2025;09;12;1;112.70;112.70;
2025;09;12;2;111.66;111.66;
2025;09;12;3;110.00;110.00;
2025;09;12;4;105.93;105.93;
2025;09;12;5;103.33;103.33;
2025;09;12;6;100.03;100.03;
2025;09;12;7;98.03;98.03;
2025;09;12;8;95.04;95.04;
2025;09;12;9;96.30;96.30;
2025;09;12;10;95.90;95.90;
2025;09;12;11;94.17;94.17;
2025;09;12;12;93.80;93.80;
2025;09;12;13;95.12;95.12;
2025;09;12;14;95.12;95.12;
2025;09;12;15;95.00;95.00;
2025;09;12;16;93.69;93.69;
2025;09;12;17;92.72;92.72;
2025;09;12;18;93.02;93.02;
2025;09;12;19;93.02;93.02;
2025;09;12;20;93.22;93.22;
2025;09;12;21;94.73;94.73;
2025;09;12;22;95.00;95.00;
2025;09;12;23;95.70;95.70;
2025;09;12;24;97.13;97.13;
2025;09;12;25;102.48;102.48;
2025;09;12;26;105.74;105.74;
2025;09;12;27;108.08;108.08;
2025;09;12;28;112.64;112.64;
2025;09;12;29;135.65;135.65;
2025;09;12;30;140.15;140.15;
2025;09;12;31;143.15;143.15;
2025;09;12;32;143.65;143.65;
2025;09;12;33;131.35;131.35;
2025;09;12;34;129.35;129.35;
2025;09;12;35;112.53;112.53;
2025;09;12;36;103.13;103.13;
2025;09;12;37;110.25;110.25;
2025;09;12;38;95.72;95.72;
2025;09;12;39;80.55;80.55;
2025;09;12;40;63.84;63.84;
2025;09;12;41;70.98;70.98;
2025;09;12;42;60.97;60.97;
2025;09;12;43;60.55;60.55;
2025;09;12;44;53.57;53.57;
2025;09;12;45;45.00;45.00;
2025;09;12;46;30.00;30.00;
2025;09;12;47;22.52;22.52;
2025;09;12;48;19.55;18.57;
2025;09;12;49;86.64;22.49;
2025;09;12;50;86.64;14.50;
2025;09;12;51;86.64;14.47;
2025;09;12;52;86.64;10.00;
2025;09;12;53;86.64;3.52;
2025;09;12;54;86.64;3.52;
2025;09;12;55;86.64;3.52;
2025;09;12;56;24.11;3.52;
2025;09;12;57;24.11;1.50;
2025;09;12;58;24.11;1.50;
2025;09;12;59;24.11;1.50;
2025;09;12;60;19.31;1.50;
2025;09;12;61;55.00;1.50;
2025;09;12;62;86.64;.82;
2025;09;12;63;86.64;.75;
2025;09;12;64;86.64;3.52;
2025;09;12;65;21.56;-1.48;
2025;09;12;66;20.33;-.48;
2025;09;12;67;11.09;11.09;
2025;09;12;68;34.54;34.54;
2025;09;12;69;11.86;4.67;
2025;09;12;70;18.57;18.57;
2025;09;12;71;38.44;38.44;
2025;09;12;72;48.37;48.37;
2025;09;12;73;11.86;11.86;
2025;09;12;74;35.10;35.10;
2025;09;12;75;61.81;61.81;
2025;09;12;76;85.00;85.00;
2025;09;12;77;71.21;71.21;
2025;09;12;78;89.05;89.05;
2025;09;12;79;106.66;106.66;
2025;09;12;80;127.19;127.19;
2025;09;12;81;118.45;118.45;
2025;09;12;82;123.87;123.87;
2025;09;12;83;137.60;137.60;
2025;09;12;84;139.45;139.45;
2025;09;12;85;143.15;143.15;
2025;09;12;86;143.04;143.04;
2025;09;12;87;142.71;142.71;
2025;09;12;88;138.03;138.03;
2025;09;12;89;114.10;114.10;
2025;09;12;90;107.11;107.11;
2025;09;12;91;105.01;105.01;
2025;09;12;92;103.61;103.61;
2025;09;12;93;99.30;99.30;
2025;09;12;94;97.35;97.35;
2025;09;12;95;95.25;95.25;
2025;09;12;96;94.01;94.01;
*
