MARGINALPIBC;
2025;02;06;1;130.67;130.67;
2025;02;06;2;127.60;127.60;
2025;02;06;3;123.76;123.76;
2025;02;06;4;122.50;122.50;
2025;02;06;5;120.11;120.11;
2025;02;06;6;126.83;126.83;
2025;02;06;7;144.42;144.42;
2025;02;06;8;181.15;181.15;
2025;02;06;9;217.16;217.16;
2025;02;06;10;159.52;159.52;
2025;02;06;11;118.97;118.97;
2025;02;06;12;103.49;103.49;
2025;02;06;13;91.46;91.46;
2025;02;06;14;89.99;89.99;
2025;02;06;15;85.30;85.30;
2025;02;06;16;87.00;87.00;
2025;02;06;17;108.56;108.56;
2025;02;06;18;138.71;138.71;
2025;02;06;19;168.70;168.70;
2025;02;06;20;191.81;191.81;
2025;02;06;21;236.00;236.00;
2025;02;06;22;167.13;167.13;
2025;02;06;23;149.00;149.00;
2025;02;06;24;143.02;143.02;
*
