MARGINALPIBC;
2025;01;09;1;66.58;66.58;
2025;01;09;2;55.50;55.50;
2025;01;09;3;55.52;55.52;
2025;01;09;4;31.81;31.81;
2025;01;09;5;13.22;7.01;
2025;01;09;6;33.32;33.32;
2025;01;09;7;69.90;69.90;
2025;01;09;8;95.79;95.79;
2025;01;09;9;102.99;102.99;
2025;01;09;10;102.45;102.45;
2025;01;09;11;101.45;101.45;
2025;01;09;12;90.40;90.40;
2025;01;09;13;90.84;90.84;
2025;01;09;14;89.90;89.90;
2025;01;09;15;89.05;89.05;
2025;01;09;16;88.73;88.73;
2025;01;09;17;109.98;109.98;
2025;01;09;18;126.79;126.79;
2025;01;09;19;137.74;137.74;
2025;01;09;20;132.01;132.01;
2025;01;09;21;141.27;141.27;
2025;01;09;22;134.00;134.00;
2025;01;09;23;116.39;116.39;
2025;01;09;24;105.00;105.00;
*
