MARGINALPIBC;
2025;11;06;1;30.43;30.43;
2025;11;06;2;31.30;31.30;
2025;11;06;3;29.84;29.84;
2025;11;06;4;27.04;27.04;
2025;11;06;5;27.60;27.60;
2025;11;06;6;26.36;26.36;
2025;11;06;7;20.10;20.10;
2025;11;06;8;18.30;18.30;
2025;11;06;9;28.63;28.63;
2025;11;06;10;25.22;25.22;
2025;11;06;11;23.98;23.98;
2025;11;06;12;21.00;21.00;
2025;11;06;13;23.99;23.99;
2025;11;06;14;21.60;21.60;
2025;11;06;15;19.98;19.98;
2025;11;06;16;17.23;17.23;
2025;11;06;17;14.60;14.60;
2025;11;06;18;14.00;14.00;
2025;11;06;19;11.83;11.83;
2025;11;06;20;14.00;14.00;
2025;11;06;21;18.73;18.73;
2025;11;06;22;21.41;21.41;
2025;11;06;23;29.33;29.33;
2025;11;06;24;32.81;32.81;
2025;11;06;25;33.97;33.97;
2025;11;06;26;42.87;42.87;
2025;11;06;27;54.38;54.38;
2025;11;06;28;78.38;78.38;
2025;11;06;29;67.76;67.76;
2025;11;06;30;80.65;80.65;
2025;11;06;31;81.56;81.56;
2025;11;06;32;85.00;85.00;
2025;11;06;33;84.50;84.50;
2025;11;06;34;83.80;83.80;
2025;11;06;35;66.68;66.68;
2025;11;06;36;69.90;69.90;
2025;11;06;37;54.50;54.50;
2025;11;06;38;51.55;51.55;
2025;11;06;39;37.96;37.96;
2025;11;06;40;21.09;21.09;
2025;11;06;41;14.00;14.00;
2025;11;06;42;5.00;5.00;
2025;11;06;43;4.31;3.52;
2025;11;06;44;9.31;3.52;
2025;11;06;45;20.33;3.52;
2025;11;06;46;20.00;3.52;
2025;11;06;47;9.31;3.52;
2025;11;06;48;9.31;3.52;
2025;11;06;49;10.79;3.52;
2025;11;06;50;10.79;3.52;
2025;11;06;51;10.79;3.52;
2025;11;06;52;10.76;3.52;
2025;11;06;53;9.31;3.52;
2025;11;06;54;7.32;3.52;
2025;11;06;55;4.46;3.52;
2025;11;06;56;4.31;3.52;
2025;11;06;57;5.00;3.52;
2025;11;06;58;8.80;3.52;
2025;11;06;59;13.06;3.52;
2025;11;06;60;13.51;3.52;
2025;11;06;61;4.31;3.52;
2025;11;06;62;7.80;3.52;
2025;11;06;63;11.06;5.11;
2025;11;06;64;18.52;18.52;
2025;11;06;65;23.40;23.40;
2025;11;06;66;47.23;47.23;
2025;11;06;67;38.94;38.94;
2025;11;06;68;44.76;44.76;
2025;11;06;69;50.99;50.99;
2025;11;06;70;66.67;66.67;
2025;11;06;71;85.00;85.00;
2025;11;06;72;93.21;93.21;
2025;11;06;73;91.29;91.29;
2025;11;06;74;93.51;93.51;
2025;11;06;75;94.83;94.83;
2025;11;06;76;99.99;99.99;
2025;11;06;77;102.00;102.00;
2025;11;06;78;115.92;115.92;
2025;11;06;79;105.95;105.95;
2025;11;06;80;109.00;109.00;
2025;11;06;81;110.21;110.21;
2025;11;06;82;104.97;104.97;
2025;11;06;83;96.40;96.40;
2025;11;06;84;93.64;93.64;
2025;11;06;85;93.21;93.21;
2025;11;06;86;91.00;91.00;
2025;11;06;87;90.49;90.49;
2025;11;06;88;86.03;86.03;
2025;11;06;89;86.61;86.61;
2025;11;06;90;83.44;83.44;
2025;11;06;91;84.13;84.13;
2025;11;06;92;85.36;85.36;
2025;11;06;93;90.14;90.14;
2025;11;06;94;84.79;84.79;
2025;11;06;95;77.54;77.54;
2025;11;06;96;65.50;65.50;
*
