MARGINALPIBC;
2025;12;11;1;112.74;112.74;
2025;12;11;2;105.00;105.00;
2025;12;11;3;100.01;100.01;
2025;12;11;4;96.33;96.33;
2025;12;11;5;99.39;99.39;
2025;12;11;6;96.33;96.33;
2025;12;11;7;92.20;92.20;
2025;12;11;8;90.16;90.16;
2025;12;11;9;95.04;95.04;
2025;12;11;10;92.34;92.34;
2025;12;11;11;91.04;91.04;
2025;12;11;12;88.00;88.00;
2025;12;11;13;83.75;83.75;
2025;12;11;14;82.98;82.98;
2025;12;11;15;82.77;82.77;
2025;12;11;16;82.59;82.59;
2025;12;11;17;81.91;81.91;
2025;12;11;18;80.78;80.78;
2025;12;11;19;81.30;81.30;
2025;12;11;20;81.30;81.30;
2025;12;11;21;81.00;81.00;
2025;12;11;22;81.33;81.33;
2025;12;11;23;82.44;82.44;
2025;12;11;24;84.00;84.00;
2025;12;11;25;88.41;88.41;
2025;12;11;26;91.36;91.36;
2025;12;11;27;93.83;93.83;
2025;12;11;28;100.50;100.50;
2025;12;11;29;100.79;100.79;
2025;12;11;30;107.98;107.98;
2025;12;11;31;110.50;110.50;
2025;12;11;32;116.00;116.00;
2025;12;11;33;114.50;114.50;
2025;12;11;34;116.26;116.26;
2025;12;11;35;118.26;118.26;
2025;12;11;36;112.10;112.10;
2025;12;11;37;113.94;113.94;
2025;12;11;38;103.96;103.96;
2025;12;11;39;92.60;92.60;
2025;12;11;40;82.12;82.12;
2025;12;11;41;92.52;92.52;
2025;12;11;42;83.12;83.12;
2025;12;11;43;82.01;82.01;
2025;12;11;44;79.91;79.91;
2025;12;11;45;86.52;86.52;
2025;12;11;46;83.52;83.52;
2025;12;11;47;81.19;81.19;
2025;12;11;48;80.46;80.46;
2025;12;11;49;82.55;82.55;
2025;12;11;50;80.95;80.95;
2025;12;11;51;81.80;81.80;
2025;12;11;52;80.95;80.95;
2025;12;11;53;80.46;80.46;
2025;12;11;54;81.16;81.16;
2025;12;11;55;80.10;80.10;
2025;12;11;56;76.80;76.80;
2025;12;11;57;80.00;80.00;
2025;12;11;58;80.95;80.95;
2025;12;11;59;81.19;81.19;
2025;12;11;60;82.37;82.37;
2025;12;11;61;80.46;80.46;
2025;12;11;62;81.20;81.20;
2025;12;11;63;81.20;81.20;
2025;12;11;64;82.75;82.75;
2025;12;11;65;82.40;82.40;
2025;12;11;66;84.01;84.01;
2025;12;11;67;94.95;94.95;
2025;12;11;68;106.05;106.05;
2025;12;11;69;91.38;91.38;
2025;12;11;70;107.50;107.50;
2025;12;11;71;111.50;111.50;
2025;12;11;72;119.72;119.72;
2025;12;11;73;106.75;106.75;
2025;12;11;74;114.62;114.62;
2025;12;11;75;113.03;113.03;
2025;12;11;76;113.22;113.22;
2025;12;11;77;113.22;113.22;
2025;12;11;78;113.94;113.94;
2025;12;11;79;115.60;115.60;
2025;12;11;80;119.45;119.45;
2025;12;11;81;121.60;121.60;
2025;12;11;82;121.79;121.79;
2025;12;11;83;121.79;121.79;
2025;12;11;84;121.60;121.60;
2025;12;11;85;120.89;120.89;
2025;12;11;86;119.20;119.20;
2025;12;11;87;115.30;115.30;
2025;12;11;88;110.63;110.63;
2025;12;11;89;110.24;110.24;
2025;12;11;90;101.58;101.58;
2025;12;11;91;100.50;100.50;
2025;12;11;92;100.01;100.01;
2025;12;11;93;100.01;100.01;
2025;12;11;94;96.33;96.33;
2025;12;11;95;92.65;92.65;
2025;12;11;96;89.01;89.01;
*
