MARGINALPIBC;
2025;12;21;1;65.00;65.00;
2025;12;21;2;61.24;61.24;
2025;12;21;3;54.97;54.97;
2025;12;21;4;53.14;53.14;
2025;12;21;5;64.00;64.00;
2025;12;21;6;65.00;65.00;
2025;12;21;7;63.80;63.80;
2025;12;21;8;60.80;60.80;
2025;12;21;9;64.00;64.00;
2025;12;21;10;64.00;64.00;
2025;12;21;11;60.71;60.71;
2025;12;21;12;51.35;51.35;
2025;12;21;13;52.97;52.97;
2025;12;21;14;47.48;47.48;
2025;12;21;15;44.50;44.50;
2025;12;21;16;44.49;44.49;
2025;12;21;17;44.48;44.48;
2025;12;21;18;40.89;40.89;
2025;12;21;19;41.51;41.51;
2025;12;21;20;40.89;40.89;
2025;12;21;21;39.92;39.92;
2025;12;21;22;40.02;40.02;
2025;12;21;23;40.89;40.89;
2025;12;21;24;43.24;43.24;
2025;12;21;25;46.47;46.47;
2025;12;21;26;46.47;46.47;
2025;12;21;27;50.00;50.00;
2025;12;21;28;54.00;54.00;
2025;12;21;29;51.33;51.33;
2025;12;21;30;53.91;53.91;
2025;12;21;31;55.86;55.86;
2025;12;21;32;60.71;60.71;
2025;12;21;33;57.50;57.50;
2025;12;21;34;63.10;63.10;
2025;12;21;35;65.00;65.00;
2025;12;21;36;65.20;65.20;
2025;12;21;37;72.18;72.18;
2025;12;21;38;70.66;70.66;
2025;12;21;39;69.60;69.60;
2025;12;21;40;69.22;69.22;
2025;12;21;41;69.74;69.74;
2025;12;21;42;66.96;66.96;
2025;12;21;43;61.91;61.91;
2025;12;21;44;57.04;57.04;
2025;12;21;45;62.55;62.55;
2025;12;21;46;61.70;61.70;
2025;12;21;47;57.00;57.00;
2025;12;21;48;58.31;58.31;
2025;12;21;49;66.80;66.80;
2025;12;21;50;64.87;64.87;
2025;12;21;51;66.96;66.96;
2025;12;21;52;66.08;66.08;
2025;12;21;53;58.00;58.00;
2025;12;21;54;58.00;58.00;
2025;12;21;55;55.00;55.00;
2025;12;21;56;52.97;52.97;
2025;12;21;57;48.56;48.56;
2025;12;21;58;50.00;50.00;
2025;12;21;59;54.01;54.01;
2025;12;21;60;55.39;55.39;
2025;12;21;61;58.00;58.00;
2025;12;21;62;54.01;54.01;
2025;12;21;63;52.90;52.90;
2025;12;21;64;61.00;61.00;
2025;12;21;65;59.22;59.22;
2025;12;21;66;69.41;69.41;
2025;12;21;67;70.59;70.59;
2025;12;21;68;74.36;74.36;
2025;12;21;69;75.74;75.74;
2025;12;21;70;75.76;75.76;
2025;12;21;71;76.22;76.22;
2025;12;21;72;80.08;80.08;
2025;12;21;73;80.08;80.08;
2025;12;21;74;86.08;86.08;
2025;12;21;75;82.40;82.40;
2025;12;21;76;84.30;84.30;
2025;12;21;77;84.72;84.72;
2025;12;21;78;86.34;86.34;
2025;12;21;79;85.71;85.71;
2025;12;21;80;85.05;85.05;
2025;12;21;81;85.01;85.01;
2025;12;21;82;84.09;84.09;
2025;12;21;83;82.61;82.61;
2025;12;21;84;80.75;80.75;
2025;12;21;85;82.04;82.04;
2025;12;21;86;81.08;81.08;
2025;12;21;87;80.08;80.08;
2025;12;21;88;76.46;76.46;
2025;12;21;89;77.93;77.93;
2025;12;21;90;76.94;76.94;
2025;12;21;91;76.82;76.82;
2025;12;21;92;76.22;76.22;
2025;12;21;93;76.50;76.50;
2025;12;21;94;76.00;76.00;
2025;12;21;95;74.17;74.17;
2025;12;21;96;69.73;69.73;
*
