MARGINALPIBC;
2025;04;19;1;2.75;2.75;
2025;04;19;2;0.90;.90;
2025;04;19;3;0.00;.00;
2025;04;19;4;-0.85;-.85;
2025;04;19;5;0.00;.00;
2025;04;19;6;0.00;.00;
2025;04;19;7;-0.17;-.17;
2025;04;19;8;-2.45;-2.45;
2025;04;19;9;0.00;.00;
2025;04;19;10;0.00;.00;
2025;04;19;11;-0.27;-.27;
2025;04;19;12;-2.16;-2.16;
2025;04;19;13;0.00;.00;
2025;04;19;14;0.00;.00;
2025;04;19;15;0.00;.00;
2025;04;19;16;-1.53;-1.53;
2025;04;19;17;0.00;.00;
2025;04;19;18;-0.58;-.58;
2025;04;19;19;-1.01;-1.01;
2025;04;19;20;-1.00;-1.00;
2025;04;19;21;-0.21;-.21;
2025;04;19;22;-0.48;-.48;
2025;04;19;23;-1.01;-1.01;
2025;04;19;24;-1.48;-1.48;
2025;04;19;25;-1.49;-1.49;
2025;04;19;26;-1.01;-1.01;
2025;04;19;27;-1.01;-1.01;
2025;04;19;28;0.00;.00;
2025;04;19;29;-1.54;-1.54;
2025;04;19;30;-1.01;-1.01;
2025;04;19;31;-1.01;-1.01;
2025;04;19;32;-1.01;-1.01;
2025;04;19;33;3.52;3.52;
2025;04;19;34;2.40;2.40;
2025;04;19;35;0.00;.00;
2025;04;19;36;-3.60;-3.60;
2025;04;19;37;0.00;.00;
2025;04;19;38;0.00;.00;
2025;04;19;39;-1.00;-3.00;
2025;04;19;40;-1.00;-5.00;
2025;04;19;41;0.00;-.21;
2025;04;19;42;0.00;-.21;
2025;04;19;43;-0.79;-.79;
2025;04;19;44;-0.79;-2.40;
2025;04;19;45;-1.54;-1.54;
2025;04;19;46;-1.54;-1.54;
2025;04;19;47;-1.54;-1.54;
2025;04;19;48;-1.54;-5.21;
2025;04;19;49;-0.27;-3.19;
2025;04;19;50;0.00;-3.62;
2025;04;19;51;-1.54;-4.05;
2025;04;19;52;-1.54;-5.21;
2025;04;19;53;-1.20;-2.20;
2025;04;19;54;-2.00;-3.00;
2025;04;19;55;-2.00;-3.14;
2025;04;19;56;-2.20;-3.14;
2025;04;19;57;0.00;-3.00;
2025;04;19;58;-2.00;-3.00;
2025;04;19;59;-3.00;-3.00;
2025;04;19;60;-3.00;-3.00;
2025;04;19;61;-1.00;-3.62;
2025;04;19;62;-2.00;-3.62;
2025;04;19;63;-3.62;-3.62;
2025;04;19;64;-3.62;-3.62;
2025;04;19;65;-4.00;-8.00;
2025;04;19;66;-5.21;-5.21;
2025;04;19;67;-3.62;-3.62;
2025;04;19;68;-3.62;-3.62;
2025;04;19;69;-3.62;-3.62;
2025;04;19;70;-3.00;-3.00;
2025;04;19;71;-3.00;-3.00;
2025;04;19;72;-2.20;-2.20;
2025;04;19;73;-1.54;-1.54;
2025;04;19;74;-1.54;-1.54;
2025;04;19;75;0.00;-.62;
2025;04;19;76;0.00;-.21;
2025;04;19;77;-0.01;-.01;
2025;04;19;78;0.00;.00;
2025;04;19;79;0.00;.00;
2025;04;19;80;0.66;.66;
2025;04;19;81;0.65;.65;
2025;04;19;82;3.52;3.52;
2025;04;19;83;7.77;7.77;
2025;04;19;84;13.40;13.40;
2025;04;19;85;5.74;5.74;
2025;04;19;86;6.22;6.22;
2025;04;19;87;6.46;6.46;
2025;04;19;88;7.80;7.80;
2025;04;19;89;6.22;6.22;
2025;04;19;90;6.46;6.46;
2025;04;19;91;6.55;6.55;
2025;04;19;92;7.25;7.25;
2025;04;19;93;5.74;5.74;
2025;04;19;94;5.74;5.74;
2025;04;19;95;5.74;5.74;
2025;04;19;96;5.98;5.98;
*
