MARGINALPIBC;
2025;08;23;1;95.34;95.34;
2025;08;23;2;93.74;93.74;
2025;08;23;3;88.75;88.75;
2025;08;23;4;83.42;83.42;
2025;08;23;5;89.22;89.22;
2025;08;23;6;86.77;86.77;
2025;08;23;7;85.32;85.32;
2025;08;23;8;81.09;81.09;
2025;08;23;9;82.14;82.14;
2025;08;23;10;80.95;80.95;
2025;08;23;11;80.75;80.75;
2025;08;23;12;79.25;79.25;
2025;08;23;13;78.21;78.21;
2025;08;23;14;78.22;78.22;
2025;08;23;15;78.21;78.21;
2025;08;23;16;78.21;78.21;
2025;08;23;17;76.06;76.06;
2025;08;23;18;76.06;76.06;
2025;08;23;19;76.06;76.06;
2025;08;23;20;76.07;76.07;
2025;08;23;21;76.58;76.58;
2025;08;23;22;79.10;79.10;
2025;08;23;23;79.11;79.11;
2025;08;23;24;79.11;79.11;
2025;08;23;25;82.59;82.59;
2025;08;23;26;84.28;84.28;
2025;08;23;27;84.37;84.37;
2025;08;23;28;85.00;85.00;
2025;08;23;29;83.91;83.91;
2025;08;23;30;86.09;86.09;
2025;08;23;31;85.92;85.92;
2025;08;23;32;86.41;86.41;
2025;08;23;33;91.70;91.70;
2025;08;23;34;87.22;87.22;
2025;08;23;35;74.49;74.49;
2025;08;23;36;45.00;45.00;
2025;08;23;37;88.30;88.30;
2025;08;23;38;80.00;80.00;
2025;08;23;39;43.01;43.01;
2025;08;23;40;18.06;18.06;
2025;08;23;41;46.00;46.00;
2025;08;23;42;24.61;24.61;
2025;08;23;43;13.05;13.05;
2025;08;23;44;4.31;2.07;
2025;08;23;45;15.25;15.25;
2025;08;23;46;4.31;4.31;
2025;08;23;47;4.31;3.46;
2025;08;23;48;4.31;2.82;
2025;08;23;49;7.94;7.94;
2025;08;23;50;4.04;4.04;
2025;08;23;51;4.04;4.04;
2025;08;23;52;2.72;2.72;
2025;08;23;53;4.75;4.75;
2025;08;23;54;3.75;3.75;
2025;08;23;55;3.01;1.65;
2025;08;23;56;3.01;1.50;
2025;08;23;57;1.15;1.15;
2025;08;23;58;1.50;1.50;
2025;08;23;59;1.70;1.70;
2025;08;23;60;2.76;2.76;
2025;08;23;61;4.31;3.52;
2025;08;23;62;4.31;3.87;
2025;08;23;63;7.30;7.30;
2025;08;23;64;13.53;13.53;
2025;08;23;65;12.00;3.00;
2025;08;23;66;12.00;11.65;
2025;08;23;67;20.90;20.90;
2025;08;23;68;27.80;27.80;
2025;08;23;69;25.01;25.01;
2025;08;23;70;30.93;30.93;
2025;08;23;71;41.63;41.63;
2025;08;23;72;51.32;51.32;
2025;08;23;73;19.09;19.09;
2025;08;23;74;25.01;25.01;
2025;08;23;75;64.64;64.64;
2025;08;23;76;83.52;83.52;
2025;08;23;77;71.34;71.34;
2025;08;23;78;89.33;89.33;
2025;08;23;79;101.96;101.96;
2025;08;23;80;109.12;109.12;
2025;08;23;81;101.08;101.08;
2025;08;23;82;109.22;109.22;
2025;08;23;83;115.55;115.55;
2025;08;23;84;118.85;118.85;
2025;08;23;85;124.37;124.37;
2025;08;23;86;124.37;124.37;
2025;08;23;87;124.37;124.37;
2025;08;23;88;123.77;123.77;
2025;08;23;89;111.16;111.16;
2025;08;23;90;106.16;107.00;
2025;08;23;91;105.14;105.14;
2025;08;23;92;102.26;102.26;
2025;08;23;93;108.96;108.96;
2025;08;23;94;104.52;104.52;
2025;08;23;95;100.96;100.96;
2025;08;23;96;96.00;96.00;
*
