MARGINALPIBC;
2025;11;26;1;85.18;85.18;
2025;11;26;2;84.40;84.40;
2025;11;26;3;83.01;83.01;
2025;11;26;4;80.23;80.23;
2025;11;26;5;80.80;80.80;
2025;11;26;6;76.52;76.52;
2025;11;26;7;74.00;74.00;
2025;11;26;8;73.48;73.48;
2025;11;26;9;69.77;69.77;
2025;11;26;10;79.80;79.80;
2025;11;26;11;76.90;76.90;
2025;11;26;12;78.33;78.33;
2025;11;26;13;69.09;69.09;
2025;11;26;14;68.05;68.05;
2025;11;26;15;80.80;80.80;
2025;11;26;16;79.80;79.80;
2025;11;26;17;80.73;80.73;
2025;11;26;18;78.82;78.82;
2025;11;26;19;79.80;79.80;
2025;11;26;20;65.85;65.85;
2025;11;26;21;74.46;74.46;
2025;11;26;22;76.12;76.12;
2025;11;26;23;79.80;79.80;
2025;11;26;24;83.70;83.70;
2025;11;26;25;71.83;71.83;
2025;11;26;26;80.20;80.20;
2025;11;26;27;83.19;83.19;
2025;11;26;28;84.60;84.60;
2025;11;26;29;85.34;85.34;
2025;11;26;30;86.29;86.29;
2025;11;26;31;88.88;88.88;
2025;11;26;32;93.15;93.15;
2025;11;26;33;92.67;92.67;
2025;11;26;34;96.60;96.60;
2025;11;26;35;93.29;93.29;
2025;11;26;36;88.34;88.34;
2025;11;26;37;86.70;86.70;
2025;11;26;38;81.52;81.52;
2025;11;26;39;63.60;63.60;
2025;11;26;40;50.20;50.20;
2025;11;26;41;55.67;55.67;
2025;11;26;42;50.81;50.81;
2025;11;26;43;48.34;48.34;
2025;11;26;44;31.46;31.46;
2025;11;26;45;32.19;18.49;
2025;11;26;46;26.27;14.00;
2025;11;26;47;17.85;14.00;
2025;11;26;48;14.00;14.00;
2025;11;26;49;32.49;14.00;
2025;11;26;50;32.20;13.70;
2025;11;26;51;32.20;13.70;
2025;11;26;52;32.19;13.62;
2025;11;26;53;32.49;13.62;
2025;11;26;54;32.49;13.80;
2025;11;26;55;32.19;14.00;
2025;11;26;56;29.32;13.72;
2025;11;26;57;32.19;14.00;
2025;11;26;58;32.20;14.00;
2025;11;26;59;32.49;14.00;
2025;11;26;60;32.49;14.00;
2025;11;26;61;32.49;14.00;
2025;11;26;62;32.49;20.10;
2025;11;26;63;36.56;36.56;
2025;11;26;64;45.00;45.00;
2025;11;26;65;45.21;45.21;
2025;11;26;66;57.92;57.92;
2025;11;26;67;80.90;80.90;
2025;11;26;68;88.54;88.54;
2025;11;26;69;84.94;84.94;
2025;11;26;70;89.98;89.98;
2025;11;26;71;88.82;88.82;
2025;11;26;72;91.08;91.08;
2025;11;26;73;96.49;96.49;
2025;11;26;74;109.36;109.36;
2025;11;26;75;115.76;115.76;
2025;11;26;76;119.41;119.41;
2025;11;26;77;117.04;117.04;
2025;11;26;78;142.58;142.58;
2025;11;26;79;135.00;135.00;
2025;11;26;80;114.10;114.10;
2025;11;26;81;133.99;133.99;
2025;11;26;82;117.71;117.71;
2025;11;26;83;104.82;104.82;
2025;11;26;84;95.84;95.84;
2025;11;26;85;96.49;96.49;
2025;11;26;86;93.82;93.82;
2025;11;26;87;90.15;90.15;
2025;11;26;88;86.01;86.01;
2025;11;26;89;86.01;86.01;
2025;11;26;90;90.65;90.65;
2025;11;26;91;92.45;92.45;
2025;11;26;92;86.01;86.01;
2025;11;26;93;94.00;94.00;
2025;11;26;94;90.90;90.90;
2025;11;26;95;88.26;88.26;
2025;11;26;96;82.70;82.70;
*
