MARGINALPIBC;
2025;05;03;1;36.14;36.14;
2025;05;03;2;36.13;36.13;
2025;05;03;3;36.02;36.02;
2025;05;03;4;31.13;31.13;
2025;05;03;5;26.00;26.00;
2025;05;03;6;25.70;25.70;
2025;05;03;7;22.00;22.00;
2025;05;03;8;20.19;20.19;
2025;05;03;9;16.16;16.16;
2025;05;03;10;15.96;15.96;
2025;05;03;11;12.16;12.16;
2025;05;03;12;11.16;11.16;
2025;05;03;13;13.89;13.89;
2025;05;03;14;12.89;12.89;
2025;05;03;15;10.80;10.80;
2025;05;03;16;8.90;8.90;
2025;05;03;17;10.37;10.37;
2025;05;03;18;9.37;9.37;
2025;05;03;19;9.37;9.37;
2025;05;03;20;10.87;10.87;
2025;05;03;21;9.59;9.59;
2025;05;03;22;10.18;10.18;
2025;05;03;23;13.17;13.17;
2025;05;03;24;15.17;15.17;
2025;05;03;25;11.91;11.91;
2025;05;03;26;14.91;14.91;
2025;05;03;27;16.71;16.71;
2025;05;03;28;16.91;16.91;
2025;05;03;29;14.13;14.13;
2025;05;03;30;14.13;14.13;
2025;05;03;31;14.13;14.13;
2025;05;03;32;14.12;14.12;
2025;05;03;33;20.10;29.37;
2025;05;03;34;17.67;17.67;
2025;05;03;35;8.67;8.67;
2025;05;03;36;0.00;.00;
2025;05;03;37;20.10;20.10;
2025;05;03;38;6.70;6.70;
2025;05;03;39;0.71;.71;
2025;05;03;40;-0.01;-.01;
2025;05;03;41;0.20;.20;
2025;05;03;42;0.00;.00;
2025;05;03;43;4.16;-.02;
2025;05;03;44;4.11;-8.62;
2025;05;03;45;4.31;.00;
2025;05;03;46;4.00;.00;
2025;05;03;47;2.90;.00;
2025;05;03;48;2.80;-.10;
2025;05;03;49;4.11;-.01;
2025;05;03;50;4.11;-.16;
2025;05;03;51;4.11;-.50;
2025;05;03;52;4.11;-1.00;
2025;05;03;53;5.70;.00;
2025;05;03;54;4.69;-.01;
2025;05;03;55;4.31;-.50;
2025;05;03;56;0.00;-1.08;
2025;05;03;57;4.31;-1.54;
2025;05;03;58;4.11;-1.54;
2025;05;03;59;2.90;-1.54;
2025;05;03;60;2.90;-1.54;
2025;05;03;61;0.78;-3.00;
2025;05;03;62;0.78;-2.51;
2025;05;03;63;0.78;-2.89;
2025;05;03;64;0.93;-2.89;
2025;05;03;65;0.12;-3.62;
2025;05;03;66;0.07;-2.70;
2025;05;03;67;0.27;-2.00;
2025;05;03;68;0.12;-1.54;
2025;05;03;69;-0.01;-3.62;
2025;05;03;70;2.90;-1.00;
2025;05;03;71;5.00;-.51;
2025;05;03;72;9.31;.00;
2025;05;03;73;3.96;-7.00;
2025;05;03;74;2.00;-1.01;
2025;05;03;75;5.76;3.52;
2025;05;03;76;20.10;7.20;
2025;05;03;77;0.00;.00;
2025;05;03;78;9.00;9.00;
2025;05;03;79;19.01;19.01;
2025;05;03;80;30.40;30.40;
2025;05;03;81;25.00;25.00;
2025;05;03;82;35.13;35.13;
2025;05;03;83;35.24;41.72;
2025;05;03;84;35.26;55.00;
2025;05;03;85;55.18;63.72;
2025;05;03;86;56.88;63.80;
2025;05;03;87;56.93;63.80;
2025;05;03;88;56.98;63.79;
2025;05;03;89;56.98;63.70;
2025;05;03;90;56.93;63.61;
2025;05;03;91;56.88;63.69;
2025;05;03;92;55.18;58.70;
2025;05;03;93;47.25;53.68;
2025;05;03;94;47.06;47.97;
2025;05;03;95;45.36;47.95;
2025;05;03;96;42.16;45.47;
*
