MARGINALPIBC;
2026;01;30;1;-2.66;-2.66;
2026;01;30;2;-3.80;-3.80;
2026;01;30;3;-4.00;-4.00;
2026;01;30;4;-4.00;-4.00;
2026;01;30;5;-4.00;-4.00;
2026;01;30;6;-4.00;-4.00;
2026;01;30;7;-4.00;-4.00;
2026;01;30;8;-4.00;-4.00;
2026;01;30;9;-4.00;-4.00;
2026;01;30;10;-4.00;-4.00;
2026;01;30;11;-4.00;-4.00;
2026;01;30;12;-4.00;-4.00;
2026;01;30;13;-4.00;-4.00;
2026;01;30;14;-4.00;-4.00;
2026;01;30;15;-4.00;-4.00;
2026;01;30;16;-4.00;-4.00;
2026;01;30;17;-4.00;-4.00;
2026;01;30;18;-4.00;-4.00;
2026;01;30;19;-4.00;-4.00;
2026;01;30;20;-4.00;-4.00;
2026;01;30;21;-4.00;-4.00;
2026;01;30;22;-4.00;-4.00;
2026;01;30;23;-4.00;-4.00;
2026;01;30;24;-4.00;-4.00;
2026;01;30;25;-2.92;-2.92;
2026;01;30;26;-2.00;-2.00;
2026;01;30;27;-3.22;-3.22;
2026;01;30;28;-1.66;-1.66;
2026;01;30;29;-0.01;-.01;
2026;01;30;30;-0.81;-.81;
2026;01;30;31;0.02;.02;
2026;01;30;32;0.02;23.82;
2026;01;30;33;0.09;27.82;
2026;01;30;34;0.02;35.52;
2026;01;30;35;0.02;36.04;
2026;01;30;36;0.09;32.03;
2026;01;30;37;0.09;35.21;
2026;01;30;38;0.09;4.00;
2026;01;30;39;-0.50;-.50;
2026;01;30;40;-7.30;-7.30;
2026;01;30;41;0.09;.09;
2026;01;30;42;0.00;.00;
2026;01;30;43;-4.00;-4.00;
2026;01;30;44;-4.00;-4.00;
2026;01;30;45;-4.00;-4.00;
2026;01;30;46;-1.56;-1.56;
2026;01;30;47;-1.40;-1.40;
2026;01;30;48;-2.28;-2.28;
2026;01;30;49;-2.42;-2.42;
2026;01;30;50;-2.55;-2.55;
2026;01;30;51;-3.02;-3.02;
2026;01;30;52;-3.02;-3.02;
2026;01;30;53;-3.30;-3.30;
2026;01;30;54;-3.50;-3.50;
2026;01;30;55;-3.52;-3.52;
2026;01;30;56;-3.46;-3.46;
2026;01;30;57;-0.50;-.50;
2026;01;30;58;-2.64;-2.64;
2026;01;30;59;-1.00;-1.00;
2026;01;30;60;-0.99;-.99;
2026;01;30;61;-0.81;-.81;
2026;01;30;62;-0.55;-.55;
2026;01;30;63;-0.97;-.42;
2026;01;30;64;-0.76;-.76;
2026;01;30;65;-2.22;-2.22;
2026;01;30;66;-0.81;-.81;
2026;01;30;67;-0.74;-.74;
2026;01;30;68;-0.50;-.50;
2026;01;30;69;-4.00;-4.00;
2026;01;30;70;-0.04;-.04;
2026;01;30;71;0.02;.02;
2026;01;30;72;0.01;.01;
2026;01;30;73;-0.40;-.40;
2026;01;30;74;0.09;.91;
2026;01;30;75;0.09;15.01;
2026;01;30;76;0.69;25.02;
2026;01;30;77;13.39;36.00;
2026;01;30;78;14.97;37.00;
2026;01;30;79;14.97;38.23;
2026;01;30;80;11.65;38.40;
2026;01;30;81;5.65;38.23;
2026;01;30;82;6.29;38.40;
2026;01;30;83;6.29;38.06;
2026;01;30;84;6.29;29.00;
2026;01;30;85;1.30;15.03;
2026;01;30;86;0.20;15.02;
2026;01;30;87;0.20;5.01;
2026;01;30;88;0.10;.10;
2026;01;30;89;0.20;14.00;
2026;01;30;90;0.50;2.91;
2026;01;30;91;2.92;2.92;
2026;01;30;92;-0.50;-.50;
2026;01;30;93;3.65;3.65;
2026;01;30;94;-0.50;-.50;
2026;01;30;95;-4.00;-4.00;
2026;01;30;96;-4.00;-4.00;
*
