MARGINALPIBC;
2025;01;15;1;132.40;132.40;
2025;01;15;2;124.40;124.40;
2025;01;15;3;118.60;118.60;
2025;01;15;4;118.60;118.60;
2025;01;15;5;118.60;118.60;
2025;01;15;6;118.13;118.13;
2025;01;15;7;135.76;135.76;
2025;01;15;8;143.33;177.42;
2025;01;15;9;230.50;230.50;
2025;01;15;10;160.00;160.00;
2025;01;15;11;138.92;138.92;
2025;01;15;12;129.80;129.80;
2025;01;15;13;123.50;123.50;
2025;01;15;14;120.40;120.40;
2025;01;15;15;115.07;115.07;
2025;01;15;16;115.81;115.81;
2025;01;15;17;133.95;133.95;
2025;01;15;18;140.45;140.45;
2025;01;15;19;172.32;172.32;
2025;01;15;20;183.97;184.61;
2025;01;15;21;168.00;173.77;
2025;01;15;22;150.10;150.10;
2025;01;15;23;140.10;140.10;
2025;01;15;24;125.60;125.60;
*
