MARGINALPIBC;
2025;03;11;1;91.00;91.00;
2025;03;11;2;83.35;83.35;
2025;03;11;3;80.27;80.27;
2025;03;11;4;82.36;82.36;
2025;03;11;5;82.36;82.36;
2025;03;11;6;87.62;87.62;
2025;03;11;7;87.80;90.87;
2025;03;11;8;111.57;111.57;
2025;03;11;9;123.96;123.96;
2025;03;11;10;98.93;100.15;
2025;03;11;11;87.21;87.21;
2025;03;11;12;75.00;75.00;
2025;03;11;13;77.92;77.92;
2025;03;11;14;72.87;72.87;
2025;03;11;15;70.01;70.01;
2025;03;11;16;66.24;66.24;
2025;03;11;17;69.10;69.10;
2025;03;11;18;77.50;77.50;
2025;03;11;19;109.50;112.59;
2025;03;11;20;152.50;157.50;
2025;03;11;21;132.84;136.26;
2025;03;11;22;114.33;119.33;
2025;03;11;23;106.78;107.80;
2025;03;11;24;100.16;105.26;
*
