MARGINALPIBC;
2025;12;05;1;79.28;79.28;
2025;12;05;2;79.23;79.23;
2025;12;05;3;70.18;70.18;
2025;12;05;4;65.87;65.87;
2025;12;05;5;65.01;65.01;
2025;12;05;6;57.92;57.92;
2025;12;05;7;54.90;54.90;
2025;12;05;8;56.90;56.90;
2025;12;05;9;54.90;54.90;
2025;12;05;10;57.62;57.62;
2025;12;05;11;55.01;55.01;
2025;12;05;12;56.70;56.70;
2025;12;05;13;64.41;64.41;
2025;12;05;14;64.34;64.34;
2025;12;05;15;64.27;64.27;
2025;12;05;16;60.27;60.27;
2025;12;05;17;64.30;64.30;
2025;12;05;18;63.20;63.20;
2025;12;05;19;60.20;60.20;
2025;12;05;20;64.30;64.30;
2025;12;05;21;56.50;56.50;
2025;12;05;22;56.63;56.63;
2025;12;05;23;52.90;52.90;
2025;12;05;24;59.49;59.49;
2025;12;05;25;58.88;58.88;
2025;12;05;26;69.24;69.24;
2025;12;05;27;74.50;74.50;
2025;12;05;28;79.28;79.28;
2025;12;05;29;76.37;76.37;
2025;12;05;30;79.31;79.31;
2025;12;05;31;81.45;81.45;
2025;12;05;32;82.81;82.81;
2025;12;05;33;81.43;81.43;
2025;12;05;34;82.81;82.81;
2025;12;05;35;83.90;83.90;
2025;12;05;36;83.00;83.00;
2025;12;05;37;83.91;83.91;
2025;12;05;38;82.80;82.80;
2025;12;05;39;81.55;81.55;
2025;12;05;40;79.61;79.61;
2025;12;05;41;79.89;79.89;
2025;12;05;42;76.71;76.71;
2025;12;05;43;76.87;76.87;
2025;12;05;44;74.58;74.58;
2025;12;05;45;79.72;79.72;
2025;12;05;46;77.93;77.93;
2025;12;05;47;71.81;71.81;
2025;12;05;48;70.18;70.18;
2025;12;05;49;70.34;70.34;
2025;12;05;50;67.99;67.99;
2025;12;05;51;63.32;63.32;
2025;12;05;52;59.52;59.52;
2025;12;05;53;57.52;57.52;
2025;12;05;54;56.65;56.65;
2025;12;05;55;55.40;55.40;
2025;12;05;56;53.70;53.70;
2025;12;05;57;55.50;55.50;
2025;12;05;58;57.30;57.30;
2025;12;05;59;58.37;58.37;
2025;12;05;60;59.47;59.47;
2025;12;05;61;55.00;55.00;
2025;12;05;62;60.63;60.63;
2025;12;05;63;70.00;70.00;
2025;12;05;64;74.60;74.60;
2025;12;05;65;75.08;75.08;
2025;12;05;66;76.28;76.28;
2025;12;05;67;80.55;80.55;
2025;12;05;68;81.45;81.45;
2025;12;05;69;81.51;81.51;
2025;12;05;70;83.96;83.96;
2025;12;05;71;85.20;85.20;
2025;12;05;72;87.20;87.20;
2025;12;05;73;86.63;86.63;
2025;12;05;74;87.24;87.24;
2025;12;05;75;87.50;87.50;
2025;12;05;76;88.05;88.05;
2025;12;05;77;83.40;83.40;
2025;12;05;78;85.14;85.14;
2025;12;05;79;83.22;83.22;
2025;12;05;80;82.20;82.20;
2025;12;05;81;83.31;83.31;
2025;12;05;82;83.29;83.29;
2025;12;05;83;81.81;81.81;
2025;12;05;84;80.99;80.99;
2025;12;05;85;86.76;86.76;
2025;12;05;86;83.23;83.23;
2025;12;05;87;84.06;84.06;
2025;12;05;88;81.00;81.00;
2025;12;05;89;81.45;81.45;
2025;12;05;90;78.00;78.00;
2025;12;05;91;79.00;79.00;
2025;12;05;92;71.32;71.32;
2025;12;05;93;61.80;61.80;
2025;12;05;94;56.83;56.83;
2025;12;05;95;55.38;55.00;
2025;12;05;96;51.60;51.60;
*
