MARGINALPIBC;
2025;04;11;1;21.63;21.63;
2025;04;11;2;21.63;21.63;
2025;04;11;3;18.59;18.59;
2025;04;11;4;11.00;11.00;
2025;04;11;5;13.71;13.71;
2025;04;11;6;13.66;13.66;
2025;04;11;7;13.66;13.66;
2025;04;11;8;7.77;7.77;
2025;04;11;9;7.77;7.77;
2025;04;11;10;7.77;7.77;
2025;04;11;11;7.77;7.77;
2025;04;11;12;7.77;7.77;
2025;04;11;13;11.00;11.00;
2025;04;11;14;11.00;11.00;
2025;04;11;15;11.00;11.00;
2025;04;11;16;10.99;10.99;
2025;04;11;17;9.56;9.56;
2025;04;11;18;9.56;9.56;
2025;04;11;19;10.01;10.01;
2025;04;11;20;10.50;10.50;
2025;04;11;21;12.00;12.00;
2025;04;11;22;13.30;13.30;
2025;04;11;23;13.85;13.85;
2025;04;11;24;14.00;14.00;
2025;04;11;25;13.30;13.30;
2025;04;11;26;13.85;13.85;
2025;04;11;27;14.00;14.00;
2025;04;11;28;14.00;14.00;
2025;04;11;29;30.48;30.48;
2025;04;11;30;30.48;30.48;
2025;04;11;31;30.49;30.49;
2025;04;11;32;33.48;33.48;
2025;04;11;33;44.00;44.00;
2025;04;11;34;39.37;39.37;
2025;04;11;35;34.37;34.37;
2025;04;11;36;30.00;30.00;
2025;04;11;37;50.01;50.01;
2025;04;11;38;45.00;45.00;
2025;04;11;39;32.50;32.50;
2025;04;11;40;25.49;25.49;
2025;04;11;41;22.51;22.51;
2025;04;11;42;17.51;17.51;
2025;04;11;43;12.51;12.51;
2025;04;11;44;7.76;7.76;
2025;04;11;45;10.08;10.08;
2025;04;11;46;3.52;3.52;
2025;04;11;47;3.52;3.52;
2025;04;11;48;2.52;2.52;
2025;04;11;49;3.07;3.07;
2025;04;11;50;0.02;.02;
2025;04;11;51;0.01;.01;
2025;04;11;52;0.00;.00;
2025;04;11;53;0.02;.02;
2025;04;11;54;0.00;.00;
2025;04;11;55;0.00;.00;
2025;04;11;56;-0.02;-.02;
2025;04;11;57;0.00;.00;
2025;04;11;58;0.00;.00;
2025;04;11;59;0.00;.00;
2025;04;11;60;0.00;.00;
2025;04;11;61;-0.01;-.01;
2025;04;11;62;-0.01;-.01;
2025;04;11;63;0.00;.00;
2025;04;11;64;0.24;.24;
2025;04;11;65;0.01;.01;
2025;04;11;66;0.31;.31;
2025;04;11;67;1.70;1.70;
2025;04;11;68;3.52;3.52;
2025;04;11;69;3.52;3.52;
2025;04;11;70;5.02;5.02;
2025;04;11;71;9.72;9.72;
2025;04;11;72;13.52;13.52;
2025;04;11;73;8.30;8.30;
2025;04;11;74;14.00;14.00;
2025;04;11;75;18.30;18.30;
2025;04;11;76;35.82;35.82;
2025;04;11;77;14.99;14.99;
2025;04;11;78;25.46;25.46;
2025;04;11;79;38.00;38.00;
2025;04;11;80;50.01;50.01;
2025;04;11;81;50.01;50.01;
2025;04;11;82;51.90;51.90;
2025;04;11;83;57.08;57.08;
2025;04;11;84;57.01;57.01;
2025;04;11;85;70.01;70.01;
2025;04;11;86;66.53;66.53;
2025;04;11;87;57.02;57.02;
2025;04;11;88;53.03;53.03;
2025;04;11;89;44.39;44.39;
2025;04;11;90;39.91;39.91;
2025;04;11;91;51.85;51.85;
2025;04;11;92;41.91;41.91;
2025;04;11;93;31.99;31.99;
2025;04;11;94;30.01;30.01;
2025;04;11;95;31.99;31.99;
2025;04;11;96;19.94;19.94;
*
