MARGINALPIBC;
2025;09;03;1;102.23;102.23;
2025;09;03;2;100.00;100.00;
2025;09;03;3;93.89;93.89;
2025;09;03;4;90.53;90.53;
2025;09;03;5;90.01;90.01;
2025;09;03;6;88.69;88.69;
2025;09;03;7;85.00;85.00;
2025;09;03;8;84.34;84.34;
2025;09;03;9;85.00;85.00;
2025;09;03;10;84.00;84.00;
2025;09;03;11;83.20;83.20;
2025;09;03;12;81.90;81.90;
2025;09;03;13;81.98;81.98;
2025;09;03;14;81.33;81.33;
2025;09;03;15;80.50;80.50;
2025;09;03;16;79.06;79.06;
2025;09;03;17;74.54;74.54;
2025;09;03;18;74.34;74.34;
2025;09;03;19;74.34;74.34;
2025;09;03;20;74.34;74.34;
2025;09;03;21;71.06;71.06;
2025;09;03;22;71.06;71.06;
2025;09;03;23;74.34;74.34;
2025;09;03;24;74.54;74.54;
2025;09;03;25;81.51;81.51;
2025;09;03;26;81.98;81.98;
2025;09;03;27;83.22;83.22;
2025;09;03;28;84.22;84.22;
2025;09;03;29;88.00;88.00;
2025;09;03;30;88.72;88.72;
2025;09;03;31;90.64;90.64;
2025;09;03;32;90.64;90.64;
2025;09;03;33;89.40;89.40;
2025;09;03;34;86.81;86.81;
2025;09;03;35;79.27;79.27;
2025;09;03;36;42.70;42.70;
2025;09;03;37;71.00;71.00;
2025;09;03;38;36.26;36.26;
2025;09;03;39;8.00;8.00;
2025;09;03;40;1.99;-1.50;
2025;09;03;41;4.31;.00;
2025;09;03;42;4.31;-6.16;
2025;09;03;43;2.01;-9.12;
2025;09;03;44;4.31;-10.00;
2025;09;03;45;4.31;1.72;
2025;09;03;46;4.31;.66;
2025;09;03;47;4.31;.00;
2025;09;03;48;1.99;.00;
2025;09;03;49;4.31;.00;
2025;09;03;50;2.00;.00;
2025;09;03;51;0.00;.00;
2025;09;03;52;0.00;.00;
2025;09;03;53;4.31;.00;
2025;09;03;54;0.65;.00;
2025;09;03;55;0.00;.00;
2025;09;03;56;0.00;.00;
2025;09;03;57;2.27;.00;
2025;09;03;58;1.55;.00;
2025;09;03;59;0.00;.00;
2025;09;03;60;0.65;.65;
2025;09;03;61;4.31;.00;
2025;09;03;62;4.31;.00;
2025;09;03;63;4.31;.01;
2025;09;03;64;4.31;.65;
2025;09;03;65;0.65;.65;
2025;09;03;66;0.65;.65;
2025;09;03;67;4.31;3.52;
2025;09;03;68;4.31;3.52;
2025;09;03;69;4.31;-13.00;
2025;09;03;70;4.31;-9.36;
2025;09;03;71;4.31;-6.49;
2025;09;03;72;5.00;.00;
2025;09;03;73;-4.12;-4.12;
2025;09;03;74;1.99;1.99;
2025;09;03;75;22.85;22.85;
2025;09;03;76;61.73;61.73;
2025;09;03;77;2.01;2.01;
2025;09;03;78;50.00;50.00;
2025;09;03;79;83.99;83.99;
2025;09;03;80;96.40;96.40;
2025;09;03;81;70.03;70.03;
2025;09;03;82;90.00;90.00;
2025;09;03;83;101.00;101.00;
2025;09;03;84;103.33;103.33;
2025;09;03;85;121.59;121.59;
2025;09;03;86;123.05;123.05;
2025;09;03;87;122.42;122.42;
2025;09;03;88;119.62;119.62;
2025;09;03;89;100.43;100.43;
2025;09;03;90;96.72;96.72;
2025;09;03;91;93.10;93.10;
2025;09;03;92;87.44;87.44;
2025;09;03;93;94.14;94.14;
2025;09;03;94;89.65;89.65;
2025;09;03;95;86.00;86.00;
2025;09;03;96;84.34;84.34;
*
