MARGINALPIBC;
2025;02;12;1;124.06;124.06;
2025;02;12;2;110.00;110.00;
2025;02;12;3;115.50;115.50;
2025;02;12;4;113.19;113.19;
2025;02;12;5;113.85;113.85;
2025;02;12;6;109.56;109.56;
2025;02;12;7;115.00;115.00;
2025;02;12;8;157.55;157.55;
2025;02;12;9;182.36;182.36;
2025;02;12;10;146.46;146.46;
2025;02;12;11;105.25;105.25;
2025;02;12;12;84.50;84.50;
2025;02;12;13;70.00;70.00;
2025;02;12;14;73.00;73.00;
2025;02;12;15;61.17;61.17;
2025;02;12;16;58.00;58.00;
2025;02;12;17;80.00;80.00;
2025;02;12;18;104.03;104.03;
2025;02;12;19;148.29;148.29;
2025;02;12;20;196.79;196.79;
2025;02;12;21;179.40;179.40;
2025;02;12;22;159.29;159.29;
2025;02;12;23;152.50;152.50;
2025;02;12;24;140.50;140.50;
*
