MARGINALPIBC;
2025;09;07;1;23.00;11.69;
2025;09;07;2;20.00;.00;
2025;09;07;3;18.00;-.69;
2025;09;07;4;2.85;-3.44;
2025;09;07;5;68.51;10.00;
2025;09;07;6;68.51;7.76;
2025;09;07;7;14.00;7.76;
2025;09;07;8;0.50;7.07;
2025;09;07;9;20.15;15.00;
2025;09;07;10;20.15;15.00;
2025;09;07;11;20.00;14.00;
2025;09;07;12;20.00;14.36;
2025;09;07;13;20.00;11.35;
2025;09;07;14;20.00;11.35;
2025;09;07;15;18.05;11.35;
2025;09;07;16;16.00;13.53;
2025;09;07;17;68.51;9.74;
2025;09;07;18;25.83;10.28;
2025;09;07;19;23.32;11.28;
2025;09;07;20;23.32;18.32;
2025;09;07;21;21.28;15.00;
2025;09;07;22;21.28;16.28;
2025;09;07;23;21.28;20.42;
2025;09;07;24;21.28;26.03;
2025;09;07;25;19.00;14.00;
2025;09;07;26;19.00;14.00;
2025;09;07;27;21.51;14.00;
2025;09;07;28;40.28;14.79;
2025;09;07;29;14.99;.00;
2025;09;07;30;14.99;5.85;
2025;09;07;31;14.99;10.77;
2025;09;07;32;18.50;16.99;
2025;09;07;33;21.50;26.70;
2025;09;07;34;21.50;26.50;
2025;09;07;35;21.50;15.64;
2025;09;07;36;21.50;12.20;
2025;09;07;37;20.30;48.20;
2025;09;07;38;20.30;25.30;
2025;09;07;39;20.30;-4.12;
2025;09;07;40;20.30;-4.70;
2025;09;07;41;0.00;-.01;
2025;09;07;42;0.50;-5.04;
2025;09;07;43;12.47;-10.00;
2025;09;07;44;12.47;-12.95;
2025;09;07;45;4.31;-.69;
2025;09;07;46;4.31;-3.90;
2025;09;07;47;4.31;-6.94;
2025;09;07;48;4.31;-8.62;
2025;09;07;49;4.31;-5.40;
2025;09;07;50;4.31;-7.00;
2025;09;07;51;4.31;-7.00;
2025;09;07;52;4.31;-7.00;
2025;09;07;53;4.31;-6.02;
2025;09;07;54;4.31;-5.00;
2025;09;07;55;4.31;-4.55;
2025;09;07;56;4.31;-4.55;
2025;09;07;57;4.31;-5.87;
2025;09;07;58;4.31;-4.85;
2025;09;07;59;4.31;-4.40;
2025;09;07;60;3.06;-4.40;
2025;09;07;61;5.00;-8.00;
2025;09;07;62;4.31;-8.12;
2025;09;07;63;4.31;-8.00;
2025;09;07;64;4.31;-7.00;
2025;09;07;65;4.31;-8.00;
2025;09;07;66;4.31;-7.00;
2025;09;07;67;4.31;-4.12;
2025;09;07;68;4.31;-1.67;
2025;09;07;69;13.59;-8.91;
2025;09;07;70;20.33;-3.62;
2025;09;07;71;24.11;6.08;
2025;09;07;72;40.28;13.60;
2025;09;07;73;40.51;.00;
2025;09;07;74;42.50;37.50;
2025;09;07;75;44.50;70.66;
2025;09;07;76;50.50;81.81;
2025;09;07;77;68.25;42.52;
2025;09;07;78;82.30;79.02;
2025;09;07;79;82.76;85.97;
2025;09;07;80;84.02;93.90;
2025;09;07;81;103.21;84.00;
2025;09;07;82;103.21;88.31;
2025;09;07;83;108.41;93.39;
2025;09;07;84;115.26;98.03;
2025;09;07;85;116.56;91.56;
2025;09;07;86;126.56;98.32;
2025;09;07;87;126.56;98.32;
2025;09;07;88;123.56;91.44;
2025;09;07;89;125.40;90.72;
2025;09;07;90;119.90;88.30;
2025;09;07;91;115.10;85.00;
2025;09;07;92;109.90;84.00;
2025;09;07;93;107.20;89.52;
2025;09;07;94;105.22;85.84;
2025;09;07;95;102.00;84.00;
2025;09;07;96;102.00;76.24;
*
