MARGINALPIBC;
2025;07;18;1;119.82;119.82;
2025;07;18;2;118.00;118.00;
2025;07;18;3;114.67;114.67;
2025;07;18;4;113.50;113.50;
2025;07;18;5;112.99;112.99;
2025;07;18;6;111.52;111.52;
2025;07;18;7;108.60;108.60;
2025;07;18;8;107.61;107.61;
2025;07;18;9;110.79;110.79;
2025;07;18;10;108.41;108.41;
2025;07;18;11;107.22;107.22;
2025;07;18;12;107.22;107.22;
2025;07;18;13;105.90;105.90;
2025;07;18;14;103.63;103.63;
2025;07;18;15;105.90;105.90;
2025;07;18;16;105.90;105.90;
2025;07;18;17;104.81;104.81;
2025;07;18;18;100.00;100.00;
2025;07;18;19;100.00;100.00;
2025;07;18;20;101.81;101.81;
2025;07;18;21;102.17;102.17;
2025;07;18;22;104.17;104.17;
2025;07;18;23;107.17;107.17;
2025;07;18;24;109.85;109.85;
2025;07;18;25;104.24;104.24;
2025;07;18;26;111.55;111.55;
2025;07;18;27;114.67;114.67;
2025;07;18;28;115.46;115.46;
2025;07;18;29;116.44;116.44;
2025;07;18;30;117.57;117.57;
2025;07;18;31;116.44;116.44;
2025;07;18;32;115.14;115.14;
2025;07;18;33;124.39;124.39;
2025;07;18;34;114.67;114.67;
2025;07;18;35;102.22;102.22;
2025;07;18;36;79.38;79.38;
2025;07;18;37;93.15;93.15;
2025;07;18;38;90.16;90.16;
2025;07;18;39;80.64;80.64;
2025;07;18;40;74.47;74.47;
2025;07;18;41;91.83;91.83;
2025;07;18;42;89.05;89.05;
2025;07;18;43;85.00;85.00;
2025;07;18;44;75.58;75.58;
2025;07;18;45;86.64;86.64;
2025;07;18;46;83.86;83.86;
2025;07;18;47;81.73;81.73;
2025;07;18;48;76.60;76.60;
2025;07;18;49;85.00;85.00;
2025;07;18;50;80.00;80.00;
2025;07;18;51;79.00;79.00;
2025;07;18;52;75.58;72.73;
2025;07;18;53;78.02;78.02;
2025;07;18;54;74.89;74.89;
2025;07;18;55;73.02;73.02;
2025;07;18;56;73.23;73.02;
2025;07;18;57;71.41;71.30;
2025;07;18;58;71.31;71.20;
2025;07;18;59;71.20;71.20;
2025;07;18;60;71.19;71.19;
2025;07;18;61;73.38;68.68;
2025;07;18;62;72.89;70.17;
2025;07;18;63;72.89;72.70;
2025;07;18;64;74.68;74.68;
2025;07;18;65;73.80;64.34;
2025;07;18;66;73.80;71.20;
2025;07;18;67;73.80;73.80;
2025;07;18;68;75.81;75.81;
2025;07;18;69;73.38;72.80;
2025;07;18;70;81.81;81.81;
2025;07;18;71;88.06;88.06;
2025;07;18;72;87.80;87.80;
2025;07;18;73;75.00;75.00;
2025;07;18;74;83.80;83.80;
2025;07;18;75;99.45;85.75;
2025;07;18;76;99.99;90.96;
2025;07;18;77;72.20;67.80;
2025;07;18;78;73.38;72.80;
2025;07;18;79;85.00;85.00;
2025;07;18;80;96.21;96.21;
2025;07;18;81;78.88;78.88;
2025;07;18;82;100.00;100.00;
2025;07;18;83;109.14;109.14;
2025;07;18;84;114.99;114.99;
2025;07;18;85;105.55;105.55;
2025;07;18;86;109.40;109.40;
2025;07;18;87;109.84;109.84;
2025;07;18;88;109.39;109.39;
2025;07;18;89;114.19;114.19;
2025;07;18;90;113.09;113.09;
2025;07;18;91;109.65;109.65;
2025;07;18;92;105.55;105.55;
2025;07;18;93;108.09;108.09;
2025;07;18;94;104.33;104.33;
2025;07;18;95;101.38;101.38;
2025;07;18;96;91.65;91.65;
*
