MARGINALPIBC;
2025;03;28;1;56.40;56.40;
2025;03;28;2;58.40;58.40;
2025;03;28;3;57.40;57.40;
2025;03;28;4;51.40;51.40;
2025;03;28;5;37.00;37.00;
2025;03;28;6;37.00;37.00;
2025;03;28;7;37.00;37.00;
2025;03;28;8;37.00;37.00;
2025;03;28;9;35.01;35.01;
2025;03;28;10;33.75;33.75;
2025;03;28;11;35.01;35.01;
2025;03;28;12;35.01;35.01;
2025;03;28;13;29.01;29.01;
2025;03;28;14;29.01;29.01;
2025;03;28;15;29.01;29.01;
2025;03;28;16;29.01;29.01;
2025;03;28;17;29.01;29.01;
2025;03;28;18;29.01;29.01;
2025;03;28;19;29.01;29.01;
2025;03;28;20;29.01;29.01;
2025;03;28;21;29.01;29.01;
2025;03;28;22;29.50;29.50;
2025;03;28;23;29.01;29.01;
2025;03;28;24;29.50;29.50;
2025;03;28;25;50.40;50.40;
2025;03;28;26;50.40;50.40;
2025;03;28;27;51.39;51.39;
2025;03;28;28;51.40;51.40;
2025;03;28;29;86.40;88.83;
2025;03;28;30;76.90;86.89;
2025;03;28;31;76.90;81.00;
2025;03;28;32;72.71;72.71;
2025;03;28;33;45.08;45.08;
2025;03;28;34;29.01;29.01;
2025;03;28;35;10.08;10.08;
2025;03;28;36;0.00;.00;
2025;03;28;37;5.00;5.00;
2025;03;28;38;3.52;3.52;
2025;03;28;39;0.65;.65;
2025;03;28;40;0.02;.02;
2025;03;28;41;0.00;.00;
2025;03;28;42;0.00;.00;
2025;03;28;43;0.00;.00;
2025;03;28;44;0.00;.00;
2025;03;28;45;0.00;.00;
2025;03;28;46;0.00;.00;
2025;03;28;47;-0.01;-.01;
2025;03;28;48;-0.01;-.62;
2025;03;28;49;0.00;.00;
2025;03;28;50;-0.01;-.01;
2025;03;28;51;-0.01;-.01;
2025;03;28;52;-0.01;-.62;
2025;03;28;53;-0.01;-.01;
2025;03;28;54;-0.01;-.01;
2025;03;28;55;-0.01;-.01;
2025;03;28;56;-0.01;-.01;
2025;03;28;57;-0.09;-.62;
2025;03;28;58;-0.09;-.62;
2025;03;28;59;-0.11;-.62;
2025;03;28;60;-0.11;-.62;
2025;03;28;61;-0.01;-.62;
2025;03;28;62;-0.01;-.62;
2025;03;28;63;-0.01;-.62;
2025;03;28;64;-0.01;-.62;
2025;03;28;65;-0.01;-.62;
2025;03;28;66;-0.01;-.62;
2025;03;28;67;-0.01;-.62;
2025;03;28;68;-0.01;-.62;
2025;03;28;69;0.00;-.62;
2025;03;28;70;-0.22;-.22;
2025;03;28;71;0.00;.00;
2025;03;28;72;0.00;.00;
2025;03;28;73;-1.00;-1.00;
2025;03;28;74;1.53;1.53;
2025;03;28;75;14.00;14.00;
2025;03;28;76;25.08;25.08;
2025;03;28;77;57.00;57.00;
2025;03;28;78;62.00;62.00;
2025;03;28;79;67.00;67.00;
2025;03;28;80;69.30;69.30;
2025;03;28;81;84.86;90.59;
2025;03;28;82;84.86;85.35;
2025;03;28;83;84.86;84.86;
2025;03;28;84;80.00;80.00;
2025;03;28;85;68.53;75.53;
2025;03;28;86;63.53;63.53;
2025;03;28;87;63.48;63.48;
2025;03;28;88;58.53;58.53;
2025;03;28;89;50.00;50.00;
2025;03;28;90;50.00;50.00;
2025;03;28;91;50.00;50.00;
2025;03;28;92;50.00;50.00;
2025;03;28;93;26.80;26.80;
2025;03;28;94;25.80;25.80;
2025;03;28;95;25.80;25.80;
2025;03;28;96;25.12;25.12;
*
