MARGINALPIBC;
2026;07;03;1;107.34;107.34;
2026;07;03;2;105.64;105.64;
2026;07;03;3;100.42;100.42;
2026;07;03;4;93.19;93.19;
2026;07;03;5;80.89;80.89;
2026;07;03;6;77.67;77.67;
2026;07;03;7;77.89;77.89;
2026;07;03;8;76.24;76.24;
2026;07;03;9;75.88;75.88;
2026;07;03;10;75.30;75.30;
2026;07;03;11;74.45;74.45;
2026;07;03;12;73.79;73.79;
2026;07;03;13;75.59;75.59;
2026;07;03;14;73.99;73.99;
2026;07;03;15;73.99;73.99;
2026;07;03;16;73.79;73.79;
2026;07;03;17;73.99;73.99;
2026;07;03;18;73.99;73.99;
2026;07;03;19;73.99;73.99;
2026;07;03;20;73.99;73.99;
2026;07;03;21;73.99;73.99;
2026;07;03;22;75.00;75.00;
2026;07;03;23;75.40;75.40;
2026;07;03;24;75.88;75.88;
2026;07;03;25;85.19;85.19;
2026;07;03;26;91.14;91.14;
2026;07;03;27;100.42;100.42;
2026;07;03;28;103.10;103.10;
2026;07;03;29;95.60;95.60;
2026;07;03;30;87.69;87.69;
2026;07;03;31;77.55;77.55;
2026;07;03;32;73.99;73.99;
2026;07;03;33;69.94;69.94;
2026;07;03;34;43.07;43.07;
2026;07;03;35;18.50;18.50;
2026;07;03;36;1.08;1.08;
2026;07;03;37;0.65;.65;
2026;07;03;38;0.00;.00;
2026;07;03;39;-0.20;-.20;
2026;07;03;40;-0.01;-.01;
2026;07;03;41;-2.51;-2.51;
2026;07;03;42;-2.51;-2.51;
2026;07;03;43;-2.51;-3.00;
2026;07;03;44;-2.51;-3.00;
2026;07;03;45;0.00;.00;
2026;07;03;46;0.00;.00;
2026;07;03;47;0.00;.00;
2026;07;03;48;-1.00;-1.55;
2026;07;03;49;0.00;.00;
2026;07;03;50;0.00;.00;
2026;07;03;51;0.00;.00;
2026;07;03;52;-0.01;-.01;
2026;07;03;53;0.00;.00;
2026;07;03;54;0.00;.00;
2026;07;03;55;0.00;.00;
2026;07;03;56;0.00;.00;
2026;07;03;57;-0.11;-.11;
2026;07;03;58;-0.11;-.11;
2026;07;03;59;-0.11;-.11;
2026;07;03;60;-0.10;-.10;
2026;07;03;61;-0.05;-.05;
2026;07;03;62;-0.03;-.03;
2026;07;03;63;-0.11;-.11;
2026;07;03;64;-0.06;-.06;
2026;07;03;65;-0.87;-.87;
2026;07;03;66;0.00;.00;
2026;07;03;67;-2.51;-6.70;
2026;07;03;68;-3.00;-3.00;
2026;07;03;69;0.00;.00;
2026;07;03;70;0.00;.00;
2026;07;03;71;0.00;.00;
2026;07;03;72;0.00;.00;
2026;07;03;73;0.00;.00;
2026;07;03;74;0.01;.01;
2026;07;03;75;1.08;1.08;
2026;07;03;76;1.19;1.19;
2026;07;03;77;5.88;5.88;
2026;07;03;78;12.30;12.30;
2026;07;03;79;45.33;45.33;
2026;07;03;80;50.15;50.15;
2026;07;03;81;50.10;50.10;
2026;07;03;82;84.49;84.49;
2026;07;03;83;105.12;105.12;
2026;07;03;84;118.29;118.29;
2026;07;03;85;115.20;115.20;
2026;07;03;86;118.74;118.74;
2026;07;03;87;120.00;120.00;
2026;07;03;88;117.48;117.48;
2026;07;03;89;126.12;126.12;
2026;07;03;90;121.40;121.40;
2026;07;03;91;117.85;117.85;
2026;07;03;92;116.00;116.00;
2026;07;03;93;115.01;115.01;
2026;07;03;94;112.60;112.60;
2026;07;03;95;112.63;112.63;
2026;07;03;96;110.24;110.24;
*
