MARGINALPIBC;
2025;05;28;1;46.96;46.96;
2025;05;28;2;37.01;37.01;
2025;05;28;3;21.00;21.00;
2025;05;28;4;13.00;13.00;
2025;05;28;5;30.35;30.35;
2025;05;28;6;20.50;20.50;
2025;05;28;7;15.01;15.01;
2025;05;28;8;15.01;15.01;
2025;05;28;9;33.12;33.12;
2025;05;28;10;28.27;28.27;
2025;05;28;11;26.00;26.00;
2025;05;28;12;19.27;19.27;
2025;05;28;13;27.02;27.02;
2025;05;28;14;20.41;20.41;
2025;05;28;15;27.02;27.02;
2025;05;28;16;24.03;24.03;
2025;05;28;17;22.82;22.82;
2025;05;28;18;27.00;27.00;
2025;05;28;19;22.00;22.00;
2025;05;28;20;24.84;24.84;
2025;05;28;21;17.49;17.49;
2025;05;28;22;17.48;17.48;
2025;05;28;23;20.59;20.59;
2025;05;28;24;31.08;31.08;
2025;05;28;25;15.01;15.01;
2025;05;28;26;23.43;23.43;
2025;05;28;27;35.01;35.01;
2025;05;28;28;45.37;45.37;
2025;05;28;29;54.88;54.88;
2025;05;28;30;53.88;53.88;
2025;05;28;31;52.88;52.88;
2025;05;28;32;39.88;39.88;
2025;05;28;33;61.02;61.02;
2025;05;28;34;49.76;49.76;
2025;05;28;35;15.01;15.01;
2025;05;28;36;8.01;8.01;
2025;05;28;37;39.88;30.30;
2025;05;28;38;45.01;4.00;
2025;05;28;39;29.93;.00;
2025;05;28;40;29.88;-5.69;
2025;05;28;41;48.48;20.65;
2025;05;28;42;45.01;5.85;
2025;05;28;43;11.49;.85;
2025;05;28;44;10.01;-.15;
2025;05;28;45;29.00;.50;
2025;05;28;46;20.89;.00;
2025;05;28;47;13.89;.00;
2025;05;28;48;13.79;.00;
2025;05;28;49;23.68;.00;
2025;05;28;50;23.68;.00;
2025;05;28;51;20.67;.00;
2025;05;28;52;13.73;-.01;
2025;05;28;53;23.43;-.01;
2025;05;28;54;23.43;-2.01;
2025;05;28;55;13.43;-4.01;
2025;05;28;56;13.43;-5.60;
2025;05;28;57;16.50;-1.00;
2025;05;28;58;11.50;-3.62;
2025;05;28;59;12.51;-4.12;
2025;05;28;60;16.50;-6.13;
2025;05;28;61;16.43;-3.62;
2025;05;28;62;20.42;-4.12;
2025;05;28;63;23.43;-5.60;
2025;05;28;64;23.43;-5.60;
2025;05;28;65;15.42;-.62;
2025;05;28;66;15.42;-.62;
2025;05;28;67;20.42;-.07;
2025;05;28;68;23.43;-.07;
2025;05;28;69;11.69;-7.00;
2025;05;28;70;15.67;-4.12;
2025;05;28;71;23.68;-.01;
2025;05;28;72;29.67;.00;
2025;05;28;73;10.01;-5.00;
2025;05;28;74;12.11;.05;
2025;05;28;75;24.10;10.46;
2025;05;28;76;45.01;31.72;
2025;05;28;77;15.01;-7.00;
2025;05;28;78;29.50;3.00;
2025;05;28;79;39.50;32.42;
2025;05;28;80;50.01;50.01;
2025;05;28;81;20.01;20.01;
2025;05;28;82;46.50;46.50;
2025;05;28;83;68.12;68.12;
2025;05;28;84;84.92;84.92;
2025;05;28;85;86.60;86.60;
2025;05;28;86;94.03;94.03;
2025;05;28;87;95.00;96.00;
2025;05;28;88;91.89;91.89;
2025;05;28;89;100.65;100.65;
2025;05;28;90;98.86;98.86;
2025;05;28;91;96.33;96.33;
2025;05;28;92;90.96;90.96;
2025;05;28;93;67.51;67.51;
2025;05;28;94;59.88;59.88;
2025;05;28;95;54.88;54.88;
2025;05;28;96;52.89;52.89;
*
