MARGINALPIBC;
2025;06;11;1;101.09;101.09;
2025;06;11;2;96.89;96.89;
2025;06;11;3;95.09;95.09;
2025;06;11;4;92.46;92.46;
2025;06;11;5;100.56;100.56;
2025;06;11;6;97.70;97.70;
2025;06;11;7;95.17;95.17;
2025;06;11;8;93.98;93.98;
2025;06;11;9;97.93;97.93;
2025;06;11;10;94.86;94.86;
2025;06;11;11;94.00;94.00;
2025;06;11;12;93.50;93.50;
2025;06;11;13;94.61;94.61;
2025;06;11;14;94.00;94.00;
2025;06;11;15;93.39;93.39;
2025;06;11;16;94.00;94.00;
2025;06;11;17;93.55;93.55;
2025;06;11;18;93.26;93.26;
2025;06;11;19;93.60;93.60;
2025;06;11;20;94.00;94.00;
2025;06;11;21;92.46;92.46;
2025;06;11;22;93.55;93.55;
2025;06;11;23;95.42;95.42;
2025;06;11;24;98.46;98.46;
2025;06;11;25;94.00;94.00;
2025;06;11;26;96.69;96.69;
2025;06;11;27;99.48;99.48;
2025;06;11;28;102.47;102.47;
2025;06;11;29;100.63;100.63;
2025;06;11;30;102.62;102.62;
2025;06;11;31;101.59;101.59;
2025;06;11;32;100.53;100.53;
2025;06;11;33;105.40;105.40;
2025;06;11;34;99.48;99.48;
2025;06;11;35;96.71;96.71;
2025;06;11;36;89.92;89.92;
2025;06;11;37;101.27;101.27;
2025;06;11;38;98.77;98.77;
2025;06;11;39;95.13;95.13;
2025;06;11;40;93.11;93.11;
2025;06;11;41;82.82;82.82;
2025;06;11;42;82.28;82.28;
2025;06;11;43;77.28;77.28;
2025;06;11;44;62.28;62.28;
2025;06;11;45;49.99;49.99;
2025;06;11;46;49.84;49.84;
2025;06;11;47;30.04;30.04;
2025;06;11;48;19.00;19.00;
2025;06;11;49;14.38;14.38;
2025;06;11;50;14.37;14.28;
2025;06;11;51;14.36;9.95;
2025;06;11;52;14.28;8.20;
2025;06;11;53;5.09;5.00;
2025;06;11;54;5.09;5.00;
2025;06;11;55;5.08;2.43;
2025;06;11;56;5.07;-.20;
2025;06;11;57;3.61;3.52;
2025;06;11;58;3.60;3.52;
2025;06;11;59;3.60;1.25;
2025;06;11;60;3.60;-.67;
2025;06;11;61;0.52;.52;
2025;06;11;62;-0.39;-.39;
2025;06;11;63;1.10;1.10;
2025;06;11;64;1.72;1.72;
2025;06;11;65;2.56;-4.45;
2025;06;11;66;2.56;-2.91;
2025;06;11;67;2.56;2.50;
2025;06;11;68;2.56;2.50;
2025;06;11;69;3.06;-.20;
2025;06;11;70;3.08;3.00;
2025;06;11;71;3.08;3.00;
2025;06;11;72;3.09;3.09;
2025;06;11;73;15.08;15.08;
2025;06;11;74;15.10;15.10;
2025;06;11;75;28.67;28.67;
2025;06;11;76;63.90;63.90;
2025;06;11;77;55.00;55.00;
2025;06;11;78;71.73;71.73;
2025;06;11;79;80.93;80.93;
2025;06;11;80;93.14;93.14;
2025;06;11;81;75.00;75.00;
2025;06;11;82;87.81;87.81;
2025;06;11;83;99.00;99.00;
2025;06;11;84;105.01;105.01;
2025;06;11;85;105.60;105.60;
2025;06;11;86;108.57;108.57;
2025;06;11;87;110.11;110.11;
2025;06;11;88;109.49;109.49;
2025;06;11;89;109.81;109.81;
2025;06;11;90;108.81;108.81;
2025;06;11;91;106.39;106.39;
2025;06;11;92;104.71;104.71;
2025;06;11;93;100.44;100.44;
2025;06;11;94;96.79;96.79;
2025;06;11;95;93.01;93.01;
2025;06;11;96;90.44;90.44;
*
