MARGINALPIBC;
2025;05;19;1;21.02;21.02;
2025;05;19;2;20.82;20.82;
2025;05;19;3;11.79;11.79;
2025;05;19;4;3.60;3.60;
2025;05;19;5;17.82;17.82;
2025;05;19;6;16.22;16.22;
2025;05;19;7;14.44;14.44;
2025;05;19;8;9.99;9.99;
2025;05;19;9;13.31;13.31;
2025;05;19;10;11.33;11.33;
2025;05;19;11;9.83;9.83;
2025;05;19;12;5.97;5.97;
2025;05;19;13;11.00;11.00;
2025;05;19;14;10.00;10.00;
2025;05;19;15;10.00;10.00;
2025;05;19;16;10.00;10.00;
2025;05;19;17;6.63;6.63;
2025;05;19;18;6.63;6.63;
2025;05;19;19;8.13;8.13;
2025;05;19;20;10.24;10.24;
2025;05;19;21;7.94;7.94;
2025;05;19;22;14.26;14.26;
2025;05;19;23;17.44;17.44;
2025;05;19;24;20.44;20.44;
2025;05;19;25;-1.01;-1.01;
2025;05;19;26;8.19;8.19;
2025;05;19;27;17.25;17.25;
2025;05;19;28;23.95;25.95;
2025;05;19;29;21.41;34.99;
2025;05;19;30;28.41;36.15;
2025;05;19;31;28.41;34.99;
2025;05;19;32;28.41;28.41;
2025;05;19;33;45.50;45.50;
2025;05;19;34;31.30;31.30;
2025;05;19;35;12.00;12.00;
2025;05;19;36;-3.20;-3.20;
2025;05;19;37;32.20;32.20;
2025;05;19;38;9.52;9.52;
2025;05;19;39;3.61;-.01;
2025;05;19;40;3.61;-7.00;
2025;05;19;41;2.80;2.00;
2025;05;19;42;3.59;.01;
2025;05;19;43;3.59;.00;
2025;05;19;44;2.80;.00;
2025;05;19;45;3.38;.00;
2025;05;19;46;3.09;.00;
2025;05;19;47;3.09;-.01;
2025;05;19;48;3.09;-.04;
2025;05;19;49;5.76;-.01;
2025;05;19;50;5.38;-.04;
2025;05;19;51;3.58;-.04;
2025;05;19;52;2.50;-.04;
2025;05;19;53;10.38;-.04;
2025;05;19;54;5.76;-.04;
2025;05;19;55;2.50;-.04;
2025;05;19;56;2.50;-.50;
2025;05;19;57;5.76;-1.54;
2025;05;19;58;2.50;-1.54;
2025;05;19;59;2.50;-1.54;
2025;05;19;60;2.50;-1.54;
2025;05;19;61;4.31;-1.54;
2025;05;19;62;2.50;-1.54;
2025;05;19;63;2.50;-1.54;
2025;05;19;64;2.50;-1.54;
2025;05;19;65;4.31;-1.54;
2025;05;19;66;4.31;-1.54;
2025;05;19;67;2.50;-1.54;
2025;05;19;68;1.70;-1.54;
2025;05;19;69;2.40;-1.54;
2025;05;19;70;1.70;-1.54;
2025;05;19;71;4.31;-1.54;
2025;05;19;72;1.70;-1.54;
2025;05;19;73;1.70;-.82;
2025;05;19;74;2.20;-.62;
2025;05;19;75;4.31;-.04;
2025;05;19;76;4.31;.00;
2025;05;19;77;2.50;-13.44;
2025;05;19;78;2.50;-7.00;
2025;05;19;79;8.16;3.52;
2025;05;19;80;15.50;3.52;
2025;05;19;81;-4.20;-4.20;
2025;05;19;82;0.00;.00;
2025;05;19;83;30.20;30.20;
2025;05;19;84;45.50;45.50;
2025;05;19;85;29.93;29.93;
2025;05;19;86;35.00;35.00;
2025;05;19;87;37.44;37.44;
2025;05;19;88;33.94;33.94;
2025;05;19;89;37.10;37.10;
2025;05;19;90;33.22;33.22;
2025;05;19;91;33.22;33.22;
2025;05;19;92;25.29;25.29;
2025;05;19;93;29.70;29.70;
2025;05;19;94;25.86;25.86;
2025;05;19;95;22.33;22.33;
2025;05;19;96;11.93;11.93;
*
