MARGINALPIBC;
2026;02;05;1;0.40;3.78;
2026;02;05;2;0.30;3.78;
2026;02;05;3;-1.11;3.78;
2026;02;05;4;-1.11;1.98;
2026;02;05;5;-1.11;.90;
2026;02;05;6;-1.11;.00;
2026;02;05;7;-1.11;.00;
2026;02;05;8;-1.11;.00;
2026;02;05;9;-1.11;.00;
2026;02;05;10;-1.11;.00;
2026;02;05;11;-1.99;.00;
2026;02;05;12;-2.00;.00;
2026;02;05;13;-1.11;.00;
2026;02;05;14;-1.11;.00;
2026;02;05;15;-1.11;.00;
2026;02;05;16;-1.11;.00;
2026;02;05;17;-1.11;.00;
2026;02;05;18;-1.11;.00;
2026;02;05;19;-1.11;.00;
2026;02;05;20;-1.11;.00;
2026;02;05;21;-1.11;.00;
2026;02;05;22;-1.11;.00;
2026;02;05;23;-1.11;.00;
2026;02;05;24;-1.11;.00;
2026;02;05;25;-1.11;.00;
2026;02;05;26;-1.11;.00;
2026;02;05;27;-1.11;.91;
2026;02;05;28;-1.11;2.48;
2026;02;05;29;-1.11;3.78;
2026;02;05;30;-2.00;11.28;
2026;02;05;31;-2.00;14.00;
2026;02;05;32;-2.00;16.54;
2026;02;05;33;-2.00;19.58;
2026;02;05;34;-2.00;19.50;
2026;02;05;35;-2.00;15.00;
2026;02;05;36;-2.00;13.91;
2026;02;05;37;-2.00;11.33;
2026;02;05;38;-2.00;5.77;
2026;02;05;39;-2.00;3.78;
2026;02;05;40;-2.00;3.78;
2026;02;05;41;-1.66;3.78;
2026;02;05;42;-1.11;3.78;
2026;02;05;43;-1.11;2.48;
2026;02;05;44;-0.79;1.20;
2026;02;05;45;0.00;.91;
2026;02;05;46;0.00;.00;
2026;02;05;47;0.00;.00;
2026;02;05;48;0.00;.00;
2026;02;05;49;0.00;.00;
2026;02;05;50;0.00;.00;
2026;02;05;51;0.00;.00;
2026;02;05;52;0.00;.00;
2026;02;05;53;0.00;.00;
2026;02;05;54;0.00;.00;
2026;02;05;55;0.00;.00;
2026;02;05;56;0.00;.00;
2026;02;05;57;0.00;.00;
2026;02;05;58;0.00;.00;
2026;02;05;59;0.00;.00;
2026;02;05;60;0.00;.00;
2026;02;05;61;0.00;.00;
2026;02;05;62;0.00;.00;
2026;02;05;63;0.00;.00;
2026;02;05;64;0.00;.00;
2026;02;05;65;0.00;.00;
2026;02;05;66;0.00;.00;
2026;02;05;67;0.00;.00;
2026;02;05;68;0.00;.00;
2026;02;05;69;0.00;.00;
2026;02;05;70;0.00;.00;
2026;02;05;71;0.01;.01;
2026;02;05;72;-1.11;3.78;
2026;02;05;73;-2.00;3.78;
2026;02;05;74;-2.00;3.98;
2026;02;05;75;-2.00;9.17;
2026;02;05;76;-2.00;19.76;
2026;02;05;77;-2.00;35.00;
2026;02;05;78;4.27;35.00;
2026;02;05;79;5.84;35.01;
2026;02;05;80;5.84;37.00;
2026;02;05;81;5.84;40.01;
2026;02;05;82;6.23;40.02;
2026;02;05;83;6.23;40.02;
2026;02;05;84;6.23;36.47;
2026;02;05;85;6.23;35.51;
2026;02;05;86;6.23;35.01;
2026;02;05;87;5.84;30.01;
2026;02;05;88;5.84;16.97;
2026;02;05;89;4.27;14.90;
2026;02;05;90;3.38;9.04;
2026;02;05;91;-2.00;3.63;
2026;02;05;92;-2.00;.00;
2026;02;05;93;-2.00;.00;
2026;02;05;94;-1.11;.00;
2026;02;05;95;-1.11;.00;
2026;02;05;96;-1.11;.00;
*
