MARGINALPIBC;
2025;08;01;1;99.22;99.22;
2025;08;01;2;97.22;97.22;
2025;08;01;3;93.84;93.84;
2025;08;01;4;90.01;90.01;
2025;08;01;5;93.25;93.25;
2025;08;01;6;90.47;90.47;
2025;08;01;7;89.53;89.53;
2025;08;01;8;84.43;84.43;
2025;08;01;9;86.00;86.00;
2025;08;01;10;84.34;84.34;
2025;08;01;11;81.00;81.00;
2025;08;01;12;78.00;78.00;
2025;08;01;13;77.65;77.65;
2025;08;01;14;73.55;73.55;
2025;08;01;15;72.55;72.55;
2025;08;01;16;72.55;72.55;
2025;08;01;17;64.98;64.98;
2025;08;01;18;64.67;64.67;
2025;08;01;19;66.01;66.01;
2025;08;01;20;69.08;69.08;
2025;08;01;21;73.60;73.60;
2025;08;01;22;73.60;73.60;
2025;08;01;23;76.99;76.99;
2025;08;01;24;83.28;83.28;
2025;08;01;25;75.14;75.14;
2025;08;01;26;83.34;83.34;
2025;08;01;27;88.14;88.14;
2025;08;01;28;92.65;92.65;
2025;08;01;29;94.62;94.62;
2025;08;01;30;96.55;96.55;
2025;08;01;31;97.62;97.62;
2025;08;01;32;97.20;97.20;
2025;08;01;33;106.14;106.14;
2025;08;01;34;100.00;100.00;
2025;08;01;35;93.83;93.83;
2025;08;01;36;86.00;86.00;
2025;08;01;37;89.83;89.83;
2025;08;01;38;71.57;71.57;
2025;08;01;39;50.00;50.00;
2025;08;01;40;40.04;40.04;
2025;08;01;41;47.36;47.36;
2025;08;01;42;47.31;47.31;
2025;08;01;43;40.81;40.81;
2025;08;01;44;40.04;40.04;
2025;08;01;45;36.63;36.63;
2025;08;01;46;35.85;35.85;
2025;08;01;47;35.58;35.58;
2025;08;01;48;35.58;35.45;
2025;08;01;49;33.42;33.42;
2025;08;01;50;33.42;33.37;
2025;08;01;51;33.42;33.42;
2025;08;01;52;33.00;33.00;
2025;08;01;53;29.56;29.56;
2025;08;01;54;29.56;29.56;
2025;08;01;55;27.57;27.57;
2025;08;01;56;26.61;26.61;
2025;08;01;57;24.70;24.70;
2025;08;01;58;24.51;24.51;
2025;08;01;59;24.94;24.94;
2025;08;01;60;24.01;24.01;
2025;08;01;61;18.43;18.43;
2025;08;01;62;17.93;17.93;
2025;08;01;63;16.43;16.43;
2025;08;01;64;17.43;17.43;
2025;08;01;65;17.42;12.42;
2025;08;01;66;17.42;12.42;
2025;08;01;67;17.42;17.42;
2025;08;01;68;17.57;17.57;
2025;08;01;69;27.47;22.06;
2025;08;01;70;27.47;22.47;
2025;08;01;71;27.97;27.67;
2025;08;01;72;28.97;28.97;
2025;08;01;73;31.31;31.31;
2025;08;01;74;40.55;40.55;
2025;08;01;75;45.30;45.30;
2025;08;01;76;68.18;68.18;
2025;08;01;77;45.12;45.12;
2025;08;01;78;59.08;59.08;
2025;08;01;79;80.47;80.47;
2025;08;01;80;92.60;92.60;
2025;08;01;81;69.79;69.79;
2025;08;01;82;84.48;84.48;
2025;08;01;83;92.84;92.84;
2025;08;01;84;98.16;98.16;
2025;08;01;85;96.26;96.26;
2025;08;01;86;98.02;98.02;
2025;08;01;87;98.02;98.02;
2025;08;01;88;95.01;95.01;
2025;08;01;89;99.52;99.52;
2025;08;01;90;97.52;97.52;
2025;08;01;91;97.52;97.52;
2025;08;01;92;94.25;94.25;
2025;08;01;93;95.41;95.41;
2025;08;01;94;92.41;92.41;
2025;08;01;95;90.41;90.41;
2025;08;01;96;85.55;85.55;
*
