MARGINALPIBC;
2025;07;21;1;73.90;73.90;
2025;07;21;2;70.23;70.23;
2025;07;21;3;62.77;62.77;
2025;07;21;4;55.77;55.77;
2025;07;21;5;51.48;51.48;
2025;07;21;6;50.07;50.07;
2025;07;21;7;49.77;49.77;
2025;07;21;8;49.77;49.77;
2025;07;21;9;50.00;50.00;
2025;07;21;10;45.00;45.00;
2025;07;21;11;45.00;45.00;
2025;07;21;12;45.00;45.00;
2025;07;21;13;40.00;40.00;
2025;07;21;14;40.00;40.00;
2025;07;21;15;40.00;40.00;
2025;07;21;16;40.00;40.00;
2025;07;21;17;18.08;18.08;
2025;07;21;18;20.88;20.88;
2025;07;21;19;21.65;21.65;
2025;07;21;20;24.89;24.89;
2025;07;21;21;49.77;49.77;
2025;07;21;22;50.00;50.00;
2025;07;21;23;50.00;50.00;
2025;07;21;24;50.07;50.07;
2025;07;21;25;52.77;52.77;
2025;07;21;26;55.77;55.77;
2025;07;21;27;70.54;70.54;
2025;07;21;28;75.54;75.54;
2025;07;21;29;100.00;100.00;
2025;07;21;30;100.52;100.52;
2025;07;21;31;100.52;100.52;
2025;07;21;32;99.89;99.89;
2025;07;21;33;81.99;81.99;
2025;07;21;34;80.00;80.00;
2025;07;21;35;59.33;59.33;
2025;07;21;36;45.13;45.13;
2025;07;21;37;44.00;44.00;
2025;07;21;38;40.00;40.00;
2025;07;21;39;39.18;18.07;
2025;07;21;40;38.69;.00;
2025;07;21;41;39.18;15.11;
2025;07;21;42;39.18;8.11;
2025;07;21;43;5.11;4.72;
2025;07;21;44;5.11;3.11;
2025;07;21;45;6.00;6.00;
2025;07;21;46;6.00;6.00;
2025;07;21;47;6.00;6.00;
2025;07;21;48;6.00;6.00;
2025;07;21;49;15.23;15.23;
2025;07;21;50;15.23;15.23;
2025;07;21;51;15.23;15.23;
2025;07;21;52;15.23;15.23;
2025;07;21;53;22.63;22.63;
2025;07;21;54;22.63;22.63;
2025;07;21;55;22.63;22.63;
2025;07;21;56;22.63;22.63;
2025;07;21;57;17.22;17.22;
2025;07;21;58;17.22;17.22;
2025;07;21;59;17.22;17.22;
2025;07;21;60;17.22;17.22;
2025;07;21;61;18.00;18.00;
2025;07;21;62;16.16;16.16;
2025;07;21;63;16.16;16.16;
2025;07;21;64;16.01;16.01;
2025;07;21;65;8.93;8.93;
2025;07;21;66;8.93;8.93;
2025;07;21;67;8.93;8.93;
2025;07;21;68;9.70;9.70;
2025;07;21;69;13.07;13.07;
2025;07;21;70;23.17;23.17;
2025;07;21;71;30.17;30.17;
2025;07;21;72;34.81;34.81;
2025;07;21;73;-0.25;-.25;
2025;07;21;74;1.66;1.66;
2025;07;21;75;28.81;28.81;
2025;07;21;76;43.81;43.81;
2025;07;21;77;0.65;.65;
2025;07;21;78;48.73;48.73;
2025;07;21;79;70.42;70.42;
2025;07;21;80;75.31;75.31;
2025;07;21;81;65.13;65.13;
2025;07;21;82;88.92;88.92;
2025;07;21;83;112.74;112.74;
2025;07;21;84;118.19;118.19;
2025;07;21;85;159.66;159.66;
2025;07;21;86;164.20;164.20;
2025;07;21;87;165.20;165.20;
2025;07;21;88;165.20;165.20;
2025;07;21;89;162.92;162.92;
2025;07;21;90;161.52;161.52;
2025;07;21;91;157.44;157.44;
2025;07;21;92;150.43;150.43;
2025;07;21;93;119.78;119.78;
2025;07;21;94;117.28;117.28;
2025;07;21;95;110.58;110.58;
2025;07;21;96;100.77;100.77;
*
