MARGINALPIBC;
2025;09;06;1;82.60;82.60;
2025;09;06;2;78.47;78.47;
2025;09;06;3;66.71;66.71;
2025;09;06;4;50.20;50.20;
2025;09;06;5;58.78;58.78;
2025;09;06;6;58.78;58.78;
2025;09;06;7;55.77;55.77;
2025;09;06;8;38.78;38.78;
2025;09;06;9;48.71;48.71;
2025;09;06;10;45.70;45.70;
2025;09;06;11;38.71;38.71;
2025;09;06;12;23.71;23.71;
2025;09;06;13;39.85;39.85;
2025;09;06;14;30.95;30.95;
2025;09;06;15;29.90;29.90;
2025;09;06;16;29.70;29.70;
2025;09;06;17;25.89;25.89;
2025;09;06;18;23.01;23.01;
2025;09;06;19;19.88;19.88;
2025;09;06;20;19.88;19.88;
2025;09;06;21;19.88;19.88;
2025;09;06;22;19.90;19.90;
2025;09;06;23;21.33;21.33;
2025;09;06;24;23.46;23.46;
2025;09;06;25;19.88;19.88;
2025;09;06;26;25.00;25.00;
2025;09;06;27;26.26;26.26;
2025;09;06;28;28.28;28.28;
2025;09;06;29;42.00;42.00;
2025;09;06;30;42.00;42.00;
2025;09;06;31;42.00;42.00;
2025;09;06;32;42.00;42.00;
2025;09;06;33;47.66;47.66;
2025;09;06;34;44.54;44.54;
2025;09;06;35;31.63;31.63;
2025;09;06;36;13.60;13.60;
2025;09;06;37;57.25;57.25;
2025;09;06;38;24.11;24.11;
2025;09;06;39;10.20;5.22;
2025;09;06;40;10.20;-5.22;
2025;09;06;41;8.32;3.52;
2025;09;06;42;7.22;3.52;
2025;09;06;43;7.22;-3.27;
2025;09;06;44;7.22;-15.00;
2025;09;06;45;0.00;.00;
2025;09;06;46;0.00;-.69;
2025;09;06;47;0.00;-9.06;
2025;09;06;48;-0.01;-15.00;
2025;09;06;49;0.00;.00;
2025;09;06;50;0.00;.00;
2025;09;06;51;-0.02;-.02;
2025;09;06;52;-2.11;-2.11;
2025;09;06;53;-0.69;-.69;
2025;09;06;54;-0.86;-.86;
2025;09;06;55;-2.86;-2.86;
2025;09;06;56;-3.96;-3.96;
2025;09;06;57;-4.00;-4.00;
2025;09;06;58;-3.49;-3.49;
2025;09;06;59;-2.00;-2.00;
2025;09;06;60;-1.00;-1.00;
2025;09;06;61;-4.16;-4.16;
2025;09;06;62;-2.66;-2.66;
2025;09;06;63;-0.19;-.19;
2025;09;06;64;-0.17;-.17;
2025;09;06;65;-5.02;-5.08;
2025;09;06;66;-0.69;-.69;
2025;09;06;67;-0.53;-.53;
2025;09;06;68;-0.02;-.02;
2025;09;06;69;-4.44;-9.00;
2025;09;06;70;-0.01;-8.43;
2025;09;06;71;0.00;-4.00;
2025;09;06;72;0.00;.00;
2025;09;06;73;0.00;-10.00;
2025;09;06;74;0.00;-7.00;
2025;09;06;75;4.31;.00;
2025;09;06;76;24.11;.66;
2025;09;06;77;9.85;-5.66;
2025;09;06;78;10.20;9.64;
2025;09;06;79;47.99;47.99;
2025;09;06;80;78.72;78.72;
2025;09;06;81;25.00;25.00;
2025;09;06;82;42.00;42.00;
2025;09;06;83;50.37;50.37;
2025;09;06;84;62.00;62.00;
2025;09;06;85;56.85;56.85;
2025;09;06;86;58.54;58.54;
2025;09;06;87;58.54;58.54;
2025;09;06;88;58.54;58.54;
2025;09;06;89;55.44;55.44;
2025;09;06;90;55.44;55.44;
2025;09;06;91;52.34;52.34;
2025;09;06;92;49.24;49.24;
2025;09;06;93;39.50;39.50;
2025;09;06;94;36.78;36.78;
2025;09;06;95;34.50;34.50;
2025;09;06;96;29.50;29.50;
*
