MARGINALPIBC;
2025;12;27;1;92.34;92.34;
2025;12;27;2;90.00;90.00;
2025;12;27;3;84.77;84.77;
2025;12;27;4;82.09;82.09;
2025;12;27;5;86.26;86.26;
2025;12;27;6;82.95;82.95;
2025;12;27;7;82.59;82.59;
2025;12;27;8;81.30;81.30;
2025;12;27;9;82.86;82.86;
2025;12;27;10;82.67;82.67;
2025;12;27;11;82.68;82.68;
2025;12;27;12;82.30;82.30;
2025;12;27;13;81.50;81.50;
2025;12;27;14;77.73;77.73;
2025;12;27;15;76.79;76.79;
2025;12;27;16;75.25;75.25;
2025;12;27;17;75.12;75.12;
2025;12;27;18;74.40;74.40;
2025;12;27;19;72.24;72.24;
2025;12;27;20;69.88;69.88;
2025;12;27;21;72.14;72.14;
2025;12;27;22;69.98;69.98;
2025;12;27;23;69.78;69.78;
2025;12;27;24;68.88;68.88;
2025;12;27;25;68.81;68.81;
2025;12;27;26;68.81;68.81;
2025;12;27;27;69.27;69.27;
2025;12;27;28;69.20;69.20;
2025;12;27;29;69.80;69.80;
2025;12;27;30;70.03;70.03;
2025;12;27;31;73.19;73.19;
2025;12;27;32;73.02;73.02;
2025;12;27;33;83.73;83.73;
2025;12;27;34;87.50;87.50;
2025;12;27;35;88.10;88.10;
2025;12;27;36;87.27;87.27;
2025;12;27;37;97.41;97.41;
2025;12;27;38;92.31;92.31;
2025;12;27;39;87.84;87.84;
2025;12;27;40;74.95;74.95;
2025;12;27;41;73.40;73.40;
2025;12;27;42;72.64;72.64;
2025;12;27;43;69.63;69.63;
2025;12;27;44;68.67;68.67;
2025;12;27;45;69.20;69.20;
2025;12;27;46;69.14;69.14;
2025;12;27;47;68.94;68.94;
2025;12;27;48;67.18;67.18;
2025;12;27;49;66.11;66.11;
2025;12;27;50;66.11;66.11;
2025;12;27;51;68.31;68.31;
2025;12;27;52;69.01;69.01;
2025;12;27;53;69.01;69.01;
2025;12;27;54;69.01;69.01;
2025;12;27;55;66.75;66.75;
2025;12;27;56;69.77;69.77;
2025;12;27;57;68.00;68.00;
2025;12;27;58;69.27;69.27;
2025;12;27;59;69.27;69.27;
2025;12;27;60;70.00;70.00;
2025;12;27;61;69.15;69.15;
2025;12;27;62;68.80;68.80;
2025;12;27;63;69.17;69.17;
2025;12;27;64;71.12;71.12;
2025;12;27;65;72.64;72.64;
2025;12;27;66;73.51;73.51;
2025;12;27;67;79.97;79.97;
2025;12;27;68;86.49;86.49;
2025;12;27;69;87.11;87.11;
2025;12;27;70;88.79;88.79;
2025;12;27;71;91.01;91.01;
2025;12;27;72;93.91;93.91;
2025;12;27;73;92.34;92.34;
2025;12;27;74;95.90;95.90;
2025;12;27;75;98.00;98.00;
2025;12;27;76;98.40;98.40;
2025;12;27;77;94.00;94.00;
2025;12;27;78;98.49;98.49;
2025;12;27;79;99.91;99.91;
2025;12;27;80;99.00;99.00;
2025;12;27;81;87.95;87.95;
2025;12;27;82;88.00;88.00;
2025;12;27;83;87.00;87.00;
2025;12;27;84;85.71;85.71;
2025;12;27;85;87.99;87.99;
2025;12;27;86;87.20;87.20;
2025;12;27;87;86.50;86.50;
2025;12;27;88;84.79;84.79;
2025;12;27;89;85.00;85.00;
2025;12;27;90;87.25;87.25;
2025;12;27;91;88.00;88.00;
2025;12;27;92;85.79;85.79;
2025;12;27;93;84.46;84.46;
2025;12;27;94;81.00;81.00;
2025;12;27;95;74.54;74.54;
2025;12;27;96;73.40;73.40;
*
