MARGINALPIBC;
2026;03;27;1;0.10;.10;
2026;03;27;2;0.10;.10;
2026;03;27;3;0.20;.20;
2026;03;27;4;0.00;.00;
2026;03;27;5;0.50;.50;
2026;03;27;6;0.30;.30;
2026;03;27;7;0.30;.30;
2026;03;27;8;0.30;.30;
2026;03;27;9;0.40;.40;
2026;03;27;10;0.40;.40;
2026;03;27;11;0.20;.20;
2026;03;27;12;0.10;.10;
2026;03;27;13;0.10;.10;
2026;03;27;14;0.10;.10;
2026;03;27;15;0.10;.10;
2026;03;27;16;0.10;.10;
2026;03;27;17;0.00;.00;
2026;03;27;18;0.00;.00;
2026;03;27;19;0.01;.01;
2026;03;27;20;0.10;.10;
2026;03;27;21;3.08;3.08;
2026;03;27;22;3.08;3.08;
2026;03;27;23;3.08;3.08;
2026;03;27;24;3.08;3.08;
2026;03;27;25;1.40;1.40;
2026;03;27;26;3.08;3.08;
2026;03;27;27;5.00;5.00;
2026;03;27;28;5.41;5.41;
2026;03;27;29;14.00;14.00;
2026;03;27;30;14.00;14.00;
2026;03;27;31;14.00;14.00;
2026;03;27;32;5.41;5.41;
2026;03;27;33;5.05;5.05;
2026;03;27;34;5.00;5.00;
2026;03;27;35;0.84;.84;
2026;03;27;36;0.00;.00;
2026;03;27;37;-0.01;-.01;
2026;03;27;38;-0.31;-.31;
2026;03;27;39;-0.81;-.81;
2026;03;27;40;-0.82;-.82;
2026;03;27;41;-2.01;-2.01;
2026;03;27;42;-2.09;-2.09;
2026;03;27;43;-2.80;-2.80;
2026;03;27;44;-3.22;-3.22;
2026;03;27;45;-4.20;-4.20;
2026;03;27;46;-4.20;-4.20;
2026;03;27;47;-4.20;-4.20;
2026;03;27;48;-4.70;-4.70;
2026;03;27;49;-5.20;-5.20;
2026;03;27;50;-5.20;-5.20;
2026;03;27;51;-5.20;-5.20;
2026;03;27;52;-5.20;-5.20;
2026;03;27;53;-5.20;-5.20;
2026;03;27;54;-5.20;-5.20;
2026;03;27;55;-5.20;-5.20;
2026;03;27;56;-6.00;-6.00;
2026;03;27;57;-5.20;-5.20;
2026;03;27;58;-5.20;-5.20;
2026;03;27;59;-5.20;-5.20;
2026;03;27;60;-5.20;-5.20;
2026;03;27;61;-5.20;-5.20;
2026;03;27;62;-5.20;-5.20;
2026;03;27;63;-5.20;-5.20;
2026;03;27;64;-4.20;-4.20;
2026;03;27;65;-4.20;-4.20;
2026;03;27;66;-3.30;-3.30;
2026;03;27;67;-2.00;-2.00;
2026;03;27;68;-1.60;-1.60;
2026;03;27;69;-0.82;-.82;
2026;03;27;70;-0.81;-.81;
2026;03;27;71;-0.48;-.48;
2026;03;27;72;0.00;.00;
2026;03;27;73;0.00;.00;
2026;03;27;74;3.08;3.08;
2026;03;27;75;5.59;5.59;
2026;03;27;76;14.00;14.00;
2026;03;27;77;16.00;16.00;
2026;03;27;78;47.42;47.42;
2026;03;27;79;58.76;58.76;
2026;03;27;80;79.40;79.40;
2026;03;27;81;80.00;80.00;
2026;03;27;82;84.70;84.70;
2026;03;27;83;86.23;86.23;
2026;03;27;84;85.00;85.00;
2026;03;27;85;83.52;83.52;
2026;03;27;86;83.52;83.52;
2026;03;27;87;69.88;69.88;
2026;03;27;88;59.76;59.76;
2026;03;27;89;57.15;57.15;
2026;03;27;90;44.51;44.51;
2026;03;27;91;44.82;44.82;
2026;03;27;92;35.00;35.00;
2026;03;27;93;36.00;36.00;
2026;03;27;94;34.35;34.35;
2026;03;27;95;33.50;33.50;
2026;03;27;96;25.90;25.90;
*
