MARGINALPIBC;
2025;03;27;1;77.53;77.53;
2025;03;27;2;58.54;58.54;
2025;03;27;3;51.44;51.44;
2025;03;27;4;57.27;57.27;
2025;03;27;5;38.76;38.76;
2025;03;27;6;28.76;28.76;
2025;03;27;7;23.34;23.34;
2025;03;27;8;36.96;36.96;
2025;03;27;9;18.30;18.30;
2025;03;27;10;18.30;18.30;
2025;03;27;11;19.80;19.80;
2025;03;27;12;18.30;18.30;
2025;03;27;13;18.19;18.19;
2025;03;27;14;18.19;18.19;
2025;03;27;15;18.19;18.19;
2025;03;27;16;18.08;18.08;
2025;03;27;17;18.19;18.19;
2025;03;27;18;18.30;18.30;
2025;03;27;19;18.30;18.30;
2025;03;27;20;18.30;18.30;
2025;03;27;21;14.09;14.09;
2025;03;27;22;14.09;14.09;
2025;03;27;23;19.05;19.05;
2025;03;27;24;21.00;21.00;
2025;03;27;25;73.92;83.92;
2025;03;27;26;73.92;84.42;
2025;03;27;27;74.92;85.10;
2025;03;27;28;74.92;85.92;
2025;03;27;29;114.03;125.03;
2025;03;27;30;114.03;125.15;
2025;03;27;31;114.03;123.03;
2025;03;27;32;112.53;112.53;
2025;03;27;33;89.91;89.91;
2025;03;27;34;64.90;64.90;
2025;03;27;35;36.29;36.29;
2025;03;27;36;19.46;19.46;
2025;03;27;37;11.53;11.53;
2025;03;27;38;4.31;4.31;
2025;03;27;39;2.01;2.01;
2025;03;27;40;0.65;.65;
2025;03;27;41;4.31;.65;
2025;03;27;42;4.31;.01;
2025;03;27;43;1.10;.00;
2025;03;27;44;1.10;.00;
2025;03;27;45;4.31;.00;
2025;03;27;46;4.31;.00;
2025;03;27;47;1.10;.00;
2025;03;27;48;1.10;.00;
2025;03;27;49;1.10;.00;
2025;03;27;50;1.10;.00;
2025;03;27;51;1.10;.00;
2025;03;27;52;1.10;.00;
2025;03;27;53;1.00;.00;
2025;03;27;54;1.00;.00;
2025;03;27;55;1.00;.00;
2025;03;27;56;1.00;.00;
2025;03;27;57;4.31;.00;
2025;03;27;58;1.00;.00;
2025;03;27;59;1.00;.00;
2025;03;27;60;1.00;.00;
2025;03;27;61;4.31;.00;
2025;03;27;62;4.31;.00;
2025;03;27;63;4.31;.00;
2025;03;27;64;4.31;.00;
2025;03;27;65;4.31;.00;
2025;03;27;66;4.31;.00;
2025;03;27;67;4.31;.00;
2025;03;27;68;4.31;.00;
2025;03;27;69;0.65;.65;
2025;03;27;70;1.61;1.61;
2025;03;27;71;3.52;3.52;
2025;03;27;72;4.96;4.96;
2025;03;27;73;18.19;18.19;
2025;03;27;74;33.81;33.81;
2025;03;27;75;47.81;47.81;
2025;03;27;76;75.20;75.20;
2025;03;27;77;142.30;157.00;
2025;03;27;78;142.30;150.00;
2025;03;27;79;142.30;154.25;
2025;03;27;80;147.00;150.00;
2025;03;27;81;127.87;145.57;
2025;03;27;82;127.87;140.57;
2025;03;27;83;127.87;132.28;
2025;03;27;84;127.58;127.58;
2025;03;27;85;117.84;117.84;
2025;03;27;86;117.10;117.10;
2025;03;27;87;116.00;116.00;
2025;03;27;88;109.75;109.75;
2025;03;27;89;97.39;103.60;
2025;03;27;90;97.10;104.35;
2025;03;27;91;97.10;105.98;
2025;03;27;92;97.10;103.60;
2025;03;27;93;83.70;93.20;
2025;03;27;94;83.70;93.20;
2025;03;27;95;83.70;95.08;
2025;03;27;96;83.70;89.57;
*
