MARGINALPIBC;
2025;04;21;1;34.01;34.01;
2025;04;21;2;34.00;34.00;
2025;04;21;3;34.00;34.00;
2025;04;21;4;33.00;33.00;
2025;04;21;5;23.00;23.00;
2025;04;21;6;21.88;21.88;
2025;04;21;7;22.55;22.55;
2025;04;21;8;21.88;21.88;
2025;04;21;9;20.30;20.30;
2025;04;21;10;20.30;20.30;
2025;04;21;11;20.30;20.30;
2025;04;21;12;20.04;20.04;
2025;04;21;13;19.99;19.99;
2025;04;21;14;19.99;19.99;
2025;04;21;15;19.99;19.99;
2025;04;21;16;19.99;19.99;
2025;04;21;17;21.38;21.38;
2025;04;21;18;21.38;21.38;
2025;04;21;19;21.38;21.38;
2025;04;21;20;21.38;21.38;
2025;04;21;21;21.97;21.97;
2025;04;21;22;24.47;24.47;
2025;04;21;23;25.41;25.41;
2025;04;21;24;27.47;27.47;
2025;04;21;25;34.00;47.22;
2025;04;21;26;34.62;52.05;
2025;04;21;27;36.05;53.97;
2025;04;21;28;39.00;59.90;
2025;04;21;29;53.52;62.34;
2025;04;21;30;53.52;66.31;
2025;04;21;31;65.06;67.19;
2025;04;21;32;67.13;67.13;
2025;04;21;33;82.81;82.81;
2025;04;21;34;70.12;70.12;
2025;04;21;35;58.94;58.94;
2025;04;21;36;45.12;45.12;
2025;04;21;37;53.52;53.52;
2025;04;21;38;44.08;44.08;
2025;04;21;39;33.98;33.98;
2025;04;21;40;21.63;21.63;
2025;04;21;41;40.74;40.74;
2025;04;21;42;27.24;27.24;
2025;04;21;43;24.87;24.87;
2025;04;21;44;22.12;22.12;
2025;04;21;45;20.84;20.84;
2025;04;21;46;20.00;20.00;
2025;04;21;47;19.00;19.00;
2025;04;21;48;17.00;17.00;
2025;04;21;49;25.83;25.83;
2025;04;21;50;23.51;23.51;
2025;04;21;51;16.83;16.83;
2025;04;21;52;13.83;13.83;
2025;04;21;53;21.95;21.95;
2025;04;21;54;16.10;16.10;
2025;04;21;55;10.12;10.12;
2025;04;21;56;9.12;9.12;
2025;04;21;57;8.56;8.56;
2025;04;21;58;8.56;8.56;
2025;04;21;59;11.56;11.56;
2025;04;21;60;16.86;16.86;
2025;04;21;61;11.27;11.27;
2025;04;21;62;13.27;13.27;
2025;04;21;63;14.27;14.27;
2025;04;21;64;18.27;18.27;
2025;04;21;65;13.94;13.94;
2025;04;21;66;21.94;21.94;
2025;04;21;67;14.00;14.00;
2025;04;21;68;21.94;21.94;
2025;04;21;69;17.83;17.83;
2025;04;21;70;20.33;20.33;
2025;04;21;71;25.34;25.34;
2025;04;21;72;43.55;43.55;
2025;04;21;73;22.86;22.86;
2025;04;21;74;37.79;37.79;
2025;04;21;75;50.00;50.00;
2025;04;21;76;61.48;61.48;
2025;04;21;77;29.54;93.07;
2025;04;21;78;40.12;102.39;
2025;04;21;79;78.72;107.78;
2025;04;21;80;109.92;109.92;
2025;04;21;81;40.12;131.86;
2025;04;21;82;129.09;133.11;
2025;04;21;83;134.09;134.09;
2025;04;21;84;133.99;133.99;
2025;04;21;85;160.69;162.67;
2025;04;21;86;161.23;162.67;
2025;04;21;87;161.23;162.67;
2025;04;21;88;155.62;160.89;
2025;04;21;89;124.00;125.77;
2025;04;21;90;121.52;121.52;
2025;04;21;91;110.77;119.36;
2025;04;21;92;53.52;112.77;
2025;04;21;93;103.41;105.06;
2025;04;21;94;98.20;102.43;
2025;04;21;95;53.52;97.90;
2025;04;21;96;40.12;93.05;
*
