MARGINALPIBC;
2025;01;24;1;92.99;92.99;
2025;01;24;2;88.74;88.74;
2025;01;24;3;74.93;74.93;
2025;01;24;4;70.30;70.30;
2025;01;24;5;67.29;67.29;
2025;01;24;6;69.17;69.17;
2025;01;24;7;88.74;88.74;
2025;01;24;8;100.00;100.00;
2025;01;24;9;117.00;117.00;
2025;01;24;10;109.78;109.78;
2025;01;24;11;95.10;95.10;
2025;01;24;12;81.93;81.93;
2025;01;24;13;76.68;76.68;
2025;01;24;14;73.26;73.26;
2025;01;24;15;70.09;70.09;
2025;01;24;16;74.26;74.26;
2025;01;24;17;77.13;77.13;
2025;01;24;18;91.80;91.80;
2025;01;24;19;97.00;97.00;
2025;01;24;20;102.80;102.80;
2025;01;24;21;104.95;104.95;
2025;01;24;22;98.35;98.35;
2025;01;24;23;95.58;95.58;
2025;01;24;24;90.70;90.70;
*
