MARGINALPIBC;
2026;05;10;1;51.79;51.79;
2026;05;10;2;45.02;45.02;
2026;05;10;3;33.99;33.99;
2026;05;10;4;15.60;15.60;
2026;05;10;5;30.01;30.01;
2026;05;10;6;19.01;19.01;
2026;05;10;7;20.56;20.56;
2026;05;10;8;20.00;20.00;
2026;05;10;9;15.56;15.56;
2026;05;10;10;15.24;15.24;
2026;05;10;11;16.82;16.82;
2026;05;10;12;14.03;14.03;
2026;05;10;13;8.90;8.90;
2026;05;10;14;12.10;12.10;
2026;05;10;15;14.48;14.48;
2026;05;10;16;14.23;14.23;
2026;05;10;17;15.05;15.05;
2026;05;10;18;16.32;16.32;
2026;05;10;19;16.06;16.06;
2026;05;10;20;16.14;16.14;
2026;05;10;21;12.17;12.17;
2026;05;10;22;13.90;13.90;
2026;05;10;23;16.39;16.39;
2026;05;10;24;16.78;16.78;
2026;05;10;25;12.14;12.14;
2026;05;10;26;12.80;12.80;
2026;05;10;27;16.27;16.27;
2026;05;10;28;16.39;16.39;
2026;05;10;29;19.68;19.68;
2026;05;10;30;18.25;18.25;
2026;05;10;31;15.49;15.49;
2026;05;10;32;8.90;8.90;
2026;05;10;33;20.00;20.00;
2026;05;10;34;12.29;12.29;
2026;05;10;35;9.26;9.26;
2026;05;10;36;5.39;5.39;
2026;05;10;37;19.77;19.77;
2026;05;10;38;12.61;12.61;
2026;05;10;39;3.08;3.08;
2026;05;10;40;0.84;.84;
2026;05;10;41;3.07;.84;
2026;05;10;42;2.00;.00;
2026;05;10;43;2.00;.00;
2026;05;10;44;2.00;.00;
2026;05;10;45;2.00;.00;
2026;05;10;46;2.00;.00;
2026;05;10;47;2.00;.00;
2026;05;10;48;2.00;.00;
2026;05;10;49;0.01;.00;
2026;05;10;50;2.90;.00;
2026;05;10;51;2.94;.00;
2026;05;10;52;2.90;.00;
2026;05;10;53;2.89;.00;
2026;05;10;54;2.50;.00;
2026;05;10;55;2.00;.00;
2026;05;10;56;0.29;.00;
2026;05;10;57;2.19;.00;
2026;05;10;58;2.45;.00;
2026;05;10;59;2.00;.00;
2026;05;10;60;2.00;.00;
2026;05;10;61;2.00;-.81;
2026;05;10;62;2.00;-.81;
2026;05;10;63;0.29;-.81;
2026;05;10;64;0.00;-.81;
2026;05;10;65;0.28;-.81;
2026;05;10;66;2.00;-.81;
2026;05;10;67;2.00;-.81;
2026;05;10;68;2.00;-.81;
2026;05;10;69;0.29;.00;
2026;05;10;70;0.58;.00;
2026;05;10;71;2.00;.00;
2026;05;10;72;2.00;.00;
2026;05;10;73;0.00;.00;
2026;05;10;74;0.00;.00;
2026;05;10;75;1.11;.84;
2026;05;10;76;2.00;.84;
2026;05;10;77;1.04;1.04;
2026;05;10;78;5.41;5.41;
2026;05;10;79;21.28;21.28;
2026;05;10;80;30.80;30.80;
2026;05;10;81;21.99;21.99;
2026;05;10;82;45.50;45.50;
2026;05;10;83;71.65;71.65;
2026;05;10;84;63.94;96.86;
2026;05;10;85;63.94;91.78;
2026;05;10;86;63.94;103.87;
2026;05;10;87;71.56;106.70;
2026;05;10;88;71.56;106.20;
2026;05;10;89;71.56;105.00;
2026;05;10;90;71.56;103.82;
2026;05;10;91;71.56;104.40;
2026;05;10;92;71.56;101.70;
2026;05;10;93;70.60;88.83;
2026;05;10;94;75.00;75.00;
2026;05;10;95;76.71;76.71;
2026;05;10;96;73.74;73.74;
*
