MARGINALPIBC;
2025;03;20;1;-3.62;-3.62;
2025;03;20;2;-3.62;-3.62;
2025;03;20;3;-3.62;-3.62;
2025;03;20;4;-3.62;-3.62;
2025;03;20;5;-3.62;-3.62;
2025;03;20;6;-5.00;-5.00;
2025;03;20;7;-5.50;-5.50;
2025;03;20;8;-5.50;-5.50;
2025;03;20;9;-3.62;-3.62;
2025;03;20;10;-3.98;-3.98;
2025;03;20;11;-3.98;-3.98;
2025;03;20;12;-3.99;-3.99;
2025;03;20;13;-3.62;-3.62;
2025;03;20;14;-3.98;-3.98;
2025;03;20;15;-3.98;-3.98;
2025;03;20;16;-3.98;-3.98;
2025;03;20;17;-3.98;-3.98;
2025;03;20;18;-3.98;-3.98;
2025;03;20;19;-3.98;-3.98;
2025;03;20;20;-3.62;-3.62;
2025;03;20;21;-5.00;-5.00;
2025;03;20;22;-5.00;-5.00;
2025;03;20;23;-3.62;-3.62;
2025;03;20;24;-3.62;-3.62;
2025;03;20;25;-5.50;-5.50;
2025;03;20;26;-5.00;-5.00;
2025;03;20;27;-3.62;-3.62;
2025;03;20;28;-3.62;-3.62;
2025;03;20;29;0.00;.00;
2025;03;20;30;0.00;.00;
2025;03;20;31;0.00;.00;
2025;03;20;32;2.70;2.70;
2025;03;20;33;14.00;14.00;
2025;03;20;34;14.00;14.00;
2025;03;20;35;13.93;13.93;
2025;03;20;36;9.00;9.00;
2025;03;20;37;5.00;5.00;
2025;03;20;38;4.90;4.90;
2025;03;20;39;3.00;3.00;
2025;03;20;40;0.65;.65;
2025;03;20;41;2.52;2.52;
2025;03;20;42;1.02;1.02;
2025;03;20;43;0.00;.00;
2025;03;20;44;-0.20;-.20;
2025;03;20;45;2.42;2.42;
2025;03;20;46;0.10;.10;
2025;03;20;47;0.00;.00;
2025;03;20;48;-3.62;-3.62;
2025;03;20;49;0.00;.00;
2025;03;20;50;-0.45;-.45;
2025;03;20;51;-0.45;-.45;
2025;03;20;52;-1.00;-1.00;
2025;03;20;53;-1.81;-1.81;
2025;03;20;54;-0.45;-.45;
2025;03;20;55;-0.20;-.20;
2025;03;20;56;0.00;.00;
2025;03;20;57;-3.62;-3.62;
2025;03;20;58;-0.20;-.20;
2025;03;20;59;0.00;.00;
2025;03;20;60;0.00;.00;
2025;03;20;61;-0.20;-.20;
2025;03;20;62;0.00;.00;
2025;03;20;63;1.09;.00;
2025;03;20;64;4.10;.01;
2025;03;20;65;2.70;2.70;
2025;03;20;66;6.89;6.89;
2025;03;20;67;7.73;7.73;
2025;03;20;68;13.47;13.47;
2025;03;20;69;9.90;9.90;
2025;03;20;70;20.20;20.20;
2025;03;20;71;26.10;26.10;
2025;03;20;72;30.99;30.99;
2025;03;20;73;24.96;24.96;
2025;03;20;74;57.96;57.96;
2025;03;20;75;67.96;67.96;
2025;03;20;76;81.21;81.21;
2025;03;20;77;96.68;96.68;
2025;03;20;78;99.60;99.60;
2025;03;20;79;100.60;100.60;
2025;03;20;80;99.60;99.60;
2025;03;20;81;99.60;99.60;
2025;03;20;82;91.74;91.74;
2025;03;20;83;91.74;91.74;
2025;03;20;84;76.29;76.29;
2025;03;20;85;74.49;74.49;
2025;03;20;86;62.99;62.99;
2025;03;20;87;61.99;61.99;
2025;03;20;88;48.50;48.50;
2025;03;20;89;48.21;48.21;
2025;03;20;90;48.21;48.21;
2025;03;20;91;50.21;50.21;
2025;03;20;92;49.21;49.21;
2025;03;20;93;46.34;46.34;
2025;03;20;94;40.34;40.34;
2025;03;20;95;40.34;40.34;
2025;03;20;96;38.34;38.34;
*
