MARGINALPIBC;
2025;04;16;1;26.99;26.99;
2025;04;16;2;26.99;26.99;
2025;04;16;3;26.99;26.99;
2025;04;16;4;17.86;17.86;
2025;04;16;5;26.99;26.99;
2025;04;16;6;26.23;26.23;
2025;04;16;7;25.55;25.55;
2025;04;16;8;16.37;16.37;
2025;04;16;9;26.99;26.99;
2025;04;16;10;25.55;25.55;
2025;04;16;11;25.00;25.00;
2025;04;16;12;15.00;15.00;
2025;04;16;13;18.63;18.63;
2025;04;16;14;14.00;14.00;
2025;04;16;15;14.00;14.00;
2025;04;16;16;12.96;12.96;
2025;04;16;17;14.00;14.00;
2025;04;16;18;14.00;14.00;
2025;04;16;19;14.00;14.00;
2025;04;16;20;14.00;14.00;
2025;04;16;21;10.66;10.66;
2025;04;16;22;14.00;14.00;
2025;04;16;23;14.98;14.98;
2025;04;16;24;16.99;16.99;
2025;04;16;25;23.97;23.97;
2025;04;16;26;31.97;31.97;
2025;04;16;27;33.33;33.33;
2025;04;16;28;33.33;33.33;
2025;04;16;29;33.45;33.45;
2025;04;16;30;36.99;36.99;
2025;04;16;31;37.45;37.45;
2025;04;16;32;36.99;36.99;
2025;04;16;33;37.00;37.00;
2025;04;16;34;35.00;35.00;
2025;04;16;35;26.27;26.27;
2025;04;16;36;10.00;10.00;
2025;04;16;37;23.80;23.80;
2025;04;16;38;18.88;18.88;
2025;04;16;39;4.31;4.31;
2025;04;16;40;0.00;.00;
2025;04;16;41;3.52;3.52;
2025;04;16;42;3.52;3.52;
2025;04;16;43;1.27;1.27;
2025;04;16;44;0.66;.66;
2025;04;16;45;0.00;.00;
2025;04;16;46;0.00;.00;
2025;04;16;47;0.00;.00;
2025;04;16;48;0.00;.00;
2025;04;16;49;0.00;.00;
2025;04;16;50;0.00;.00;
2025;04;16;51;0.00;.00;
2025;04;16;52;0.00;.00;
2025;04;16;53;4.00;.00;
2025;04;16;54;0.00;.00;
2025;04;16;55;0.00;.00;
2025;04;16;56;0.00;.00;
2025;04;16;57;0.00;.00;
2025;04;16;58;0.00;.00;
2025;04;16;59;0.00;.00;
2025;04;16;60;0.00;.00;
2025;04;16;61;0.00;.00;
2025;04;16;62;0.00;.00;
2025;04;16;63;0.00;.00;
2025;04;16;64;0.00;.00;
2025;04;16;65;0.00;.00;
2025;04;16;66;0.00;.00;
2025;04;16;67;0.00;.00;
2025;04;16;68;0.00;.00;
2025;04;16;69;0.00;.00;
2025;04;16;70;0.00;.00;
2025;04;16;71;0.00;.00;
2025;04;16;72;0.22;.22;
2025;04;16;73;-1.01;-1.01;
2025;04;16;74;0.65;.65;
2025;04;16;75;3.52;3.52;
2025;04;16;76;4.31;3.52;
2025;04;16;77;-2.00;-2.00;
2025;04;16;78;5.55;5.55;
2025;04;16;79;18.63;18.63;
2025;04;16;80;31.10;31.10;
2025;04;16;81;9.99;9.99;
2025;04;16;82;30.60;30.60;
2025;04;16;83;46.99;46.99;
2025;04;16;84;53.33;53.33;
2025;04;16;85;64.21;72.56;
2025;04;16;86;67.21;78.82;
2025;04;16;87;69.99;79.62;
2025;04;16;88;69.99;69.99;
2025;04;16;89;48.71;48.71;
2025;04;16;90;53.33;53.33;
2025;04;16;91;47.00;47.00;
2025;04;16;92;45.00;45.00;
2025;04;16;93;28.25;28.25;
2025;04;16;94;27.15;27.15;
2025;04;16;95;25.55;25.55;
2025;04;16;96;24.37;24.37;
*
