MARGINALPIBC;
2026;07;13;1;135.21;135.21;
2026;07;13;2;135.26;135.26;
2026;07;13;3;131.63;131.63;
2026;07;13;4;131.12;131.12;
2026;07;13;5;135.01;135.01;
2026;07;13;6;133.55;133.55;
2026;07;13;7;130.68;130.68;
2026;07;13;8;131.12;131.12;
2026;07;13;9;145.01;145.01;
2026;07;13;10;142.52;142.52;
2026;07;13;11;141.20;141.20;
2026;07;13;12;137.94;137.94;
2026;07;13;13;147.05;147.05;
2026;07;13;14;144.90;144.90;
2026;07;13;15;143.18;143.18;
2026;07;13;16;141.59;141.59;
2026;07;13;17;139.22;139.22;
2026;07;13;18;138.08;138.08;
2026;07;13;19;144.74;144.74;
2026;07;13;20;145.17;145.17;
2026;07;13;21;140.86;140.86;
2026;07;13;22;129.93;129.93;
2026;07;13;23;130.90;130.90;
2026;07;13;24;132.15;132.15;
2026;07;13;25;138.38;138.38;
2026;07;13;26;137.19;137.19;
2026;07;13;27;138.38;138.38;
2026;07;13;28;145.49;145.49;
2026;07;13;29;145.92;145.92;
2026;07;13;30;146.21;146.21;
2026;07;13;31;145.92;145.92;
2026;07;13;32;142.92;142.92;
2026;07;13;33;153.00;153.00;
2026;07;13;34;151.18;151.18;
2026;07;13;35;131.04;131.04;
2026;07;13;36;124.77;124.77;
2026;07;13;37;135.62;135.62;
2026;07;13;38;121.41;121.41;
2026;07;13;39;116.08;116.08;
2026;07;13;40;99.73;99.73;
2026;07;13;41;119.88;119.88;
2026;07;13;42;110.00;110.00;
2026;07;13;43;93.07;93.07;
2026;07;13;44;82.81;82.81;
2026;07;13;45;90.43;90.43;
2026;07;13;46;80.17;80.17;
2026;07;13;47;79.57;79.57;
2026;07;13;48;71.90;68.10;
2026;07;13;49;76.07;76.07;
2026;07;13;50;70.02;70.02;
2026;07;13;51;67.14;61.00;
2026;07;13;52;67.14;61.77;
2026;07;13;53;67.14;53.19;
2026;07;13;54;67.14;50.80;
2026;07;13;55;67.14;52.94;
2026;07;13;56;67.14;47.58;
2026;07;13;57;63.14;63.14;
2026;07;13;58;67.14;67.14;
2026;07;13;59;81.43;81.43;
2026;07;13;60;82.25;82.25;
2026;07;13;61;85.25;85.25;
2026;07;13;62;87.66;87.66;
2026;07;13;63;90.00;90.00;
2026;07;13;64;91.42;91.42;
2026;07;13;65;94.94;94.94;
2026;07;13;66;97.63;97.63;
2026;07;13;67;99.91;99.91;
2026;07;13;68;108.89;108.89;
2026;07;13;69;109.42;109.42;
2026;07;13;70;114.00;114.00;
2026;07;13;71;114.57;114.57;
2026;07;13;72;116.56;116.56;
2026;07;13;73;115.65;115.65;
2026;07;13;74;116.73;116.73;
2026;07;13;75;120.59;120.59;
2026;07;13;76;125.15;125.15;
2026;07;13;77;114.90;114.90;
2026;07;13;78;121.98;121.98;
2026;07;13;79;132.78;132.78;
2026;07;13;80;141.92;141.92;
2026;07;13;81;119.98;119.98;
2026;07;13;82;143.50;143.50;
2026;07;13;83;155.25;155.25;
2026;07;13;84;170.13;170.13;
2026;07;13;85;171.04;171.04;
2026;07;13;86;190.64;190.64;
2026;07;13;87;203.41;203.41;
2026;07;13;88;212.57;215.57;
2026;07;13;89;212.00;217.01;
2026;07;13;90;203.02;207.02;
2026;07;13;91;192.00;193.50;
2026;07;13;92;182.06;182.06;
2026;07;13;93;186.52;186.52;
2026;07;13;94;179.92;179.92;
2026;07;13;95;167.66;167.66;
2026;07;13;96;155.99;155.99;
*
