MARGINALPIBC;
2026;07;01;1;122.33;122.33;
2026;07;01;2;122.09;122.09;
2026;07;01;3;113.89;113.89;
2026;07;01;4;108.90;108.90;
2026;07;01;5;123.30;123.30;
2026;07;01;6;120.98;120.98;
2026;07;01;7;119.30;119.30;
2026;07;01;8;116.76;116.76;
2026;07;01;9;120.91;120.91;
2026;07;01;10;114.88;114.88;
2026;07;01;11;106.60;106.60;
2026;07;01;12;102.87;102.87;
2026;07;01;13;101.20;101.20;
2026;07;01;14;101.20;101.20;
2026;07;01;15;100.19;100.19;
2026;07;01;16;99.70;99.70;
2026;07;01;17;97.46;97.46;
2026;07;01;18;95.88;95.88;
2026;07;01;19;95.88;95.88;
2026;07;01;20;95.78;95.78;
2026;07;01;21;97.46;97.46;
2026;07;01;22;98.93;98.93;
2026;07;01;23;98.32;98.32;
2026;07;01;24;100.00;100.00;
2026;07;01;25;101.60;101.60;
2026;07;01;26;111.80;111.80;
2026;07;01;27;113.05;113.05;
2026;07;01;28;119.35;119.35;
2026;07;01;29;119.67;119.67;
2026;07;01;30;118.80;118.80;
2026;07;01;31;112.01;112.01;
2026;07;01;32;101.60;101.60;
2026;07;01;33;101.14;101.14;
2026;07;01;34;89.15;89.15;
2026;07;01;35;55.78;55.78;
2026;07;01;36;37.18;37.18;
2026;07;01;37;41.21;41.21;
2026;07;01;38;14.20;14.20;
2026;07;01;39;12.15;12.15;
2026;07;01;40;10.53;10.53;
2026;07;01;41;6.07;6.07;
2026;07;01;42;5.88;5.88;
2026;07;01;43;5.00;5.00;
2026;07;01;44;3.43;3.43;
2026;07;01;45;2.19;2.19;
2026;07;01;46;1.51;1.51;
2026;07;01;47;1.08;1.08;
2026;07;01;48;1.08;1.08;
2026;07;01;49;2.00;2.00;
2026;07;01;50;2.00;2.00;
2026;07;01;51;2.00;2.00;
2026;07;01;52;2.00;2.00;
2026;07;01;53;3.00;3.00;
2026;07;01;54;3.00;3.00;
2026;07;01;55;3.00;3.00;
2026;07;01;56;3.00;3.00;
2026;07;01;57;2.00;2.00;
2026;07;01;58;2.00;2.00;
2026;07;01;59;2.00;2.00;
2026;07;01;60;1.50;1.50;
2026;07;01;61;0.85;.85;
2026;07;01;62;0.85;.85;
2026;07;01;63;0.05;.05;
2026;07;01;64;0.01;.01;
2026;07;01;65;0.00;.00;
2026;07;01;66;0.00;.00;
2026;07;01;67;0.01;.01;
2026;07;01;68;0.29;.29;
2026;07;01;69;-0.01;-.01;
2026;07;01;70;0.00;.00;
2026;07;01;71;0.64;.64;
2026;07;01;72;1.00;1.00;
2026;07;01;73;0.78;.78;
2026;07;01;74;1.08;1.08;
2026;07;01;75;1.08;1.08;
2026;07;01;76;2.99;2.99;
2026;07;01;77;1.60;1.60;
2026;07;01;78;5.88;5.88;
2026;07;01;79;30.10;30.10;
2026;07;01;80;54.15;54.15;
2026;07;01;81;52.40;52.40;
2026;07;01;82;74.90;74.90;
2026;07;01;83;89.15;89.15;
2026;07;01;84;101.20;101.20;
2026;07;01;85;100.03;100.03;
2026;07;01;86;110.00;110.00;
2026;07;01;87;114.10;114.10;
2026;07;01;88;112.72;112.72;
2026;07;01;89;114.00;114.00;
2026;07;01;90;112.31;112.31;
2026;07;01;91;108.37;108.37;
2026;07;01;92;103.60;103.60;
2026;07;01;93;99.72;99.72;
2026;07;01;94;95.50;95.50;
2026;07;01;95;90.36;90.36;
2026;07;01;96;87.85;87.85;
*
