MARGINALPIBC;
2025;03;24;1;39.03;39.03;
2025;03;24;2;39.03;39.03;
2025;03;24;3;39.03;39.03;
2025;03;24;4;39.03;39.03;
2025;03;24;5;27.00;27.00;
2025;03;24;6;27.00;27.00;
2025;03;24;7;27.00;27.00;
2025;03;24;8;26.00;26.00;
2025;03;24;9;23.00;23.00;
2025;03;24;10;23.00;23.00;
2025;03;24;11;23.00;23.00;
2025;03;24;12;23.00;23.00;
2025;03;24;13;20.96;20.96;
2025;03;24;14;20.96;20.96;
2025;03;24;15;20.96;20.96;
2025;03;24;16;20.96;20.96;
2025;03;24;17;20.87;20.87;
2025;03;24;18;20.87;20.87;
2025;03;24;19;20.87;20.87;
2025;03;24;20;20.87;20.87;
2025;03;24;21;24.00;24.00;
2025;03;24;22;24.00;24.00;
2025;03;24;23;24.00;24.00;
2025;03;24;24;24.00;24.00;
2025;03;24;25;40.38;40.38;
2025;03;24;26;40.38;40.38;
2025;03;24;27;40.38;40.38;
2025;03;24;28;40.38;40.38;
2025;03;24;29;59.51;104.77;
2025;03;24;30;59.51;106.21;
2025;03;24;31;59.51;103.92;
2025;03;24;32;59.51;90.00;
2025;03;24;33;52.14;52.14;
2025;03;24;34;42.90;42.90;
2025;03;24;35;37.93;37.93;
2025;03;24;36;34.93;34.93;
2025;03;24;37;36.14;36.14;
2025;03;24;38;35.20;35.20;
2025;03;24;39;26.29;26.29;
2025;03;24;40;21.14;21.14;
2025;03;24;41;5.52;5.52;
2025;03;24;42;5.00;5.00;
2025;03;24;43;4.52;4.52;
2025;03;24;44;4.31;4.31;
2025;03;24;45;3.30;3.30;
2025;03;24;46;2.65;2.65;
2025;03;24;47;2.65;2.65;
2025;03;24;48;2.00;2.00;
2025;03;24;49;1.65;1.65;
2025;03;24;50;2.00;2.00;
2025;03;24;51;2.65;2.65;
2025;03;24;52;2.65;2.65;
2025;03;24;53;3.52;3.52;
2025;03;24;54;3.52;3.52;
2025;03;24;55;3.52;3.52;
2025;03;24;56;3.52;3.52;
2025;03;24;57;3.52;3.52;
2025;03;24;58;3.52;3.52;
2025;03;24;59;3.52;3.52;
2025;03;24;60;3.52;3.52;
2025;03;24;61;4.52;4.52;
2025;03;24;62;5.00;5.00;
2025;03;24;63;5.00;5.00;
2025;03;24;64;5.00;5.00;
2025;03;24;65;14.00;14.00;
2025;03;24;66;17.50;17.50;
2025;03;24;67;18.73;18.73;
2025;03;24;68;22.40;22.40;
2025;03;24;69;20.79;20.79;
2025;03;24;70;23.79;23.79;
2025;03;24;71;32.63;32.63;
2025;03;24;72;35.29;35.29;
2025;03;24;73;49.99;49.99;
2025;03;24;74;59.99;59.99;
2025;03;24;75;71.49;71.49;
2025;03;24;76;78.14;97.16;
2025;03;24;77;85.01;179.10;
2025;03;24;78;169.10;179.10;
2025;03;24;79;174.10;179.20;
2025;03;24;80;177.10;179.10;
2025;03;24;81;153.30;166.22;
2025;03;24;82;153.30;158.80;
2025;03;24;83;153.30;155.80;
2025;03;24;84;148.80;148.80;
2025;03;24;85;115.96;133.97;
2025;03;24;86;115.96;121.04;
2025;03;24;87;115.96;120.96;
2025;03;24;88;115.96;116.25;
2025;03;24;89;102.92;109.09;
2025;03;24;90;102.92;108.12;
2025;03;24;91;102.11;111.13;
2025;03;24;92;95.91;109.00;
2025;03;24;93;69.73;104.73;
2025;03;24;94;69.73;103.35;
2025;03;24;95;69.73;104.20;
2025;03;24;96;69.73;82.23;
*
