MARGINALPIBC;
2025;04;03;1;5.00;5.00;
2025;04;03;2;0.36;.36;
2025;04;03;3;0.00;.00;
2025;04;03;4;0.00;.00;
2025;04;03;5;11.87;11.87;
2025;04;03;6;4.07;4.07;
2025;04;03;7;0.10;.10;
2025;04;03;8;0.00;.00;
2025;04;03;9;10.32;10.32;
2025;04;03;10;5.01;5.01;
2025;04;03;11;5.56;5.56;
2025;04;03;12;0.00;.00;
2025;04;03;13;5.07;5.07;
2025;04;03;14;4.27;4.27;
2025;04;03;15;3.74;3.74;
2025;04;03;16;0.00;.00;
2025;04;03;17;0.00;.00;
2025;04;03;18;0.00;.00;
2025;04;03;19;1.07;1.07;
2025;04;03;20;1.06;1.06;
2025;04;03;21;-1.00;-1.00;
2025;04;03;22;0.00;.00;
2025;04;03;23;0.00;.00;
2025;04;03;24;0.00;.00;
2025;04;03;25;0.00;.00;
2025;04;03;26;0.00;.00;
2025;04;03;27;0.00;.00;
2025;04;03;28;4.93;4.93;
2025;04;03;29;38.11;38.11;
2025;04;03;30;38.11;38.11;
2025;04;03;31;38.11;38.11;
2025;04;03;32;41.30;41.30;
2025;04;03;33;51.33;56.83;
2025;04;03;34;53.33;56.33;
2025;04;03;35;54.33;56.33;
2025;04;03;36;54.33;54.33;
2025;04;03;37;43.11;58.24;
2025;04;03;38;43.11;43.11;
2025;04;03;39;38.11;38.11;
2025;04;03;40;35.61;35.61;
2025;04;03;41;28.96;28.96;
2025;04;03;42;24.40;24.40;
2025;04;03;43;20.26;20.26;
2025;04;03;44;-1.00;-1.00;
2025;04;03;45;3.52;3.52;
2025;04;03;46;3.52;3.52;
2025;04;03;47;0.42;.42;
2025;04;03;48;-0.10;-.10;
2025;04;03;49;3.52;3.52;
2025;04;03;50;0.65;.65;
2025;04;03;51;0.65;.65;
2025;04;03;52;0.65;.65;
2025;04;03;53;1.00;.65;
2025;04;03;54;0.65;.65;
2025;04;03;55;0.65;.65;
2025;04;03;56;0.65;.65;
2025;04;03;57;0.01;.01;
2025;04;03;58;0.20;.20;
2025;04;03;59;0.00;.00;
2025;04;03;60;0.40;.40;
2025;04;03;61;0.00;.00;
2025;04;03;62;0.40;.40;
2025;04;03;63;0.00;.00;
2025;04;03;64;0.00;.00;
2025;04;03;65;1.87;1.87;
2025;04;03;66;1.89;1.89;
2025;04;03;67;2.33;2.33;
2025;04;03;68;3.52;3.52;
2025;04;03;69;0.00;.00;
2025;04;03;70;0.90;.90;
2025;04;03;71;1.00;1.00;
2025;04;03;72;3.87;3.87;
2025;04;03;73;-0.34;-.34;
2025;04;03;74;-0.13;-.13;
2025;04;03;75;4.06;4.06;
2025;04;03;76;10.06;10.06;
2025;04;03;77;-1.00;-1.00;
2025;04;03;78;0.00;.00;
2025;04;03;79;17.00;17.00;
2025;04;03;80;32.00;32.00;
2025;04;03;81;75.00;75.00;
2025;04;03;82;77.00;77.00;
2025;04;03;83;77.00;77.00;
2025;04;03;84;75.10;75.10;
2025;04;03;85;77.00;79.00;
2025;04;03;86;76.00;76.00;
2025;04;03;87;74.00;74.00;
2025;04;03;88;58.67;58.67;
2025;04;03;89;35.01;35.01;
2025;04;03;90;32.75;32.75;
2025;04;03;91;28.81;28.81;
2025;04;03;92;21.70;21.70;
2025;04;03;93;14.00;14.00;
2025;04;03;94;10.10;10.10;
2025;04;03;95;6.58;6.58;
2025;04;03;96;0.00;.00;
*
