MARGINALPIBC;
2025;06;12;1;97.69;97.69;
2025;06;12;2;95.11;95.11;
2025;06;12;3;90.73;90.73;
2025;06;12;4;89.59;89.59;
2025;06;12;5;97.02;97.02;
2025;06;12;6;95.62;95.62;
2025;06;12;7;94.50;94.50;
2025;06;12;8;93.69;93.69;
2025;06;12;9;91.61;91.61;
2025;06;12;10;90.59;90.59;
2025;06;12;11;90.44;90.44;
2025;06;12;12;90.50;90.50;
2025;06;12;13;89.60;89.60;
2025;06;12;14;89.41;89.41;
2025;06;12;15;90.44;90.44;
2025;06;12;16;90.76;90.76;
2025;06;12;17;88.94;88.94;
2025;06;12;18;88.94;88.94;
2025;06;12;19;89.78;89.78;
2025;06;12;20;90.94;90.94;
2025;06;12;21;93.17;93.17;
2025;06;12;22;93.27;93.27;
2025;06;12;23;93.95;93.95;
2025;06;12;24;96.17;96.17;
2025;06;12;25;92.73;92.73;
2025;06;12;26;95.62;95.62;
2025;06;12;27;97.98;97.98;
2025;06;12;28;100.99;100.99;
2025;06;12;29;100.85;100.85;
2025;06;12;30;99.36;99.36;
2025;06;12;31;97.67;97.67;
2025;06;12;32;93.46;93.46;
2025;06;12;33;100.00;100.00;
2025;06;12;34;95.00;95.00;
2025;06;12;35;86.50;86.50;
2025;06;12;36;74.01;74.01;
2025;06;12;37;65.27;65.27;
2025;06;12;38;29.03;29.03;
2025;06;12;39;28.28;3.33;
2025;06;12;40;28.28;-14.63;
2025;06;12;41;30.00;28.03;
2025;06;12;42;20.61;2.00;
2025;06;12;43;20.61;-7.00;
2025;06;12;44;20.61;-8.62;
2025;06;12;45;24.11;3.87;
2025;06;12;46;20.33;-.67;
2025;06;12;47;20.33;-4.80;
2025;06;12;48;20.33;-8.00;
2025;06;12;49;19.28;.00;
2025;06;12;50;19.28;.00;
2025;06;12;51;19.28;.00;
2025;06;12;52;19.28;.00;
2025;06;12;53;11.30;-1.02;
2025;06;12;54;9.45;-1.02;
2025;06;12;55;8.58;-1.02;
2025;06;12;56;8.58;-1.03;
2025;06;12;57;10.00;-3.00;
2025;06;12;58;9.27;-3.62;
2025;06;12;59;9.27;-3.00;
2025;06;12;60;9.27;-4.00;
2025;06;12;61;10.76;.00;
2025;06;12;62;10.76;.00;
2025;06;12;63;10.76;.00;
2025;06;12;64;10.03;.00;
2025;06;12;65;10.00;-11.72;
2025;06;12;66;20.33;-8.00;
2025;06;12;67;21.56;-.02;
2025;06;12;68;24.11;.65;
2025;06;12;69;8.58;-1.00;
2025;06;12;70;8.58;.00;
2025;06;12;71;8.58;5.11;
2025;06;12;72;13.66;13.66;
2025;06;12;73;16.44;11.69;
2025;06;12;74;17.27;17.27;
2025;06;12;75;24.27;24.27;
2025;06;12;76;50.11;50.11;
2025;06;12;77;59.00;59.00;
2025;06;12;78;80.00;80.00;
2025;06;12;79;96.53;96.53;
2025;06;12;80;110.10;110.10;
2025;06;12;81;82.06;82.06;
2025;06;12;82;93.91;93.91;
2025;06;12;83;104.01;104.01;
2025;06;12;84;118.24;118.24;
2025;06;12;85;126.71;126.71;
2025;06;12;86;127.21;127.21;
2025;06;12;87;131.28;131.28;
2025;06;12;88;129.47;129.47;
2025;06;12;89;138.64;138.64;
2025;06;12;90;137.64;137.64;
2025;06;12;91;135.54;135.54;
2025;06;12;92;133.64;133.64;
2025;06;12;93;117.96;117.96;
2025;06;12;94;112.96;112.96;
2025;06;12;95;107.86;107.86;
2025;06;12;96;103.98;103.98;
*
