MARGINALPIBC;
2026;06;12;1;41.53;41.53;
2026;06;12;2;33.88;33.88;
2026;06;12;3;20.30;20.30;
2026;06;12;4;19.65;19.65;
2026;06;12;5;25.89;25.89;
2026;06;12;6;20.20;20.20;
2026;06;12;7;20.10;20.10;
2026;06;12;8;13.60;13.60;
2026;06;12;9;19.52;19.52;
2026;06;12;10;11.81;11.81;
2026;06;12;11;11.81;11.81;
2026;06;12;12;9.75;9.75;
2026;06;12;13;15.82;15.82;
2026;06;12;14;16.81;16.81;
2026;06;12;15;20.00;20.00;
2026;06;12;16;20.00;20.00;
2026;06;12;17;19.81;19.81;
2026;06;12;18;20.00;20.00;
2026;06;12;19;20.00;20.00;
2026;06;12;20;20.10;20.10;
2026;06;12;21;20.10;20.10;
2026;06;12;22;20.20;20.20;
2026;06;12;23;20.30;20.30;
2026;06;12;24;23.11;23.11;
2026;06;12;25;37.57;37.57;
2026;06;12;26;43.09;43.09;
2026;06;12;27;50.00;50.00;
2026;06;12;28;59.38;59.38;
2026;06;12;29;67.92;67.92;
2026;06;12;30;64.57;64.57;
2026;06;12;31;46.99;46.99;
2026;06;12;32;32.18;32.18;
2026;06;12;33;48.70;48.70;
2026;06;12;34;27.23;27.23;
2026;06;12;35;14.82;14.82;
2026;06;12;36;1.95;1.95;
2026;06;12;37;0.84;.84;
2026;06;12;38;0.01;.00;
2026;06;12;39;0.01;-.05;
2026;06;12;40;0.01;.01;
2026;06;12;41;1.01;-.01;
2026;06;12;42;1.01;-5.23;
2026;06;12;43;0.99;.49;
2026;06;12;44;0.14;.00;
2026;06;12;45;1.01;1.01;
2026;06;12;46;0.84;.84;
2026;06;12;47;0.01;.01;
2026;06;12;48;0.01;.01;
2026;06;12;49;0.01;.01;
2026;06;12;50;0.01;.01;
2026;06;12;51;0.01;.00;
2026;06;12;52;0.01;.00;
2026;06;12;53;0.01;.00;
2026;06;12;54;0.01;-.01;
2026;06;12;55;0.01;-.01;
2026;06;12;56;0.14;-.01;
2026;06;12;57;1.01;-.01;
2026;06;12;58;1.01;-.01;
2026;06;12;59;1.01;-.01;
2026;06;12;60;2.00;-.50;
2026;06;12;61;2.01;-.82;
2026;06;12;62;2.01;-.82;
2026;06;12;63;2.01;-.82;
2026;06;12;64;3.92;-.82;
2026;06;12;65;4.01;-1.00;
2026;06;12;66;4.12;-1.00;
2026;06;12;67;4.12;-4.02;
2026;06;12;68;4.32;-4.01;
2026;06;12;69;4.42;-.51;
2026;06;12;70;4.43;-.01;
2026;06;12;71;4.43;-18.82;
2026;06;12;72;4.43;-8.01;
2026;06;12;73;-8.00;-8.00;
2026;06;12;74;2.00;1.44;
2026;06;12;75;4.74;4.74;
2026;06;12;76;13.30;13.30;
2026;06;12;77;20.10;20.10;
2026;06;12;78;22.70;22.70;
2026;06;12;79;28.71;28.71;
2026;06;12;80;52.00;52.00;
2026;06;12;81;45.65;45.65;
2026;06;12;82;69.52;69.52;
2026;06;12;83;97.79;97.79;
2026;06;12;84;109.40;109.40;
2026;06;12;85;109.33;109.33;
2026;06;12;86;114.00;114.00;
2026;06;12;87;117.45;117.45;
2026;06;12;88;115.60;115.60;
2026;06;12;89;113.92;113.92;
2026;06;12;90;111.14;111.14;
2026;06;12;91;110.86;110.86;
2026;06;12;92;101.31;101.31;
2026;06;12;93;101.70;101.70;
2026;06;12;94;95.68;95.68;
2026;06;12;95;98.20;98.20;
2026;06;12;96;90.67;90.67;
*
