MARGINALPIBC;
2026;05;27;1;134.85;134.85;
2026;05;27;2;127.95;127.95;
2026;05;27;3;114.68;114.68;
2026;05;27;4;116.80;116.80;
2026;05;27;5;123.23;123.23;
2026;05;27;6;119.49;119.49;
2026;05;27;7;119.16;119.16;
2026;05;27;8;115.22;115.22;
2026;05;27;9;114.20;114.20;
2026;05;27;10;113.42;113.42;
2026;05;27;11;111.44;111.44;
2026;05;27;12;108.71;108.71;
2026;05;27;13;108.01;108.01;
2026;05;27;14;107.05;107.05;
2026;05;27;15;107.01;107.01;
2026;05;27;16;107.00;107.00;
2026;05;27;17;105.73;105.73;
2026;05;27;18;105.91;105.91;
2026;05;27;19;107.00;107.00;
2026;05;27;20;107.41;107.41;
2026;05;27;21;108.01;108.01;
2026;05;27;22;109.34;109.34;
2026;05;27;23;110.16;110.16;
2026;05;27;24;112.20;112.20;
2026;05;27;25;113.77;113.77;
2026;05;27;26;118.66;118.66;
2026;05;27;27;122.20;122.20;
2026;05;27;28;122.59;122.59;
2026;05;27;29;127.55;127.55;
2026;05;27;30;126.91;126.91;
2026;05;27;31;123.93;123.93;
2026;05;27;32;111.13;111.13;
2026;05;27;33;121.71;121.71;
2026;05;27;34;111.20;111.20;
2026;05;27;35;99.87;99.87;
2026;05;27;36;69.99;69.99;
2026;05;27;37;88.86;88.86;
2026;05;27;38;56.62;56.62;
2026;05;27;39;20.50;20.50;
2026;05;27;40;10.98;10.98;
2026;05;27;41;18.70;18.70;
2026;05;27;42;11.08;11.08;
2026;05;27;43;4.18;4.18;
2026;05;27;44;7.65;7.65;
2026;05;27;45;3.61;1.56;
2026;05;27;46;2.28;2.28;
2026;05;27;47;2.00;2.00;
2026;05;27;48;1.00;.84;
2026;05;27;49;2.00;1.95;
2026;05;27;50;2.00;.00;
2026;05;27;51;2.00;.00;
2026;05;27;52;2.00;.00;
2026;05;27;53;0.50;.00;
2026;05;27;54;0.50;-2.99;
2026;05;27;55;1.11;1.11;
2026;05;27;56;1.92;1.92;
2026;05;27;57;2.00;2.00;
2026;05;27;58;2.09;2.09;
2026;05;27;59;2.99;2.99;
2026;05;27;60;0.50;-.63;
2026;05;27;61;2.00;-.09;
2026;05;27;62;2.00;.84;
2026;05;27;63;2.00;2.00;
2026;05;27;64;1.88;1.88;
2026;05;27;65;2.00;2.00;
2026;05;27;66;3.51;3.51;
2026;05;27;67;4.50;4.50;
2026;05;27;68;10.00;10.00;
2026;05;27;69;16.55;16.55;
2026;05;27;70;18.81;18.81;
2026;05;27;71;23.00;23.00;
2026;05;27;72;25.00;25.00;
2026;05;27;73;25.41;25.41;
2026;05;27;74;34.50;34.50;
2026;05;27;75;46.43;46.43;
2026;05;27;76;58.50;58.50;
2026;05;27;77;34.50;34.50;
2026;05;27;78;57.08;57.08;
2026;05;27;79;85.30;85.30;
2026;05;27;80;100.88;100.88;
2026;05;27;81;99.12;99.12;
2026;05;27;82;108.05;108.05;
2026;05;27;83;129.21;129.21;
2026;05;27;84;135.84;135.84;
2026;05;27;85;144.62;150.40;
2026;05;27;86;146.21;156.03;
2026;05;27;87;145.85;151.00;
2026;05;27;88;143.68;143.68;
2026;05;27;89;143.40;147.90;
2026;05;27;90;138.40;138.40;
2026;05;27;91;139.54;139.54;
2026;05;27;92;132.16;132.16;
2026;05;27;93;129.89;129.89;
2026;05;27;94;120.19;120.19;
2026;05;27;95;123.35;123.35;
2026;05;27;96;113.01;113.01;
*
