MARGINALPIBC;
2026;01;06;1;90.36;90.36;
2026;01;06;2;89.02;89.02;
2026;01;06;3;87.21;87.21;
2026;01;06;4;85.26;85.26;
2026;01;06;5;86.50;86.50;
2026;01;06;6;80.38;80.38;
2026;01;06;7;74.20;74.20;
2026;01;06;8;58.00;58.00;
2026;01;06;9;60.00;60.00;
2026;01;06;10;59.65;59.65;
2026;01;06;11;57.00;57.00;
2026;01;06;12;56.50;56.50;
2026;01;06;13;54.11;54.11;
2026;01;06;14;50.01;50.01;
2026;01;06;15;51.66;51.66;
2026;01;06;16;55.90;55.90;
2026;01;06;17;57.87;57.87;
2026;01;06;18;53.20;53.20;
2026;01;06;19;57.50;57.50;
2026;01;06;20;58.37;58.37;
2026;01;06;21;58.37;58.37;
2026;01;06;22;58.24;58.24;
2026;01;06;23;59.24;59.24;
2026;01;06;24;59.24;59.24;
2026;01;06;25;57.00;57.00;
2026;01;06;26;57.11;57.11;
2026;01;06;27;59.24;59.24;
2026;01;06;28;61.49;61.49;
2026;01;06;29;65.00;65.00;
2026;01;06;30;66.48;66.48;
2026;01;06;31;66.86;66.86;
2026;01;06;32;67.62;67.62;
2026;01;06;33;66.48;66.48;
2026;01;06;34;66.76;66.76;
2026;01;06;35;67.24;67.24;
2026;01;06;36;70.00;70.00;
2026;01;06;37;80.60;80.60;
2026;01;06;38;68.00;68.00;
2026;01;06;39;64.11;64.11;
2026;01;06;40;35.01;35.01;
2026;01;06;41;30.00;30.00;
2026;01;06;42;7.00;6.50;
2026;01;06;43;4.78;3.78;
2026;01;06;44;4.31;3.78;
2026;01;06;45;4.98;3.78;
2026;01;06;46;4.63;3.78;
2026;01;06;47;5.51;2.01;
2026;01;06;48;5.50;1.98;
2026;01;06;49;6.51;1.72;
2026;01;06;50;6.51;.90;
2026;01;06;51;6.51;.91;
2026;01;06;52;6.52;1.72;
2026;01;06;53;6.52;1.98;
2026;01;06;54;6.51;1.50;
2026;01;06;55;6.51;1.98;
2026;01;06;56;6.51;1.98;
2026;01;06;57;6.51;1.98;
2026;01;06;58;5.51;1.98;
2026;01;06;59;6.51;1.98;
2026;01;06;60;6.51;1.41;
2026;01;06;61;6.51;.00;
2026;01;06;62;6.51;.00;
2026;01;06;63;6.62;.00;
2026;01;06;64;9.31;.00;
2026;01;06;65;6.51;.01;
2026;01;06;66;9.90;6.74;
2026;01;06;67;29.46;29.46;
2026;01;06;68;66.47;66.47;
2026;01;06;69;70.87;70.87;
2026;01;06;70;80.40;80.40;
2026;01;06;71;91.32;91.32;
2026;01;06;72;95.00;95.00;
2026;01;06;73;104.65;104.65;
2026;01;06;74;109.33;109.33;
2026;01;06;75;108.44;108.44;
2026;01;06;76;110.55;110.55;
2026;01;06;77;105.40;105.40;
2026;01;06;78;107.92;107.92;
2026;01;06;79;110.67;110.67;
2026;01;06;80;114.90;114.90;
2026;01;06;81;113.93;113.93;
2026;01;06;82;116.80;116.80;
2026;01;06;83;108.24;108.24;
2026;01;06;84;101.17;101.17;
2026;01;06;85;110.19;110.19;
2026;01;06;86;108.27;108.27;
2026;01;06;87;104.15;104.15;
2026;01;06;88;100.00;100.00;
2026;01;06;89;103.39;103.39;
2026;01;06;90;104.22;104.22;
2026;01;06;91;104.19;104.19;
2026;01;06;92;101.92;101.92;
2026;01;06;93;102.49;102.49;
2026;01;06;94;96.90;96.90;
2026;01;06;95;92.12;92.12;
2026;01;06;96;83.50;83.50;
*
