MARGINALPIBC;
2025;09;15;1;95.41;95.41;
2025;09;15;2;92.18;92.18;
2025;09;15;3;90.03;90.03;
2025;09;15;4;88.96;88.96;
2025;09;15;5;91.31;91.31;
2025;09;15;6;89.96;89.96;
2025;09;15;7;89.63;89.63;
2025;09;15;8;89.31;89.31;
2025;09;15;9;86.39;86.39;
2025;09;15;10;85.45;85.45;
2025;09;15;11;85.00;85.00;
2025;09;15;12;84.36;84.36;
2025;09;15;13;85.03;85.03;
2025;09;15;14;84.00;84.00;
2025;09;15;15;84.00;84.00;
2025;09;15;16;84.00;84.00;
2025;09;15;17;83.20;83.20;
2025;09;15;18;83.20;83.20;
2025;09;15;19;84.13;84.13;
2025;09;15;20;84.56;84.56;
2025;09;15;21;88.53;88.53;
2025;09;15;22;89.17;89.17;
2025;09;15;23;90.00;90.00;
2025;09;15;24;92.16;92.16;
2025;09;15;25;89.63;89.63;
2025;09;15;26;91.83;91.83;
2025;09;15;27;94.32;94.32;
2025;09;15;28;97.26;97.26;
2025;09;15;29;100.71;100.71;
2025;09;15;30;111.16;111.16;
2025;09;15;31;116.40;116.40;
2025;09;15;32;118.14;118.14;
2025;09;15;33;124.00;124.00;
2025;09;15;34;121.99;121.99;
2025;09;15;35;114.00;114.00;
2025;09;15;36;94.03;94.03;
2025;09;15;37;105.83;105.83;
2025;09;15;38;99.67;99.67;
2025;09;15;39;84.40;84.40;
2025;09;15;40;51.05;51.05;
2025;09;15;41;81.63;81.63;
2025;09;15;42;46.00;46.00;
2025;09;15;43;35.10;34.00;
2025;09;15;44;34.90;27.03;
2025;09;15;45;99.99;27.63;
2025;09;15;46;90.01;15.62;
2025;09;15;47;90.01;11.05;
2025;09;15;48;23.64;7.63;
2025;09;15;49;17.99;17.99;
2025;09;15;50;17.16;17.16;
2025;09;15;51;12.50;12.50;
2025;09;15;52;12.00;12.00;
2025;09;15;53;14.99;14.99;
2025;09;15;54;14.49;14.49;
2025;09;15;55;11.62;11.62;
2025;09;15;56;7.32;7.32;
2025;09;15;57;4.31;3.52;
2025;09;15;58;4.31;3.52;
2025;09;15;59;4.31;3.52;
2025;09;15;60;4.31;3.52;
2025;09;15;61;4.31;4.31;
2025;09;15;62;4.53;4.53;
2025;09;15;63;5.43;5.43;
2025;09;15;64;5.73;5.73;
2025;09;15;65;4.86;4.86;
2025;09;15;66;4.96;4.96;
2025;09;15;67;6.97;6.97;
2025;09;15;68;14.00;14.00;
2025;09;15;69;8.03;8.03;
2025;09;15;70;13.75;13.75;
2025;09;15;71;24.16;24.16;
2025;09;15;72;56.20;56.20;
2025;09;15;73;28.89;28.89;
2025;09;15;74;38.22;38.22;
2025;09;15;75;47.91;47.91;
2025;09;15;76;82.45;82.45;
2025;09;15;77;54.39;54.39;
2025;09;15;78;88.86;88.86;
2025;09;15;79;97.15;97.15;
2025;09;15;80;106.57;106.57;
2025;09;15;81;102.79;102.79;
2025;09;15;82;109.14;109.14;
2025;09;15;83;110.73;110.73;
2025;09;15;84;111.20;111.20;
2025;09;15;85;110.81;110.81;
2025;09;15;86;110.68;110.68;
2025;09;15;87;107.20;107.20;
2025;09;15;88;101.53;101.53;
2025;09;15;89;98.50;98.50;
2025;09;15;90;97.22;97.22;
2025;09;15;91;93.47;93.47;
2025;09;15;92;90.00;90.00;
2025;09;15;93;90.70;90.70;
2025;09;15;94;89.21;89.21;
2025;09;15;95;88.86;88.86;
2025;09;15;96;85.97;85.97;
*
