MARGINALPIBC;
2025;11;28;1;88.61;88.61;
2025;11;28;2;87.53;87.53;
2025;11;28;3;85.20;85.20;
2025;11;28;4;85.33;85.33;
2025;11;28;5;85.20;85.20;
2025;11;28;6;84.88;84.88;
2025;11;28;7;83.51;83.51;
2025;11;28;8;83.44;83.44;
2025;11;28;9;86.95;86.95;
2025;11;28;10;86.00;86.00;
2025;11;28;11;86.00;86.00;
2025;11;28;12;86.00;86.00;
2025;11;28;13;86.00;86.00;
2025;11;28;14;85.90;85.90;
2025;11;28;15;85.84;85.84;
2025;11;28;16;85.77;85.77;
2025;11;28;17;85.90;85.90;
2025;11;28;18;85.73;85.73;
2025;11;28;19;86.00;86.00;
2025;11;28;20;86.00;86.00;
2025;11;28;21;86.00;86.00;
2025;11;28;22;86.00;86.00;
2025;11;28;23;86.68;86.68;
2025;11;28;24;88.43;88.43;
2025;11;28;25;86.00;86.00;
2025;11;28;26;86.00;86.00;
2025;11;28;27;86.83;86.83;
2025;11;28;28;86.84;86.84;
2025;11;28;29;93.02;93.02;
2025;11;28;30;91.16;91.16;
2025;11;28;31;100.00;100.00;
2025;11;28;32;115.79;115.79;
2025;11;28;33;121.30;121.30;
2025;11;28;34;113.72;113.72;
2025;11;28;35;103.16;103.16;
2025;11;28;36;84.46;84.46;
2025;11;28;37;97.70;97.70;
2025;11;28;38;93.83;93.83;
2025;11;28;39;86.00;86.00;
2025;11;28;40;66.01;66.01;
2025;11;28;41;86.00;86.00;
2025;11;28;42;82.00;82.00;
2025;11;28;43;80.62;80.62;
2025;11;28;44;79.70;79.70;
2025;11;28;45;75.68;75.68;
2025;11;28;46;78.61;78.61;
2025;11;28;47;71.20;71.20;
2025;11;28;48;74.99;74.99;
2025;11;28;49;76.42;76.42;
2025;11;28;50;72.98;72.98;
2025;11;28;51;76.05;76.05;
2025;11;28;52;71.95;71.95;
2025;11;28;53;73.00;73.00;
2025;11;28;54;68.98;68.98;
2025;11;28;55;66.45;66.45;
2025;11;28;56;65.45;65.45;
2025;11;28;57;64.22;64.22;
2025;11;28;58;66.75;66.75;
2025;11;28;59;67.81;67.81;
2025;11;28;60;65.42;65.42;
2025;11;28;61;66.02;66.02;
2025;11;28;62;66.60;66.60;
2025;11;28;63;67.53;67.53;
2025;11;28;64;78.64;78.64;
2025;11;28;65;66.72;66.72;
2025;11;28;66;78.58;78.58;
2025;11;28;67;84.45;84.45;
2025;11;28;68;93.53;93.53;
2025;11;28;69;84.45;84.45;
2025;11;28;70;91.10;91.10;
2025;11;28;71;97.13;97.13;
2025;11;28;72;113.14;113.14;
2025;11;28;73;106.00;106.00;
2025;11;28;74;108.98;108.98;
2025;11;28;75;114.00;114.00;
2025;11;28;76;114.14;114.14;
2025;11;28;77;115.37;115.37;
2025;11;28;78;117.07;117.07;
2025;11;28;79;120.01;120.01;
2025;11;28;80;120.01;120.01;
2025;11;28;81;131.85;131.85;
2025;11;28;82;134.99;134.99;
2025;11;28;83;134.97;134.97;
2025;11;28;84;127.74;127.74;
2025;11;28;85;125.14;125.14;
2025;11;28;86;119.16;119.16;
2025;11;28;87;113.14;113.14;
2025;11;28;88;100.00;100.00;
2025;11;28;89;99.46;99.46;
2025;11;28;90;91.27;91.27;
2025;11;28;91;91.04;91.04;
2025;11;28;92;90.00;90.00;
2025;11;28;93;95.17;95.17;
2025;11;28;94;93.01;93.01;
2025;11;28;95;89.13;89.13;
2025;11;28;96;88.87;88.87;
*
