MARGINALPIBC;
2025;03;17;1;74.08;74.08;
2025;03;17;2;71.26;71.26;
2025;03;17;3;70.86;70.86;
2025;03;17;4;66.36;66.36;
2025;03;17;5;66.46;66.46;
2025;03;17;6;68.33;68.33;
2025;03;17;7;72.66;72.66;
2025;03;17;8;75.85;129.66;
2025;03;17;9;87.16;132.51;
2025;03;17;10;94.00;96.19;
2025;03;17;11;76.60;76.60;
2025;03;17;12;70.07;70.07;
2025;03;17;13;59.00;59.00;
2025;03;17;14;55.99;55.99;
2025;03;17;15;57.82;57.82;
2025;03;17;16;67.34;67.34;
2025;03;17;17;68.10;68.10;
2025;03;17;18;78.71;78.71;
2025;03;17;19;108.93;108.93;
2025;03;17;20;168.00;170.10;
2025;03;17;21;137.50;137.50;
2025;03;17;22;107.97;107.97;
2025;03;17;23;102.18;105.80;
2025;03;17;24;81.95;81.95;
*
