MARGINALPIBC;
2025;01;28;1;3.52;3.52;
2025;01;28;2;2.03;2.03;
2025;01;28;3;0.66;.66;
2025;01;28;4;0.31;.31;
2025;01;28;5;0.15;.15;
2025;01;28;6;0.65;.65;
2025;01;28;7;1.23;1.23;
2025;01;28;8;0.40;10.00;
2025;01;28;9;8.73;35.54;
2025;01;28;10;22.47;22.47;
2025;01;28;11;3.52;3.52;
2025;01;28;12;2.03;2.03;
2025;01;28;13;0.66;.66;
2025;01;28;14;0.68;.68;
2025;01;28;15;0.65;.65;
2025;01;28;16;0.68;.68;
2025;01;28;17;3.52;3.52;
2025;01;28;18;12.93;12.93;
2025;01;28;19;54.16;54.16;
2025;01;28;20;72.67;72.67;
2025;01;28;21;60.03;60.03;
2025;01;28;22;48.06;48.06;
2025;01;28;23;33.72;33.72;
2025;01;28;24;25.21;25.21;
*
