MARGINALPIBC;
2025;10;17;1;122.60;122.60;
2025;10;17;2;123.20;123.20;
2025;10;17;3;122.91;122.91;
2025;10;17;4;117.82;117.82;
2025;10;17;5;113.63;113.63;
2025;10;17;6;107.64;107.64;
2025;10;17;7;105.87;105.87;
2025;10;17;8;104.92;104.92;
2025;10;17;9;104.94;104.94;
2025;10;17;10;106.77;106.77;
2025;10;17;11;105.74;105.74;
2025;10;17;12;107.84;107.84;
2025;10;17;13;105.40;105.40;
2025;10;17;14;104.11;104.11;
2025;10;17;15;102.54;102.54;
2025;10;17;16;102.24;102.24;
2025;10;17;17;102.50;102.50;
2025;10;17;18;100.04;100.04;
2025;10;17;19;100.37;100.37;
2025;10;17;20;102.63;102.63;
2025;10;17;21;102.54;102.54;
2025;10;17;22;105.26;105.26;
2025;10;17;23;102.44;102.44;
2025;10;17;24;104.00;104.00;
2025;10;17;25;102.91;102.91;
2025;10;17;26;107.27;107.27;
2025;10;17;27;110.94;110.94;
2025;10;17;28;117.15;117.15;
2025;10;17;29;117.17;117.17;
2025;10;17;30;125.38;125.38;
2025;10;17;31;128.00;128.00;
2025;10;17;32;137.37;137.37;
2025;10;17;33;150.67;150.67;
2025;10;17;34;157.05;157.05;
2025;10;17;35;156.71;156.71;
2025;10;17;36;149.51;149.51;
2025;10;17;37;151.79;151.79;
2025;10;17;38;130.24;130.24;
2025;10;17;39;115.01;115.01;
2025;10;17;40;97.54;97.54;
2025;10;17;41;105.19;105.19;
2025;10;17;42;102.24;102.24;
2025;10;17;43;91.42;91.42;
2025;10;17;44;90.01;90.01;
2025;10;17;45;90.01;86.14;
2025;10;17;46;86.58;81.44;
2025;10;17;47;86.38;80.68;
2025;10;17;48;83.51;78.20;
2025;10;17;49;83.66;83.19;
2025;10;17;50;81.94;81.94;
2025;10;17;51;80.70;80.70;
2025;10;17;52;80.01;79.99;
2025;10;17;53;79.00;79.00;
2025;10;17;54;72.41;72.41;
2025;10;17;55;65.26;65.26;
2025;10;17;56;64.01;58.72;
2025;10;17;57;64.01;53.00;
2025;10;17;58;64.01;49.99;
2025;10;17;59;64.01;40.01;
2025;10;17;60;65.01;40.55;
2025;10;17;61;65.01;23.75;
2025;10;17;62;65.01;37.02;
2025;10;17;63;65.01;48.26;
2025;10;17;64;65.10;63.00;
2025;10;17;65;65.01;31.53;
2025;10;17;66;76.96;60.36;
2025;10;17;67;81.01;69.20;
2025;10;17;68;81.81;80.34;
2025;10;17;69;82.21;82.21;
2025;10;17;70;88.38;83.80;
2025;10;17;71;96.24;96.24;
2025;10;17;72;107.85;107.85;
2025;10;17;73;99.99;99.99;
2025;10;17;74;112.77;112.77;
2025;10;17;75;123.19;123.19;
2025;10;17;76;138.74;138.74;
2025;10;17;77;128.00;128.00;
2025;10;17;78;129.26;129.26;
2025;10;17;79;129.52;129.52;
2025;10;17;80;149.52;149.52;
2025;10;17;81;154.00;154.00;
2025;10;17;82;168.00;168.00;
2025;10;17;83;173.18;173.18;
2025;10;17;84;169.43;169.43;
2025;10;17;85;155.81;155.81;
2025;10;17;86;149.81;149.81;
2025;10;17;87;139.61;139.61;
2025;10;17;88;133.70;133.70;
2025;10;17;89;131.50;131.50;
2025;10;17;90;125.13;125.13;
2025;10;17;91;120.16;120.16;
2025;10;17;92;117.00;117.00;
2025;10;17;93;124.52;124.52;
2025;10;17;94;122.20;122.20;
2025;10;17;95;117.01;117.01;
2025;10;17;96;116.13;116.13;
*
