MARGINALPIBC;
2026;04;22;1;92.97;92.97;
2026;04;22;2;90.13;90.13;
2026;04;22;3;84.94;84.94;
2026;04;22;4;81.78;81.78;
2026;04;22;5;82.52;82.52;
2026;04;22;6;79.19;79.19;
2026;04;22;7;78.98;78.98;
2026;04;22;8;80.13;80.13;
2026;04;22;9;80.28;80.28;
2026;04;22;10;83.80;83.80;
2026;04;22;11;82.51;82.51;
2026;04;22;12;80.57;80.57;
2026;04;22;13;84.17;84.17;
2026;04;22;14;83.87;83.87;
2026;04;22;15;83.57;83.57;
2026;04;22;16;82.33;82.33;
2026;04;22;17;81.88;81.88;
2026;04;22;18;81.73;81.73;
2026;04;22;19;81.88;81.88;
2026;04;22;20;83.57;83.57;
2026;04;22;21;80.13;80.13;
2026;04;22;22;81.73;81.73;
2026;04;22;23;84.37;84.37;
2026;04;22;24;81.98;81.98;
2026;04;22;25;79.54;79.54;
2026;04;22;26;81.66;81.66;
2026;04;22;27;81.90;81.90;
2026;04;22;28;86.94;86.94;
2026;04;22;29;90.47;90.47;
2026;04;22;30;93.66;93.66;
2026;04;22;31;94.08;94.08;
2026;04;22;32;96.21;96.21;
2026;04;22;33;94.35;94.35;
2026;04;22;34;93.26;93.26;
2026;04;22;35;76.78;76.78;
2026;04;22;36;68.22;68.22;
2026;04;22;37;86.02;86.02;
2026;04;22;38;77.77;77.77;
2026;04;22;39;34.60;34.60;
2026;04;22;40;20.04;20.04;
2026;04;22;41;26.16;26.16;
2026;04;22;42;12.99;12.99;
2026;04;22;43;6.00;6.00;
2026;04;22;44;4.09;3.08;
2026;04;22;45;4.16;3.27;
2026;04;22;46;3.89;.84;
2026;04;22;47;3.89;.61;
2026;04;22;48;3.89;.00;
2026;04;22;49;3.89;.00;
2026;04;22;50;3.89;.00;
2026;04;22;51;3.89;.00;
2026;04;22;52;3.89;-.31;
2026;04;22;53;3.89;.00;
2026;04;22;54;3.89;-.02;
2026;04;22;55;3.39;-.34;
2026;04;22;56;2.14;-.31;
2026;04;22;57;3.07;-.81;
2026;04;22;58;2.00;-.81;
2026;04;22;59;3.07;-.82;
2026;04;22;60;2.93;-.82;
2026;04;22;61;3.88;-.82;
2026;04;22;62;3.88;-.82;
2026;04;22;63;2.00;-.82;
2026;04;22;64;2.00;.00;
2026;04;22;65;2.00;-1.00;
2026;04;22;66;2.33;.00;
2026;04;22;67;2.38;.00;
2026;04;22;68;2.43;.00;
2026;04;22;69;2.38;.00;
2026;04;22;70;2.43;.84;
2026;04;22;71;2.44;1.50;
2026;04;22;72;3.95;1.50;
2026;04;22;73;2.54;.10;
2026;04;22;74;4.19;4.19;
2026;04;22;75;10.16;10.16;
2026;04;22;76;18.48;18.48;
2026;04;22;77;16.57;14.65;
2026;04;22;78;29.74;29.74;
2026;04;22;79;72.09;72.09;
2026;04;22;80;92.09;92.09;
2026;04;22;81;79.96;79.96;
2026;04;22;82;80.70;80.70;
2026;04;22;83;93.33;93.33;
2026;04;22;84;94.50;94.50;
2026;04;22;85;98.84;98.84;
2026;04;22;86;100.77;100.77;
2026;04;22;87;99.52;99.52;
2026;04;22;88;97.01;97.01;
2026;04;22;89;93.14;93.14;
2026;04;22;90;94.07;94.07;
2026;04;22;91;93.33;93.33;
2026;04;22;92;91.22;91.22;
2026;04;22;93;91.69;91.69;
2026;04;22;94;85.50;85.50;
2026;04;22;95;79.94;79.94;
2026;04;22;96;76.78;76.78;
*
