MARGINALPIBC;
2026;04;27;1;78.68;78.68;
2026;04;27;2;67.80;67.80;
2026;04;27;3;65.58;65.58;
2026;04;27;4;65.10;65.10;
2026;04;27;5;65.47;65.47;
2026;04;27;6;66.59;66.59;
2026;04;27;7;60.48;60.48;
2026;04;27;8;50.00;50.00;
2026;04;27;9;48.55;48.55;
2026;04;27;10;45.10;45.10;
2026;04;27;11;41.51;41.51;
2026;04;27;12;42.00;42.00;
2026;04;27;13;44.81;44.81;
2026;04;27;14;39.90;39.90;
2026;04;27;15;39.90;39.90;
2026;04;27;16;39.90;39.90;
2026;04;27;17;37.11;37.11;
2026;04;27;18;37.11;37.11;
2026;04;27;19;38.36;38.36;
2026;04;27;20;44.00;44.00;
2026;04;27;21;51.00;51.00;
2026;04;27;22;50.59;50.59;
2026;04;27;23;69.30;69.30;
2026;04;27;24;74.31;74.31;
2026;04;27;25;81.94;81.94;
2026;04;27;26;84.30;84.30;
2026;04;27;27;89.62;89.62;
2026;04;27;28;94.64;94.64;
2026;04;27;29;97.30;97.30;
2026;04;27;30;102.00;102.00;
2026;04;27;31;103.22;103.22;
2026;04;27;32;100.70;100.70;
2026;04;27;33;107.84;107.84;
2026;04;27;34;101.18;101.18;
2026;04;27;35;96.26;96.26;
2026;04;27;36;53.49;53.49;
2026;04;27;37;61.02;61.02;
2026;04;27;38;33.31;33.31;
2026;04;27;39;14.79;14.79;
2026;04;27;40;6.57;3.07;
2026;04;27;41;6.57;4.08;
2026;04;27;42;9.47;-.81;
2026;04;27;43;6.57;-.99;
2026;04;27;44;6.57;-8.00;
2026;04;27;45;6.57;.00;
2026;04;27;46;9.47;-.20;
2026;04;27;47;6.56;.00;
2026;04;27;48;6.55;-.01;
2026;04;27;49;6.56;.00;
2026;04;27;50;6.52;-.50;
2026;04;27;51;6.47;-.60;
2026;04;27;52;6.34;-.43;
2026;04;27;53;6.07;-.02;
2026;04;27;54;5.75;-.81;
2026;04;27;55;4.21;-.81;
2026;04;27;56;4.21;-.91;
2026;04;27;57;4.71;-.50;
2026;04;27;58;2.51;-.64;
2026;04;27;59;4.71;-.41;
2026;04;27;60;4.71;-.50;
2026;04;27;61;4.72;-.49;
2026;04;27;62;6.08;-.49;
2026;04;27;63;6.16;-.56;
2026;04;27;64;6.52;-.25;
2026;04;27;65;6.46;-.02;
2026;04;27;66;6.55;-.03;
2026;04;27;67;6.56;.00;
2026;04;27;68;6.57;-3.00;
2026;04;27;69;5.21;.00;
2026;04;27;70;6.57;-.91;
2026;04;27;71;6.57;-3.00;
2026;04;27;72;6.57;-3.00;
2026;04;27;73;6.57;-.91;
2026;04;27;74;3.08;3.08;
2026;04;27;75;9.47;9.47;
2026;04;27;76;23.41;23.41;
2026;04;27;77;36.92;36.92;
2026;04;27;78;51.01;51.01;
2026;04;27;79;78.74;78.74;
2026;04;27;80;90.69;90.69;
2026;04;27;81;88.46;88.46;
2026;04;27;82;94.38;94.38;
2026;04;27;83;99.17;99.17;
2026;04;27;84;102.31;102.31;
2026;04;27;85;101.00;101.00;
2026;04;27;86;103.40;103.40;
2026;04;27;87;102.90;102.90;
2026;04;27;88;98.38;98.38;
2026;04;27;89;93.84;93.84;
2026;04;27;90;91.89;91.89;
2026;04;27;91;90.78;90.78;
2026;04;27;92;86.29;86.29;
2026;04;27;93;86.44;86.44;
2026;04;27;94;85.28;85.28;
2026;04;27;95;84.10;84.10;
2026;04;27;96;78.19;78.19;
*
