MARGINALPIBC;
2026;03;10;1;147.19;147.19;
2026;03;10;2;140.00;140.00;
2026;03;10;3;138.20;138.20;
2026;03;10;4;131.00;131.00;
2026;03;10;5;137.82;137.82;
2026;03;10;6;128.02;128.02;
2026;03;10;7;128.02;128.02;
2026;03;10;8;127.34;127.34;
2026;03;10;9;131.83;131.83;
2026;03;10;10;124.95;124.95;
2026;03;10;11;122.05;122.05;
2026;03;10;12;117.93;117.93;
2026;03;10;13;114.12;114.12;
2026;03;10;14;117.80;117.80;
2026;03;10;15;120.01;120.01;
2026;03;10;16;109.54;109.54;
2026;03;10;17;119.95;119.95;
2026;03;10;18;120.01;120.01;
2026;03;10;19;114.96;114.96;
2026;03;10;20;118.00;118.00;
2026;03;10;21;123.56;123.56;
2026;03;10;22;124.38;124.38;
2026;03;10;23;122.79;122.79;
2026;03;10;24;122.26;122.26;
2026;03;10;25;131.32;131.32;
2026;03;10;26;140.32;140.32;
2026;03;10;27;142.72;142.72;
2026;03;10;28;145.42;145.42;
2026;03;10;29;146.08;146.08;
2026;03;10;30;155.35;156.50;
2026;03;10;31;155.35;167.43;
2026;03;10;32;151.19;151.19;
2026;03;10;33;166.25;185.47;
2026;03;10;34;166.25;168.30;
2026;03;10;35;156.18;156.18;
2026;03;10;36;144.68;144.68;
2026;03;10;37;145.42;145.42;
2026;03;10;38;140.46;140.46;
2026;03;10;39;140.22;140.22;
2026;03;10;40;127.87;127.87;
2026;03;10;41;127.16;127.16;
2026;03;10;42;122.89;122.89;
2026;03;10;43;124.44;124.44;
2026;03;10;44;119.51;119.51;
2026;03;10;45;111.86;111.86;
2026;03;10;46;109.54;109.54;
2026;03;10;47;105.00;105.00;
2026;03;10;48;100.94;100.94;
2026;03;10;49;102.02;102.02;
2026;03;10;50;102.01;102.01;
2026;03;10;51;101.28;101.28;
2026;03;10;52;98.00;98.00;
2026;03;10;53;95.51;95.51;
2026;03;10;54;95.30;95.30;
2026;03;10;55;95.00;95.00;
2026;03;10;56;94.91;94.91;
2026;03;10;57;95.17;95.17;
2026;03;10;58;98.25;98.25;
2026;03;10;59;97.55;97.55;
2026;03;10;60;95.17;95.17;
2026;03;10;61;102.05;102.05;
2026;03;10;62;100.05;100.05;
2026;03;10;63;102.02;102.02;
2026;03;10;64;103.50;103.50;
2026;03;10;65;102.02;102.02;
2026;03;10;66;102.51;102.51;
2026;03;10;67;106.51;106.51;
2026;03;10;68;117.45;117.45;
2026;03;10;69;102.00;102.00;
2026;03;10;70;108.49;108.49;
2026;03;10;71;116.00;116.00;
2026;03;10;72;129.70;129.70;
2026;03;10;73;128.15;128.15;
2026;03;10;74;141.80;141.80;
2026;03;10;75;155.35;155.35;
2026;03;10;76;165.37;186.50;
2026;03;10;77;160.85;181.10;
2026;03;10;78;179.47;200.00;
2026;03;10;79;188.60;190.05;
2026;03;10;80;187.42;187.42;
2026;03;10;81;193.81;233.51;
2026;03;10;82;193.87;247.80;
2026;03;10;83;193.83;247.99;
2026;03;10;84;193.84;247.99;
2026;03;10;85;193.83;247.70;
2026;03;10;86;193.83;245.83;
2026;03;10;87;193.81;194.25;
2026;03;10;88;184.40;184.40;
2026;03;10;89;172.95;172.95;
2026;03;10;90;175.81;175.81;
2026;03;10;91;167.78;167.78;
2026;03;10;92;163.98;163.98;
2026;03;10;93;166.94;166.94;
2026;03;10;94;160.25;160.25;
2026;03;10;95;150.35;150.35;
2026;03;10;96;143.76;143.76;
*
