MARGINALPIBC;
2025;06;07;1;101.56;101.56;
2025;06;07;2;99.51;99.51;
2025;06;07;3;97.40;97.40;
2025;06;07;4;90.50;90.50;
2025;06;07;5;88.70;88.70;
2025;06;07;6;84.87;84.87;
2025;06;07;7;83.77;83.77;
2025;06;07;8;81.62;81.62;
2025;06;07;9;90.55;90.55;
2025;06;07;10;88.13;88.13;
2025;06;07;11;86.25;86.25;
2025;06;07;12;85.18;85.18;
2025;06;07;13;88.48;88.48;
2025;06;07;14;86.81;86.81;
2025;06;07;15;84.96;84.96;
2025;06;07;16;84.60;84.60;
2025;06;07;17;85.62;85.62;
2025;06;07;18;84.60;84.60;
2025;06;07;19;84.12;84.12;
2025;06;07;20;84.12;84.12;
2025;06;07;21;85.58;85.58;
2025;06;07;22;85.18;85.18;
2025;06;07;23;85.77;85.77;
2025;06;07;24;86.25;86.25;
2025;06;07;25;85.38;85.38;
2025;06;07;26;85.47;85.47;
2025;06;07;27;86.32;86.32;
2025;06;07;28;87.97;87.97;
2025;06;07;29;92.40;92.40;
2025;06;07;30;88.70;88.70;
2025;06;07;31;83.80;83.80;
2025;06;07;32;48.72;48.72;
2025;06;07;33;51.20;51.20;
2025;06;07;34;22.20;22.20;
2025;06;07;35;5.76;5.76;
2025;06;07;36;1.78;.65;
2025;06;07;37;54.89;1.72;
2025;06;07;38;24.11;.65;
2025;06;07;39;16.89;-8.00;
2025;06;07;40;14.89;-8.62;
2025;06;07;41;4.31;.00;
2025;06;07;42;4.31;.00;
2025;06;07;43;4.31;-.67;
2025;06;07;44;2.50;-2.50;
2025;06;07;45;4.31;-.01;
2025;06;07;46;4.31;-.01;
2025;06;07;47;3.51;-.51;
2025;06;07;48;1.51;-.67;
2025;06;07;49;4.31;-.07;
2025;06;07;50;3.50;-.07;
2025;06;07;51;3.50;-.07;
2025;06;07;52;3.50;-.50;
2025;06;07;53;4.31;-.07;
2025;06;07;54;4.31;-.07;
2025;06;07;55;3.50;-.07;
2025;06;07;56;1.50;-.50;
2025;06;07;57;4.31;-.50;
2025;06;07;58;4.31;-.50;
2025;06;07;59;2.05;-.60;
2025;06;07;60;0.05;-.60;
2025;06;07;61;2.00;-.64;
2025;06;07;62;2.00;-.67;
2025;06;07;63;0.00;-.70;
2025;06;07;64;0.00;-.71;
2025;06;07;65;3.99;-1.21;
2025;06;07;66;0.99;-1.21;
2025;06;07;67;0.99;-1.21;
2025;06;07;68;0.99;-1.21;
2025;06;07;69;0.00;-4.09;
2025;06;07;70;1.40;-1.02;
2025;06;07;71;1.40;-.60;
2025;06;07;72;1.40;-.60;
2025;06;07;73;0.00;-9.47;
2025;06;07;74;2.00;-4.11;
2025;06;07;75;4.31;.00;
2025;06;07;76;4.31;.00;
2025;06;07;77;4.31;-7.00;
2025;06;07;78;5.76;3.26;
2025;06;07;79;24.31;4.52;
2025;06;07;80;91.47;53.03;
2025;06;07;81;12.42;12.42;
2025;06;07;82;45.00;45.00;
2025;06;07;83;84.90;84.90;
2025;06;07;84;94.95;94.95;
2025;06;07;85;102.21;102.21;
2025;06;07;86;103.20;103.20;
2025;06;07;87;104.69;104.69;
2025;06;07;88;104.69;104.69;
2025;06;07;89;97.41;97.41;
2025;06;07;90;95.93;95.93;
2025;06;07;91;92.51;92.51;
2025;06;07;92;87.11;87.11;
2025;06;07;93;90.96;90.96;
2025;06;07;94;90.00;90.00;
2025;06;07;95;90.00;90.00;
2025;06;07;96;88.44;88.44;
*
