MARGINALPIBC;
2026;03;04;1;79.75;79.75;
2026;03;04;2;70.49;70.49;
2026;03;04;3;80.08;80.08;
2026;03;04;4;74.00;74.00;
2026;03;04;5;75.88;75.88;
2026;03;04;6;65.00;65.00;
2026;03;04;7;63.08;63.08;
2026;03;04;8;61.74;61.74;
2026;03;04;9;64.00;64.00;
2026;03;04;10;66.08;66.08;
2026;03;04;11;69.21;69.21;
2026;03;04;12;69.21;69.21;
2026;03;04;13;67.91;67.91;
2026;03;04;14;69.21;69.21;
2026;03;04;15;69.21;69.21;
2026;03;04;16;66.94;66.94;
2026;03;04;17;66.79;66.79;
2026;03;04;18;66.79;66.79;
2026;03;04;19;66.79;66.79;
2026;03;04;20;66.79;66.79;
2026;03;04;21;70.38;70.38;
2026;03;04;22;69.93;69.93;
2026;03;04;23;62.68;62.68;
2026;03;04;24;69.21;69.21;
2026;03;04;25;70.00;70.00;
2026;03;04;26;73.93;73.93;
2026;03;04;27;75.01;75.01;
2026;03;04;28;79.37;79.37;
2026;03;04;29;80.24;104.10;
2026;03;04;30;79.37;118.56;
2026;03;04;31;80.94;118.30;
2026;03;04;32;81.10;117.86;
2026;03;04;33;87.18;107.24;
2026;03;04;34;88.63;103.14;
2026;03;04;35;88.96;88.96;
2026;03;04;36;79.75;79.75;
2026;03;04;37;87.18;87.18;
2026;03;04;38;79.37;79.37;
2026;03;04;39;79.37;79.37;
2026;03;04;40;70.01;70.01;
2026;03;04;41;69.21;69.21;
2026;03;04;42;49.65;49.65;
2026;03;04;43;49.50;49.50;
2026;03;04;44;49.35;49.35;
2026;03;04;45;55.01;55.01;
2026;03;04;46;44.70;44.70;
2026;03;04;47;42.44;42.44;
2026;03;04;48;29.30;29.30;
2026;03;04;49;29.00;29.00;
2026;03;04;50;27.46;27.46;
2026;03;04;51;28.20;28.20;
2026;03;04;52;22.00;22.00;
2026;03;04;53;18.60;18.60;
2026;03;04;54;18.00;18.00;
2026;03;04;55;14.00;14.00;
2026;03;04;56;14.00;14.00;
2026;03;04;57;15.56;15.56;
2026;03;04;58;17.28;17.28;
2026;03;04;59;18.07;18.07;
2026;03;04;60;23.10;23.10;
2026;03;04;61;29.00;29.00;
2026;03;04;62;29.10;29.10;
2026;03;04;63;29.40;29.40;
2026;03;04;64;38.98;38.98;
2026;03;04;65;26.47;26.47;
2026;03;04;66;43.50;43.50;
2026;03;04;67;29.10;29.10;
2026;03;04;68;35.56;35.56;
2026;03;04;69;33.00;33.00;
2026;03;04;70;54.11;54.11;
2026;03;04;71;44.66;44.66;
2026;03;04;72;69.62;69.62;
2026;03;04;73;80.32;80.32;
2026;03;04;74;82.64;82.64;
2026;03;04;75;90.92;98.92;
2026;03;04;76;122.66;122.66;
2026;03;04;77;128.46;144.75;
2026;03;04;78;152.62;152.62;
2026;03;04;79;157.20;157.20;
2026;03;04;80;154.87;154.87;
2026;03;04;81;149.75;149.75;
2026;03;04;82;163.66;163.66;
2026;03;04;83;149.15;149.15;
2026;03;04;84;139.11;139.11;
2026;03;04;85;115.64;115.64;
2026;03;04;86;104.07;104.07;
2026;03;04;87;89.76;89.76;
2026;03;04;88;81.92;81.92;
2026;03;04;89;84.01;84.01;
2026;03;04;90;82.16;82.16;
2026;03;04;91;83.41;83.41;
2026;03;04;92;82.55;82.55;
2026;03;04;93;82.64;82.64;
2026;03;04;94;85.10;85.10;
2026;03;04;95;79.37;79.37;
2026;03;04;96;70.00;70.00;
*
