MARGINALPIBC;
2025;03;22;1;2.62;2.62;
2025;03;22;2;2.52;2.52;
2025;03;22;3;2.08;2.08;
2025;03;22;4;2.08;2.08;
2025;03;22;5;1.73;1.73;
2025;03;22;6;1.52;1.52;
2025;03;22;7;1.38;1.38;
2025;03;22;8;0.99;.99;
2025;03;22;9;-1.15;-1.15;
2025;03;22;10;-1.73;-1.73;
2025;03;22;11;-1.73;-1.73;
2025;03;22;12;-1.73;-1.73;
2025;03;22;13;-1.73;-1.73;
2025;03;22;14;-1.73;-1.73;
2025;03;22;15;-1.73;-1.73;
2025;03;22;16;-1.58;-1.58;
2025;03;22;17;0.00;.00;
2025;03;22;18;0.46;.46;
2025;03;22;19;0.48;.48;
2025;03;22;20;0.48;.48;
2025;03;22;21;0.00;.00;
2025;03;22;22;0.66;.66;
2025;03;22;23;0.96;.96;
2025;03;22;24;1.00;1.00;
2025;03;22;25;0.63;.63;
2025;03;22;26;0.62;.62;
2025;03;22;27;0.62;.62;
2025;03;22;28;0.62;.62;
2025;03;22;29;0.60;.60;
2025;03;22;30;0.50;.50;
2025;03;22;31;0.00;.00;
2025;03;22;32;-0.45;-.45;
2025;03;22;33;3.52;3.52;
2025;03;22;34;0.65;.65;
2025;03;22;35;0.00;.00;
2025;03;22;36;-1.00;-1.00;
2025;03;22;37;0.01;.01;
2025;03;22;38;0.00;.00;
2025;03;22;39;-1.00;-1.00;
2025;03;22;40;-2.00;-2.00;
2025;03;22;41;-0.01;-.01;
2025;03;22;42;-1.00;-1.00;
2025;03;22;43;-2.00;-2.00;
2025;03;22;44;-2.50;-2.50;
2025;03;22;45;-0.69;-2.00;
2025;03;22;46;-1.00;-2.00;
2025;03;22;47;-1.00;-2.50;
2025;03;22;48;-1.00;-2.79;
2025;03;22;49;-1.00;-2.79;
2025;03;22;50;-1.00;-3.00;
2025;03;22;51;-1.00;-3.62;
2025;03;22;52;-1.00;-3.62;
2025;03;22;53;-1.00;-3.00;
2025;03;22;54;-1.00;-3.30;
2025;03;22;55;-1.00;-3.00;
2025;03;22;56;-1.00;-2.90;
2025;03;22;57;-1.00;-3.62;
2025;03;22;58;-0.69;-3.62;
2025;03;22;59;-0.04;-3.62;
2025;03;22;60;-0.03;-3.62;
2025;03;22;61;-1.00;-2.01;
2025;03;22;62;-0.05;-2.01;
2025;03;22;63;-0.04;-2.01;
2025;03;22;64;-0.04;-2.01;
2025;03;22;65;-1.00;-3.62;
2025;03;22;66;-1.00;-3.62;
2025;03;22;67;-0.03;-3.62;
2025;03;22;68;0.00;-2.50;
2025;03;22;69;-3.62;-3.62;
2025;03;22;70;-3.53;-3.53;
2025;03;22;71;-1.73;-1.73;
2025;03;22;72;0.63;.63;
2025;03;22;73;-2.00;-2.00;
2025;03;22;74;0.50;.50;
2025;03;22;75;5.73;5.73;
2025;03;22;76;11.55;11.55;
2025;03;22;77;24.14;35.50;
2025;03;22;78;35.00;40.00;
2025;03;22;79;44.90;44.90;
2025;03;22;80;50.01;50.01;
2025;03;22;81;33.14;92.09;
2025;03;22;82;66.74;76.01;
2025;03;22;83;76.01;76.01;
2025;03;22;84;69.44;69.44;
2025;03;22;85;70.95;70.95;
2025;03;22;86;52.24;52.24;
2025;03;22;87;56.03;56.03;
2025;03;22;88;47.05;47.05;
2025;03;22;89;48.90;48.90;
2025;03;22;90;46.61;46.61;
2025;03;22;91;48.90;48.90;
2025;03;22;92;43.90;43.90;
2025;03;22;93;34.51;34.51;
2025;03;22;94;33.01;33.01;
2025;03;22;95;34.01;34.01;
2025;03;22;96;31.91;31.91;
*
