MARGINALPIBC;
2025;11;04;1;80.54;80.54;
2025;11;04;2;77.64;77.64;
2025;11;04;3;77.16;77.16;
2025;11;04;4;76.40;76.40;
2025;11;04;5;75.95;75.95;
2025;11;04;6;70.68;70.68;
2025;11;04;7;69.03;69.03;
2025;11;04;8;64.00;64.00;
2025;11;04;9;71.20;71.20;
2025;11;04;10;68.88;68.88;
2025;11;04;11;67.23;67.23;
2025;11;04;12;65.15;65.15;
2025;11;04;13;61.05;61.05;
2025;11;04;14;59.12;59.12;
2025;11;04;15;52.92;52.92;
2025;11;04;16;52.79;52.79;
2025;11;04;17;50.05;50.05;
2025;11;04;18;50.00;50.00;
2025;11;04;19;50.00;50.00;
2025;11;04;20;50.05;50.05;
2025;11;04;21;50.00;50.00;
2025;11;04;22;52.00;52.00;
2025;11;04;23;54.79;54.79;
2025;11;04;24;65.00;65.00;
2025;11;04;25;57.51;57.51;
2025;11;04;26;65.00;65.00;
2025;11;04;27;69.68;69.68;
2025;11;04;28;75.00;75.00;
2025;11;04;29;82.47;82.47;
2025;11;04;30;83.45;83.45;
2025;11;04;31;84.69;84.69;
2025;11;04;32;84.33;84.33;
2025;11;04;33;84.95;84.95;
2025;11;04;34;78.96;78.96;
2025;11;04;35;73.44;73.44;
2025;11;04;36;52.95;52.95;
2025;11;04;37;71.20;71.20;
2025;11;04;38;42.00;42.00;
2025;11;04;39;20.30;20.30;
2025;11;04;40;6.20;6.20;
2025;11;04;41;24.37;24.37;
2025;11;04;42;19.59;19.59;
2025;11;04;43;14.60;14.60;
2025;11;04;44;14.60;14.60;
2025;11;04;45;13.50;13.50;
2025;11;04;46;10.62;10.62;
2025;11;04;47;8.38;6.83;
2025;11;04;48;8.07;4.12;
2025;11;04;49;8.86;8.86;
2025;11;04;50;8.15;7.10;
2025;11;04;51;8.07;8.07;
2025;11;04;52;8.07;6.52;
2025;11;04;53;8.07;6.52;
2025;11;04;54;8.07;4.12;
2025;11;04;55;4.31;3.52;
2025;11;04;56;5.11;5.11;
2025;11;04;57;8.07;3.67;
2025;11;04;58;8.07;8.07;
2025;11;04;59;9.19;9.19;
2025;11;04;60;10.52;10.52;
2025;11;04;61;9.66;9.66;
2025;11;04;62;17.50;17.50;
2025;11;04;63;18.16;18.16;
2025;11;04;64;29.80;29.80;
2025;11;04;65;14.30;14.30;
2025;11;04;66;21.59;21.59;
2025;11;04;67;31.81;31.81;
2025;11;04;68;35.54;35.54;
2025;11;04;69;35.72;35.72;
2025;11;04;70;71.20;71.20;
2025;11;04;71;72.50;72.50;
2025;11;04;72;84.69;84.69;
2025;11;04;73;86.24;86.24;
2025;11;04;74;85.66;85.66;
2025;11;04;75;86.17;86.17;
2025;11;04;76;86.45;86.45;
2025;11;04;77;84.33;84.33;
2025;11;04;78;83.89;83.89;
2025;11;04;79;83.69;83.69;
2025;11;04;80;85.24;85.24;
2025;11;04;81;83.69;83.69;
2025;11;04;82;83.69;83.69;
2025;11;04;83;83.19;83.19;
2025;11;04;84;80.00;80.00;
2025;11;04;85;85.54;85.54;
2025;11;04;86;83.96;83.96;
2025;11;04;87;84.33;84.33;
2025;11;04;88;84.30;84.30;
2025;11;04;89;85.01;85.01;
2025;11;04;90;84.33;84.33;
2025;11;04;91;74.34;74.34;
2025;11;04;92;71.68;71.68;
2025;11;04;93;71.20;71.20;
2025;11;04;94;59.90;59.90;
2025;11;04;95;45.01;45.01;
2025;11;04;96;37.00;37.00;
*
