MARGINALPIBC;
2026;02;08;1;-1.00;.00;
2026;02;08;2;-1.00;-.50;
2026;02;08;3;-1.84;-1.84;
2026;02;08;4;-2.98;-2.98;
2026;02;08;5;-1.00;-1.00;
2026;02;08;6;-2.00;-2.00;
2026;02;08;7;-2.21;-2.21;
2026;02;08;8;-2.95;-2.95;
2026;02;08;9;-2.95;-2.95;
2026;02;08;10;-3.00;-3.00;
2026;02;08;11;-4.00;-4.00;
2026;02;08;12;-4.00;-4.00;
2026;02;08;13;-4.73;-4.73;
2026;02;08;14;-5.00;-5.00;
2026;02;08;15;-5.00;-5.00;
2026;02;08;16;-5.00;-5.00;
2026;02;08;17;-5.10;-5.10;
2026;02;08;18;-5.10;-5.10;
2026;02;08;19;-5.10;-5.10;
2026;02;08;20;-5.10;-5.10;
2026;02;08;21;-5.00;-5.00;
2026;02;08;22;-5.00;-5.00;
2026;02;08;23;-5.00;-5.00;
2026;02;08;24;-4.20;-4.20;
2026;02;08;25;-4.00;-4.00;
2026;02;08;26;-4.20;-4.20;
2026;02;08;27;-4.14;-4.14;
2026;02;08;28;-4.14;-4.14;
2026;02;08;29;-5.00;-5.00;
2026;02;08;30;-4.14;-4.14;
2026;02;08;31;-2.95;-2.95;
2026;02;08;32;-1.00;-1.00;
2026;02;08;33;-2.19;-2.19;
2026;02;08;34;-1.00;-1.00;
2026;02;08;35;-0.15;-.15;
2026;02;08;36;-0.01;-.01;
2026;02;08;37;0.00;.00;
2026;02;08;38;-0.10;-.10;
2026;02;08;39;-0.15;-.15;
2026;02;08;40;-0.42;-.42;
2026;02;08;41;-0.01;-.01;
2026;02;08;42;-0.81;-.81;
2026;02;08;43;-0.81;-.81;
2026;02;08;44;-0.81;-.81;
2026;02;08;45;-0.81;-.81;
2026;02;08;46;-0.81;-.81;
2026;02;08;47;-0.81;-.81;
2026;02;08;48;-0.81;-.81;
2026;02;08;49;-0.81;-.81;
2026;02;08;50;-0.81;-.81;
2026;02;08;51;-0.81;-.81;
2026;02;08;52;-0.81;-.81;
2026;02;08;53;-0.81;-.81;
2026;02;08;54;-0.81;-.81;
2026;02;08;55;-0.81;-.81;
2026;02;08;56;-0.81;-.81;
2026;02;08;57;-0.81;-.81;
2026;02;08;58;-0.81;-.81;
2026;02;08;59;-0.81;-.81;
2026;02;08;60;-0.81;-.81;
2026;02;08;61;-0.81;-.81;
2026;02;08;62;-0.81;-.81;
2026;02;08;63;-0.81;-.81;
2026;02;08;64;-0.81;-.81;
2026;02;08;65;-0.81;-.81;
2026;02;08;66;-0.81;-.81;
2026;02;08;67;-0.81;-.81;
2026;02;08;68;-0.50;-.50;
2026;02;08;69;-0.42;-.42;
2026;02;08;70;-0.05;-.05;
2026;02;08;71;0.00;.00;
2026;02;08;72;0.00;.00;
2026;02;08;73;0.50;.50;
2026;02;08;74;1.71;3.73;
2026;02;08;75;2.28;3.78;
2026;02;08;76;3.19;3.73;
2026;02;08;77;1.24;24.50;
2026;02;08;78;1.24;32.33;
2026;02;08;79;1.24;29.11;
2026;02;08;80;1.24;35.02;
2026;02;08;81;3.69;41.98;
2026;02;08;82;2.19;63.97;
2026;02;08;83;1.24;64.90;
2026;02;08;84;1.20;65.00;
2026;02;08;85;3.78;73.00;
2026;02;08;86;2.28;74.12;
2026;02;08;87;1.33;80.92;
2026;02;08;88;1.20;48.52;
2026;02;08;89;2.19;33.30;
2026;02;08;90;1.20;27.00;
2026;02;08;91;3.69;16.40;
2026;02;08;92;4.04;5.40;
2026;02;08;93;2.18;3.84;
2026;02;08;94;-0.50;-.50;
2026;02;08;95;-0.51;-.50;
2026;02;08;96;-1.46;-.50;
*
