MARGINALPIBC;
2025;06;17;1;134.14;134.14;
2025;06;17;2;128.64;128.64;
2025;06;17;3;127.21;127.21;
2025;06;17;4;126.50;126.50;
2025;06;17;5;129.76;129.76;
2025;06;17;6;124.76;124.76;
2025;06;17;7;123.37;123.37;
2025;06;17;8;122.68;122.68;
2025;06;17;9;120.00;120.00;
2025;06;17;10;120.00;120.00;
2025;06;17;11;119.85;119.85;
2025;06;17;12;119.00;119.00;
2025;06;17;13;119.67;119.67;
2025;06;17;14;119.82;119.82;
2025;06;17;15;119.61;119.61;
2025;06;17;16;119.67;119.67;
2025;06;17;17;119.85;119.85;
2025;06;17;18;119.90;119.90;
2025;06;17;19;119.33;119.33;
2025;06;17;20;120.00;120.00;
2025;06;17;21;116.45;116.45;
2025;06;17;22;116.45;116.45;
2025;06;17;23;117.10;117.10;
2025;06;17;24;117.25;117.25;
2025;06;17;25;117.82;117.82;
2025;06;17;26;118.82;118.82;
2025;06;17;27;119.82;119.82;
2025;06;17;28;125.24;125.24;
2025;06;17;29;133.15;133.15;
2025;06;17;30;130.59;130.59;
2025;06;17;31;124.59;124.59;
2025;06;17;32;123.90;123.90;
2025;06;17;33;135.88;135.88;
2025;06;17;34;126.91;126.91;
2025;06;17;35;122.91;122.91;
2025;06;17;36;118.92;118.92;
2025;06;17;37;112.96;112.96;
2025;06;17;38;109.19;109.19;
2025;06;17;39;94.95;94.95;
2025;06;17;40;82.74;82.74;
2025;06;17;41;82.74;82.74;
2025;06;17;42;72.88;72.88;
2025;06;17;43;67.88;67.88;
2025;06;17;44;64.89;64.89;
2025;06;17;45;43.08;43.08;
2025;06;17;46;36.74;36.74;
2025;06;17;47;34.52;34.52;
2025;06;17;48;32.02;31.25;
2025;06;17;49;36.37;36.37;
2025;06;17;50;36.17;36.17;
2025;06;17;51;36.17;36.17;
2025;06;17;52;31.02;31.02;
2025;06;17;53;36.69;36.69;
2025;06;17;54;36.69;36.69;
2025;06;17;55;34.69;34.69;
2025;06;17;56;34.57;34.57;
2025;06;17;57;32.28;32.28;
2025;06;17;58;31.95;31.95;
2025;06;17;59;31.12;31.12;
2025;06;17;60;30.06;30.06;
2025;06;17;61;31.02;24.96;
2025;06;17;62;31.02;22.00;
2025;06;17;63;31.02;23.00;
2025;06;17;64;31.02;24.96;
2025;06;17;65;32.02;25.00;
2025;06;17;66;32.02;27.20;
2025;06;17;67;32.02;32.02;
2025;06;17;68;43.25;43.25;
2025;06;17;69;75.23;67.75;
2025;06;17;70;75.23;70.90;
2025;06;17;71;75.48;72.88;
2025;06;17;72;82.74;82.74;
2025;06;17;73;75.69;75.69;
2025;06;17;74;82.74;82.74;
2025;06;17;75;94.78;94.78;
2025;06;17;76;102.01;102.01;
2025;06;17;77;96.41;96.41;
2025;06;17;78;109.89;109.89;
2025;06;17;79;115.00;115.00;
2025;06;17;80;125.50;125.50;
2025;06;17;81;121.68;121.68;
2025;06;17;82;125.27;125.27;
2025;06;17;83;132.68;132.68;
2025;06;17;84;139.78;139.78;
2025;06;17;85;152.76;152.76;
2025;06;17;86;154.76;154.76;
2025;06;17;87;154.76;154.76;
2025;06;17;88;154.66;154.66;
2025;06;17;89;152.03;152.03;
2025;06;17;90;151.03;151.03;
2025;06;17;91;148.65;148.65;
2025;06;17;92;146.03;146.03;
2025;06;17;93;127.91;127.91;
2025;06;17;94;127.20;127.20;
2025;06;17;95;124.35;124.35;
2025;06;17;96;122.91;122.91;
*
