MARGINALPIBC;
2025;11;24;1;32.75;32.75;
2025;11;24;2;30.54;30.54;
2025;11;24;3;26.08;26.08;
2025;11;24;4;20.56;20.56;
2025;11;24;5;18.08;18.08;
2025;11;24;6;15.18;15.18;
2025;11;24;7;12.30;12.30;
2025;11;24;8;7.33;7.33;
2025;11;24;9;7.33;7.33;
2025;11;24;10;5.11;5.11;
2025;11;24;11;4.70;3.52;
2025;11;24;12;4.29;3.52;
2025;11;24;13;4.29;3.52;
2025;11;24;14;4.29;3.52;
2025;11;24;15;4.29;3.52;
2025;11;24;16;4.29;3.52;
2025;11;24;17;4.29;3.52;
2025;11;24;18;4.29;3.52;
2025;11;24;19;4.29;3.52;
2025;11;24;20;4.29;3.52;
2025;11;24;21;4.29;3.52;
2025;11;24;22;4.09;3.52;
2025;11;24;23;4.09;3.52;
2025;11;24;24;4.29;4.29;
2025;11;24;25;5.96;5.96;
2025;11;24;26;12.43;12.43;
2025;11;24;27;18.01;18.01;
2025;11;24;28;30.40;30.40;
2025;11;24;29;40.70;40.70;
2025;11;24;30;49.15;49.15;
2025;11;24;31;51.00;51.00;
2025;11;24;32;53.33;53.33;
2025;11;24;33;58.27;58.27;
2025;11;24;34;58.30;58.30;
2025;11;24;35;57.90;57.90;
2025;11;24;36;55.00;55.00;
2025;11;24;37;48.22;48.22;
2025;11;24;38;48.49;48.49;
2025;11;24;39;44.10;44.10;
2025;11;24;40;40.35;40.35;
2025;11;24;41;42.82;42.82;
2025;11;24;42;35.10;35.10;
2025;11;24;43;30.57;30.57;
2025;11;24;44;30.10;30.10;
2025;11;24;45;30.57;30.57;
2025;11;24;46;30.57;30.57;
2025;11;24;47;30.00;30.00;
2025;11;24;48;30.00;30.00;
2025;11;24;49;28.44;28.44;
2025;11;24;50;28.44;28.44;
2025;11;24;51;28.44;28.44;
2025;11;24;52;28.50;28.50;
2025;11;24;53;30.57;30.57;
2025;11;24;54;32.56;32.56;
2025;11;24;55;32.75;32.75;
2025;11;24;56;32.75;32.75;
2025;11;24;57;32.75;32.75;
2025;11;24;58;35.55;35.55;
2025;11;24;59;38.67;38.67;
2025;11;24;60;39.74;39.74;
2025;11;24;61;36.74;36.74;
2025;11;24;62;40.07;40.07;
2025;11;24;63;42.91;42.91;
2025;11;24;64;47.88;47.88;
2025;11;24;65;39.00;39.00;
2025;11;24;66;45.82;45.82;
2025;11;24;67;52.80;52.80;
2025;11;24;68;60.63;60.63;
2025;11;24;69;47.55;47.55;
2025;11;24;70;58.18;58.18;
2025;11;24;71;67.08;67.08;
2025;11;24;72;71.02;71.02;
2025;11;24;73;79.23;79.23;
2025;11;24;74;75.64;75.64;
2025;11;24;75;80.24;80.24;
2025;11;24;76;79.70;79.70;
2025;11;24;77;75.10;75.10;
2025;11;24;78;76.31;76.31;
2025;11;24;79;77.01;77.01;
2025;11;24;80;78.78;78.78;
2025;11;24;81;79.80;79.80;
2025;11;24;82;81.80;81.80;
2025;11;24;83;81.80;81.80;
2025;11;24;84;80.50;80.50;
2025;11;24;85;82.94;82.94;
2025;11;24;86;80.10;80.10;
2025;11;24;87;79.28;79.28;
2025;11;24;88;70.78;70.78;
2025;11;24;89;73.60;73.60;
2025;11;24;90;72.26;72.26;
2025;11;24;91;73.60;73.60;
2025;11;24;92;72.14;72.14;
2025;11;24;93;72.34;72.34;
2025;11;24;94;70.00;70.00;
2025;11;24;95;61.00;61.00;
2025;11;24;96;52.44;52.44;
*
