MARGINALPIBC;
2025;10;18;1;127.76;127.76;
2025;10;18;2;127.18;127.18;
2025;10;18;3;125.91;125.91;
2025;10;18;4;118.94;118.94;
2025;10;18;5;113.81;113.81;
2025;10;18;6;114.41;114.41;
2025;10;18;7;111.96;111.96;
2025;10;18;8;106.88;106.88;
2025;10;18;9;102.02;102.02;
2025;10;18;10;100.27;100.27;
2025;10;18;11;94.12;94.12;
2025;10;18;12;91.95;91.95;
2025;10;18;13;101.88;101.88;
2025;10;18;14;100.59;100.59;
2025;10;18;15;94.30;94.30;
2025;10;18;16;93.66;93.66;
2025;10;18;17;100.78;100.78;
2025;10;18;18;98.68;98.68;
2025;10;18;19;97.84;97.84;
2025;10;18;20;95.10;95.10;
2025;10;18;21;93.17;93.17;
2025;10;18;22;91.52;91.52;
2025;10;18;23;91.95;91.95;
2025;10;18;24;93.15;93.15;
2025;10;18;25;95.94;95.94;
2025;10;18;26;100.59;100.59;
2025;10;18;27;100.59;100.59;
2025;10;18;28;101.07;101.07;
2025;10;18;29;104.64;104.64;
2025;10;18;30;104.90;104.90;
2025;10;18;31;105.94;105.94;
2025;10;18;32;107.14;107.14;
2025;10;18;33;113.53;113.53;
2025;10;18;34;110.51;110.51;
2025;10;18;35;109.03;109.03;
2025;10;18;36;106.04;106.04;
2025;10;18;37;112.85;112.85;
2025;10;18;38;106.29;106.29;
2025;10;18;39;91.48;91.48;
2025;10;18;40;54.92;54.92;
2025;10;18;41;80.00;80.00;
2025;10;18;42;72.51;72.51;
2025;10;18;43;63.41;63.41;
2025;10;18;44;44.08;44.08;
2025;10;18;45;69.65;69.65;
2025;10;18;46;52.31;52.31;
2025;10;18;47;28.27;28.27;
2025;10;18;48;22.71;22.71;
2025;10;18;49;20.00;20.00;
2025;10;18;50;15.19;15.19;
2025;10;18;51;14.95;14.95;
2025;10;18;52;13.21;13.21;
2025;10;18;53;15.00;15.00;
2025;10;18;54;15.00;15.00;
2025;10;18;55;14.31;14.31;
2025;10;18;56;12.37;12.37;
2025;10;18;57;8.01;8.01;
2025;10;18;58;6.31;6.31;
2025;10;18;59;4.31;4.31;
2025;10;18;60;4.31;4.31;
2025;10;18;61;3.52;3.52;
2025;10;18;62;3.52;3.52;
2025;10;18;63;3.52;3.52;
2025;10;18;64;3.52;3.52;
2025;10;18;65;5.81;5.81;
2025;10;18;66;4.27;3.52;
2025;10;18;67;11.00;11.00;
2025;10;18;68;18.30;18.30;
2025;10;18;69;18.90;16.90;
2025;10;18;70;33.88;33.88;
2025;10;18;71;52.87;52.87;
2025;10;18;72;75.00;75.00;
2025;10;18;73;47.00;47.00;
2025;10;18;74;81.92;81.92;
2025;10;18;75;99.24;99.24;
2025;10;18;76;117.98;117.98;
2025;10;18;77;107.84;107.84;
2025;10;18;78;112.75;112.75;
2025;10;18;79;114.68;114.68;
2025;10;18;80;112.61;112.61;
2025;10;18;81;118.69;118.69;
2025;10;18;82;122.98;122.98;
2025;10;18;83;126.03;126.03;
2025;10;18;84;123.52;123.52;
2025;10;18;85;125.11;125.11;
2025;10;18;86;120.43;120.43;
2025;10;18;87;113.33;113.33;
2025;10;18;88;110.45;110.45;
2025;10;18;89;110.36;110.36;
2025;10;18;90;108.01;108.01;
2025;10;18;91;107.53;107.53;
2025;10;18;92;106.80;106.80;
2025;10;18;93;106.19;106.19;
2025;10;18;94;107.16;107.16;
2025;10;18;95;102.38;102.38;
2025;10;18;96;98.68;98.68;
*
