MARGINALPIBC;
2025;06;15;1;87.47;87.47;
2025;06;15;2;86.47;86.47;
2025;06;15;3;86.47;86.47;
2025;06;15;4;83.50;83.50;
2025;06;15;5;62.00;62.00;
2025;06;15;6;61.00;61.00;
2025;06;15;7;61.00;61.00;
2025;06;15;8;61.00;61.00;
2025;06;15;9;68.00;68.00;
2025;06;15;10;54.69;54.69;
2025;06;15;11;43.70;43.70;
2025;06;15;12;38.70;38.70;
2025;06;15;13;44.70;44.70;
2025;06;15;14;45.13;45.13;
2025;06;15;15;44.70;44.70;
2025;06;15;16;39.70;39.70;
2025;06;15;17;35.35;35.35;
2025;06;15;18;44.35;44.35;
2025;06;15;19;35.88;35.88;
2025;06;15;20;34.35;34.35;
2025;06;15;21;35.00;35.00;
2025;06;15;22;45.13;45.13;
2025;06;15;23;35.99;35.99;
2025;06;15;24;30.00;30.00;
2025;06;15;25;28.47;28.47;
2025;06;15;26;28.47;28.47;
2025;06;15;27;28.47;28.47;
2025;06;15;28;21.47;21.47;
2025;06;15;29;29.01;29.01;
2025;06;15;30;25.13;25.13;
2025;06;15;31;17.13;17.13;
2025;06;15;32;13.13;13.13;
2025;06;15;33;33.73;17.00;
2025;06;15;34;3.52;3.52;
2025;06;15;35;2.79;-.57;
2025;06;15;36;2.79;-9.00;
2025;06;15;37;0.00;.00;
2025;06;15;38;0.06;-4.12;
2025;06;15;39;0.06;-10.00;
2025;06;15;40;0.06;-18.99;
2025;06;15;41;0.06;-.60;
2025;06;15;42;0.06;-3.25;
2025;06;15;43;0.06;-6.74;
2025;06;15;44;2.50;-10.59;
2025;06;15;45;0.11;-1.21;
2025;06;15;46;0.11;-1.21;
2025;06;15;47;0.11;-2.71;
2025;06;15;48;0.11;-4.17;
2025;06;15;49;1.27;-1.21;
2025;06;15;50;1.27;-1.21;
2025;06;15;51;1.36;-1.84;
2025;06;15;52;3.71;-3.24;
2025;06;15;53;2.79;-1.21;
2025;06;15;54;2.79;-3.43;
2025;06;15;55;2.79;-4.98;
2025;06;15;56;2.79;-5.98;
2025;06;15;57;4.31;-4.13;
2025;06;15;58;2.05;-3.09;
2025;06;15;59;2.05;-2.98;
2025;06;15;60;2.05;-1.80;
2025;06;15;61;2.14;-7.07;
2025;06;15;62;2.14;-4.69;
2025;06;15;63;2.05;-3.50;
2025;06;15;64;2.05;-2.00;
2025;06;15;65;0.11;-8.00;
2025;06;15;66;0.11;-5.71;
2025;06;15;67;0.20;-1.21;
2025;06;15;68;3.00;-1.21;
2025;06;15;69;2.05;-8.00;
2025;06;15;70;2.05;-8.00;
2025;06;15;71;3.99;-5.60;
2025;06;15;72;4.31;-.60;
2025;06;15;73;3.20;-12.00;
2025;06;15;74;3.31;-8.00;
2025;06;15;75;4.31;-.57;
2025;06;15;76;4.31;.00;
2025;06;15;77;13.27;-16.59;
2025;06;15;78;13.27;-8.00;
2025;06;15;79;88.23;2.40;
2025;06;15;80;105.14;3.52;
2025;06;15;81;22.55;4.06;
2025;06;15;82;53.55;24.16;
2025;06;15;83;70.13;31.96;
2025;06;15;84;53.55;52.96;
2025;06;15;85;76.86;76.86;
2025;06;15;86;82.47;82.47;
2025;06;15;87;82.71;82.71;
2025;06;15;88;82.71;82.71;
2025;06;15;89;83.67;83.67;
2025;06;15;90;83.43;83.43;
2025;06;15;91;81.85;81.85;
2025;06;15;92;78.43;78.43;
2025;06;15;93;81.65;81.65;
2025;06;15;94;64.97;64.97;
2025;06;15;95;53.97;53.97;
2025;06;15;96;47.28;47.28;
*
