MARGINALPIBC;
2025;10;13;1;101.22;101.22;
2025;10;13;2;99.99;99.99;
2025;10;13;3;99.99;99.99;
2025;10;13;4;97.11;97.11;
2025;10;13;5;91.20;91.20;
2025;10;13;6;94.57;94.57;
2025;10;13;7;92.48;92.48;
2025;10;13;8;90.09;90.09;
2025;10;13;9;85.00;85.00;
2025;10;13;10;83.77;83.77;
2025;10;13;11;82.50;82.50;
2025;10;13;12;84.25;84.25;
2025;10;13;13;90.70;90.70;
2025;10;13;14;91.31;91.31;
2025;10;13;15;91.67;91.67;
2025;10;13;16;91.67;91.67;
2025;10;13;17;91.67;91.67;
2025;10;13;18;92.12;92.12;
2025;10;13;19;92.92;92.92;
2025;10;13;20;94.20;94.20;
2025;10;13;21;96.61;96.61;
2025;10;13;22;98.41;98.41;
2025;10;13;23;98.44;98.44;
2025;10;13;24;101.97;101.97;
2025;10;13;25;100.47;100.47;
2025;10;13;26;103.77;103.77;
2025;10;13;27;105.67;105.67;
2025;10;13;28;108.11;108.11;
2025;10;13;29;111.77;111.77;
2025;10;13;30;111.06;111.06;
2025;10;13;31;112.54;112.54;
2025;10;13;32;113.82;113.82;
2025;10;13;33;129.29;129.29;
2025;10;13;34;130.10;130.10;
2025;10;13;35;129.29;129.29;
2025;10;13;36;120.81;120.81;
2025;10;13;37;139.07;139.07;
2025;10;13;38;116.10;116.10;
2025;10;13;39;110.00;110.00;
2025;10;13;40;105.11;105.11;
2025;10;13;41;107.47;107.47;
2025;10;13;42;96.76;96.76;
2025;10;13;43;92.68;92.68;
2025;10;13;44;88.91;88.91;
2025;10;13;45;90.75;90.75;
2025;10;13;46;87.07;87.07;
2025;10;13;47;81.54;81.54;
2025;10;13;48;79.50;79.50;
2025;10;13;49;78.33;78.33;
2025;10;13;50;77.07;77.07;
2025;10;13;51;77.07;77.07;
2025;10;13;52;77.27;77.27;
2025;10;13;53;73.47;73.47;
2025;10;13;54;71.95;71.95;
2025;10;13;55;70.01;70.01;
2025;10;13;56;68.90;68.90;
2025;10;13;57;70.01;70.01;
2025;10;13;58;70.43;70.43;
2025;10;13;59;74.10;70.00;
2025;10;13;60;73.76;69.66;
2025;10;13;61;60.12;60.10;
2025;10;13;62;65.02;60.80;
2025;10;13;63;73.00;65.00;
2025;10;13;64;73.76;68.76;
2025;10;13;65;73.00;68.01;
2025;10;13;66;70.02;69.10;
2025;10;13;67;75.00;74.38;
2025;10;13;68;82.63;82.63;
2025;10;13;69;77.33;65.00;
2025;10;13;70;77.33;75.97;
2025;10;13;71;86.05;86.05;
2025;10;13;72;91.67;91.67;
2025;10;13;73;90.07;90.07;
2025;10;13;74;101.24;101.24;
2025;10;13;75;106.37;106.37;
2025;10;13;76;120.01;120.01;
2025;10;13;77;119.29;119.29;
2025;10;13;78;119.51;119.51;
2025;10;13;79;138.11;138.11;
2025;10;13;80;154.86;154.86;
2025;10;13;81;158.18;158.18;
2025;10;13;82;161.18;161.18;
2025;10;13;83;165.00;165.00;
2025;10;13;84;164.00;164.00;
2025;10;13;85;167.29;167.29;
2025;10;13;86;163.70;163.70;
2025;10;13;87;160.43;160.43;
2025;10;13;88;150.53;150.53;
2025;10;13;89;146.82;146.82;
2025;10;13;90;128.94;128.94;
2025;10;13;91;122.84;122.84;
2025;10;13;92;118.40;118.40;
2025;10;13;93;118.93;118.93;
2025;10;13;94;117.59;117.59;
2025;10;13;95;115.36;115.36;
2025;10;13;96;114.37;114.37;
*
