MARGINALPIBC;
2025;11;05;1;25.95;25.95;
2025;11;05;2;26.94;26.94;
2025;11;05;3;28.72;28.72;
2025;11;05;4;26.01;26.01;
2025;11;05;5;28.06;28.06;
2025;11;05;6;25.95;25.95;
2025;11;05;7;21.20;21.20;
2025;11;05;8;20.50;20.50;
2025;11;05;9;21.10;21.10;
2025;11;05;10;17.79;17.79;
2025;11;05;11;16.91;16.91;
2025;11;05;12;16.60;16.60;
2025;11;05;13;17.46;17.46;
2025;11;05;14;17.46;17.46;
2025;11;05;15;13.57;13.57;
2025;11;05;16;10.50;10.50;
2025;11;05;17;7.00;7.00;
2025;11;05;18;7.00;7.00;
2025;11;05;19;7.00;7.00;
2025;11;05;20;7.00;7.00;
2025;11;05;21;8.57;8.57;
2025;11;05;22;14.00;14.00;
2025;11;05;23;16.68;16.68;
2025;11;05;24;16.79;16.79;
2025;11;05;25;22.62;22.62;
2025;11;05;26;26.20;26.20;
2025;11;05;27;26.66;26.66;
2025;11;05;28;25.95;25.95;
2025;11;05;29;30.90;30.90;
2025;11;05;30;38.55;38.55;
2025;11;05;31;46.20;46.20;
2025;11;05;32;46.20;46.20;
2025;11;05;33;46.50;46.50;
2025;11;05;34;35.01;35.01;
2025;11;05;35;26.94;26.94;
2025;11;05;36;25.95;25.95;
2025;11;05;37;25.95;25.95;
2025;11;05;38;25.95;25.95;
2025;11;05;39;14.91;14.91;
2025;11;05;40;10.21;10.21;
2025;11;05;41;14.87;14.87;
2025;11;05;42;10.65;10.65;
2025;11;05;43;5.11;5.11;
2025;11;05;44;3.60;3.60;
2025;11;05;45;4.31;4.31;
2025;11;05;46;3.52;3.52;
2025;11;05;47;3.52;3.52;
2025;11;05;48;3.52;3.52;
2025;11;05;49;4.39;4.39;
2025;11;05;50;5.11;5.11;
2025;11;05;51;5.79;5.79;
2025;11;05;52;6.00;6.00;
2025;11;05;53;5.00;5.00;
2025;11;05;54;5.11;5.11;
2025;11;05;55;5.11;5.11;
2025;11;05;56;6.50;6.50;
2025;11;05;57;6.29;6.29;
2025;11;05;58;9.80;9.80;
2025;11;05;59;10.29;10.29;
2025;11;05;60;13.79;13.79;
2025;11;05;61;14.65;14.65;
2025;11;05;62;15.83;15.83;
2025;11;05;63;16.35;16.35;
2025;11;05;64;20.06;20.06;
2025;11;05;65;20.00;20.00;
2025;11;05;66;25.95;25.95;
2025;11;05;67;26.44;26.44;
2025;11;05;68;29.72;29.72;
2025;11;05;69;29.20;29.20;
2025;11;05;70;33.15;33.15;
2025;11;05;71;45.02;45.02;
2025;11;05;72;46.68;46.68;
2025;11;05;73;46.50;46.50;
2025;11;05;74;53.84;53.84;
2025;11;05;75;63.00;63.00;
2025;11;05;76;71.03;71.03;
2025;11;05;77;68.50;68.50;
2025;11;05;78;70.00;70.00;
2025;11;05;79;74.00;74.00;
2025;11;05;80;77.10;77.10;
2025;11;05;81;77.30;77.30;
2025;11;05;82;80.68;80.68;
2025;11;05;83;80.98;80.98;
2025;11;05;84;79.42;79.42;
2025;11;05;85;83.08;83.08;
2025;11;05;86;78.98;78.98;
2025;11;05;87;74.06;74.06;
2025;11;05;88;74.85;74.85;
2025;11;05;89;71.12;71.12;
2025;11;05;90;59.00;59.00;
2025;11;05;91;54.19;54.19;
2025;11;05;92;46.63;46.63;
2025;11;05;93;46.68;46.68;
2025;11;05;94;35.51;35.51;
2025;11;05;95;31.79;31.79;
2025;11;05;96;25.95;25.95;
*
