MARGINALPIBC;
2025;01;29;1;26.37;26.37;
2025;01;29;2;10.96;10.96;
2025;01;29;3;3.52;3.52;
2025;01;29;4;3.52;3.52;
2025;01;29;5;3.52;3.52;
2025;01;29;6;3.52;3.52;
2025;01;29;7;42.29;42.29;
2025;01;29;8;65.10;84.80;
2025;01;29;9;75.50;110.41;
2025;01;29;10;69.22;69.22;
2025;01;29;11;48.50;48.50;
2025;01;29;12;51.00;51.00;
2025;01;29;13;34.90;34.90;
2025;01;29;14;17.20;17.20;
2025;01;29;15;12.23;12.23;
2025;01;29;16;17.20;17.20;
2025;01;29;17;40.73;40.73;
2025;01;29;18;50.11;50.11;
2025;01;29;19;83.06;83.06;
2025;01;29;20;115.40;123.99;
2025;01;29;21;133.85;133.85;
2025;01;29;22;118.57;118.57;
2025;01;29;23;94.67;94.67;
2025;01;29;24;51.09;51.09;
*
