MARGINALPIBC;
2025;01;18;1;127.57;127.57;
2025;01;18;2;120.02;120.02;
2025;01;18;3;122.74;122.74;
2025;01;18;4;118.15;118.15;
2025;01;18;5;115.92;115.92;
2025;01;18;6;117.58;117.58;
2025;01;18;7;117.00;117.00;
2025;01;18;8;131.30;131.30;
2025;01;18;9;143.26;143.26;
2025;01;18;10;142.10;142.10;
2025;01;18;11;128.70;128.70;
2025;01;18;12;108.20;108.20;
2025;01;18;13;109.47;109.47;
2025;01;18;14;109.17;109.17;
2025;01;18;15;109.20;109.20;
2025;01;18;16;109.78;109.78;
2025;01;18;17;116.00;116.00;
2025;01;18;18;142.65;142.65;
2025;01;18;19;165.06;165.06;
2025;01;18;20;164.85;164.85;
2025;01;18;21;153.12;153.12;
2025;01;18;22;149.61;149.61;
2025;01;18;23;147.24;147.24;
2025;01;18;24;142.00;142.00;
*
