MARGINALPIBC;
2025;02;07;1;128.98;128.98;
2025;02;07;2;120.00;120.00;
2025;02;07;3;116.07;116.07;
2025;02;07;4;112.25;112.25;
2025;02;07;5;110.85;110.85;
2025;02;07;6;109.70;109.70;
2025;02;07;7;117.01;117.01;
2025;02;07;8;127.77;141.18;
2025;02;07;9;146.34;161.40;
2025;02;07;10;138.28;138.28;
2025;02;07;11;106.00;106.00;
2025;02;07;12;100.00;100.00;
2025;02;07;13;94.87;94.87;
2025;02;07;14;97.34;97.34;
2025;02;07;15;89.89;89.89;
2025;02;07;16;97.34;97.34;
2025;02;07;17;98.00;98.00;
2025;02;07;18;111.99;111.99;
2025;02;07;19;133.67;133.67;
2025;02;07;20;146.13;146.13;
2025;02;07;21;140.41;140.41;
2025;02;07;22;131.64;131.64;
2025;02;07;23;132.48;132.48;
2025;02;07;24;120.45;120.45;
*
