MARGINALPIBC;
2025;04;22;1;79.10;79.10;
2025;04;22;2;84.79;84.79;
2025;04;22;3;83.54;83.54;
2025;04;22;4;80.10;80.10;
2025;04;22;5;76.05;76.05;
2025;04;22;6;74.05;74.05;
2025;04;22;7;73.71;73.71;
2025;04;22;8;70.05;70.05;
2025;04;22;9;71.73;71.73;
2025;04;22;10;71.23;71.23;
2025;04;22;11;68.90;68.90;
2025;04;22;12;65.73;65.73;
2025;04;22;13;70.41;70.41;
2025;04;22;14;69.91;69.91;
2025;04;22;15;67.91;67.91;
2025;04;22;16;65.41;65.41;
2025;04;22;17;72.95;72.95;
2025;04;22;18;72.91;72.91;
2025;04;22;19;72.56;72.56;
2025;04;22;20;71.06;71.06;
2025;04;22;21;65.85;65.85;
2025;04;22;22;66.00;66.00;
2025;04;22;23;66.00;66.00;
2025;04;22;24;66.00;66.00;
2025;04;22;25;81.97;81.97;
2025;04;22;26;83.13;83.13;
2025;04;22;27;79.95;79.95;
2025;04;22;28;82.52;82.52;
2025;04;22;29;100.00;117.15;
2025;04;22;30;110.90;120.50;
2025;04;22;31;114.01;120.61;
2025;04;22;32;119.95;119.95;
2025;04;22;33;106.00;131.61;
2025;04;22;34;95.73;127.30;
2025;04;22;35;121.60;122.60;
2025;04;22;36;106.60;106.60;
2025;04;22;37;89.79;89.79;
2025;04;22;38;85.10;85.10;
2025;04;22;39;72.52;72.52;
2025;04;22;40;58.51;58.51;
2025;04;22;41;73.37;73.37;
2025;04;22;42;68.45;68.45;
2025;04;22;43;59.92;59.92;
2025;04;22;44;36.99;36.99;
2025;04;22;45;40.53;40.53;
2025;04;22;46;25.47;25.47;
2025;04;22;47;25.47;25.47;
2025;04;22;48;25.47;25.47;
2025;04;22;49;29.99;29.99;
2025;04;22;50;30.00;30.00;
2025;04;22;51;25.53;25.53;
2025;04;22;52;26.00;26.00;
2025;04;22;53;20.37;20.37;
2025;04;22;54;20.37;20.37;
2025;04;22;55;19.95;19.95;
2025;04;22;56;20.37;20.37;
2025;04;22;57;14.99;14.99;
2025;04;22;58;15.00;15.00;
2025;04;22;59;14.99;14.99;
2025;04;22;60;12.00;12.00;
2025;04;22;61;5.11;5.11;
2025;04;22;62;3.81;3.81;
2025;04;22;63;0.65;.65;
2025;04;22;64;0.65;.65;
2025;04;22;65;4.31;4.31;
2025;04;22;66;4.31;4.31;
2025;04;22;67;4.31;4.31;
2025;04;22;68;4.31;4.31;
2025;04;22;69;3.00;3.00;
2025;04;22;70;3.00;3.00;
2025;04;22;71;5.79;5.79;
2025;04;22;72;5.79;5.79;
2025;04;22;73;18.70;18.70;
2025;04;22;74;21.70;21.70;
2025;04;22;75;36.21;36.21;
2025;04;22;76;47.89;47.89;
2025;04;22;77;18.73;18.73;
2025;04;22;78;36.02;36.02;
2025;04;22;79;62.40;62.40;
2025;04;22;80;81.51;81.51;
2025;04;22;81;89.87;89.87;
2025;04;22;82;93.71;93.71;
2025;04;22;83;99.99;99.99;
2025;04;22;84;103.74;103.74;
2025;04;22;85;125.04;130.04;
2025;04;22;86;125.04;128.79;
2025;04;22;87;125.04;127.16;
2025;04;22;88;120.04;124.04;
2025;04;22;89;103.78;103.78;
2025;04;22;90;102.03;102.03;
2025;04;22;91;102.11;102.11;
2025;04;22;92;101.52;101.52;
2025;04;22;93;75.82;80.82;
2025;04;22;94;71.34;77.76;
2025;04;22;95;70.81;80.81;
2025;04;22;96;70.81;75.81;
*
