MARGINALPIBC;
2026;02;16;1;-0.30;-.30;
2026;02;16;2;-0.30;-.30;
2026;02;16;3;-0.49;-.49;
2026;02;16;4;-0.54;-.54;
2026;02;16;5;-1.83;-1.83;
2026;02;16;6;-2.00;-2.00;
2026;02;16;7;-2.00;-2.00;
2026;02;16;8;-1.99;-1.99;
2026;02;16;9;-0.10;-.10;
2026;02;16;10;0.00;.00;
2026;02;16;11;0.00;.00;
2026;02;16;12;-0.12;-.12;
2026;02;16;13;-0.30;-.30;
2026;02;16;14;-0.30;-.30;
2026;02;16;15;-0.30;-.30;
2026;02;16;16;-0.30;-.30;
2026;02;16;17;-0.34;-.34;
2026;02;16;18;-0.34;-.34;
2026;02;16;19;-0.34;-.34;
2026;02;16;20;-0.30;-.30;
2026;02;16;21;-5.37;-5.37;
2026;02;16;22;-5.01;-5.01;
2026;02;16;23;-5.00;-5.00;
2026;02;16;24;-3.00;-3.00;
2026;02;16;25;-0.34;-.34;
2026;02;16;26;-0.30;-.30;
2026;02;16;27;-0.30;-.30;
2026;02;16;28;-0.15;-.05;
2026;02;16;29;-0.09;3.78;
2026;02;16;30;-0.07;4.16;
2026;02;16;31;-0.06;10.60;
2026;02;16;32;-0.05;10.75;
2026;02;16;33;-0.05;7.97;
2026;02;16;34;0.00;8.35;
2026;02;16;35;0.00;6.54;
2026;02;16;36;0.06;2.01;
2026;02;16;37;0.19;1.78;
2026;02;16;38;0.31;.79;
2026;02;16;39;0.40;1.36;
2026;02;16;40;0.23;.23;
2026;02;16;41;0.40;.40;
2026;02;16;42;0.15;.15;
2026;02;16;43;0.20;.20;
2026;02;16;44;0.01;.01;
2026;02;16;45;0.01;.01;
2026;02;16;46;0.00;.00;
2026;02;16;47;-0.10;-.10;
2026;02;16;48;-0.30;-.30;
2026;02;16;49;-0.10;-.10;
2026;02;16;50;-0.30;-.30;
2026;02;16;51;-0.10;-.10;
2026;02;16;52;0.00;.00;
2026;02;16;53;-0.10;-.10;
2026;02;16;54;0.00;.00;
2026;02;16;55;0.00;.00;
2026;02;16;56;0.00;.00;
2026;02;16;57;0.00;.00;
2026;02;16;58;0.00;.00;
2026;02;16;59;0.00;.00;
2026;02;16;60;0.00;.00;
2026;02;16;61;-3.65;-3.65;
2026;02;16;62;-5.00;-5.00;
2026;02;16;63;-4.02;-4.02;
2026;02;16;64;-4.00;-4.00;
2026;02;16;65;-0.30;-.30;
2026;02;16;66;-0.01;-.01;
2026;02;16;67;0.01;.01;
2026;02;16;68;0.30;.30;
2026;02;16;69;0.77;.77;
2026;02;16;70;0.91;.91;
2026;02;16;71;1.98;1.98;
2026;02;16;72;3.78;3.78;
2026;02;16;73;0.77;.77;
2026;02;16;74;0.50;4.50;
2026;02;16;75;3.10;9.77;
2026;02;16;76;3.00;21.85;
2026;02;16;77;3.10;20.00;
2026;02;16;78;3.10;21.00;
2026;02;16;79;3.10;20.00;
2026;02;16;80;3.20;21.55;
2026;02;16;81;3.20;14.20;
2026;02;16;82;3.20;12.76;
2026;02;16;83;4.00;12.00;
2026;02;16;84;4.00;12.00;
2026;02;16;85;4.10;4.10;
2026;02;16;86;5.30;5.30;
2026;02;16;87;4.20;4.33;
2026;02;16;88;4.01;4.01;
2026;02;16;89;7.00;7.00;
2026;02;16;90;6.02;6.02;
2026;02;16;91;6.51;6.51;
2026;02;16;92;5.79;5.79;
2026;02;16;93;5.90;5.90;
2026;02;16;94;1.98;1.98;
2026;02;16;95;0.90;.90;
2026;02;16;96;0.77;.77;
*
