MARGINALPIBC;
2025;09;25;1;86.77;86.77;
2025;09;25;2;83.46;83.46;
2025;09;25;3;81.26;81.26;
2025;09;25;4;78.47;78.47;
2025;09;25;5;76.14;76.14;
2025;09;25;6;75.94;75.94;
2025;09;25;7;73.94;73.94;
2025;09;25;8;73.03;73.03;
2025;09;25;9;73.94;73.94;
2025;09;25;10;73.03;73.03;
2025;09;25;11;73.03;73.03;
2025;09;25;12;73.44;73.44;
2025;09;25;13;73.46;73.46;
2025;09;25;14;73.46;73.46;
2025;09;25;15;74.26;74.26;
2025;09;25;16;74.71;74.71;
2025;09;25;17;76.70;76.70;
2025;09;25;18;77.70;77.70;
2025;09;25;19;78.20;78.20;
2025;09;25;20;79.09;79.09;
2025;09;25;21;70.78;70.78;
2025;09;25;22;73.00;73.00;
2025;09;25;23;77.00;77.00;
2025;09;25;24;77.20;77.20;
2025;09;25;25;79.26;79.26;
2025;09;25;26;83.43;83.43;
2025;09;25;27;85.85;85.85;
2025;09;25;28;90.85;90.85;
2025;09;25;29;98.48;98.48;
2025;09;25;30;105.71;105.71;
2025;09;25;31;109.86;109.86;
2025;09;25;32;111.70;111.70;
2025;09;25;33;121.07;121.07;
2025;09;25;34;116.89;116.89;
2025;09;25;35;111.90;111.90;
2025;09;25;36;100.90;100.90;
2025;09;25;37;107.57;107.57;
2025;09;25;38;97.43;97.43;
2025;09;25;39;80.58;80.58;
2025;09;25;40;55.79;55.79;
2025;09;25;41;86.89;86.89;
2025;09;25;42;80.03;80.03;
2025;09;25;43;53.58;53.58;
2025;09;25;44;39.90;39.90;
2025;09;25;45;46.99;46.99;
2025;09;25;46;33.42;33.42;
2025;09;25;47;30.20;30.20;
2025;09;25;48;30.19;30.19;
2025;09;25;49;34.99;34.99;
2025;09;25;50;32.99;32.99;
2025;09;25;51;32.99;32.99;
2025;09;25;52;32.50;32.50;
2025;09;25;53;33.44;33.44;
2025;09;25;54;33.44;33.44;
2025;09;25;55;32.62;32.62;
2025;09;25;56;25.93;25.93;
2025;09;25;57;20.10;20.10;
2025;09;25;58;20.25;20.25;
2025;09;25;59;20.33;20.33;
2025;09;25;60;20.57;20.57;
2025;09;25;61;22.74;22.74;
2025;09;25;62;22.74;22.74;
2025;09;25;63;24.24;24.24;
2025;09;25;64;24.11;24.11;
2025;09;25;65;25.93;25.93;
2025;09;25;66;25.93;25.93;
2025;09;25;67;26.79;26.79;
2025;09;25;68;48.99;48.99;
2025;09;25;69;38.70;38.70;
2025;09;25;70;48.13;48.13;
2025;09;25;71;67.07;67.07;
2025;09;25;72;84.80;84.80;
2025;09;25;73;33.94;33.94;
2025;09;25;74;52.80;52.80;
2025;09;25;75;94.10;94.10;
2025;09;25;76;107.03;107.03;
2025;09;25;77;82.50;82.50;
2025;09;25;78;104.25;104.25;
2025;09;25;79;127.15;127.15;
2025;09;25;80;164.11;164.11;
2025;09;25;81;166.10;176.41;
2025;09;25;82;175.10;201.09;
2025;09;25;83;175.10;207.99;
2025;09;25;84;179.10;220.00;
2025;09;25;85;205.02;205.02;
2025;09;25;86;190.01;208.94;
2025;09;25;87;182.77;205.01;
2025;09;25;88;176.01;176.01;
2025;09;25;89;178.80;178.80;
2025;09;25;90;158.80;158.80;
2025;09;25;91;136.16;136.16;
2025;09;25;92;128.80;128.80;
2025;09;25;93;151.90;151.90;
2025;09;25;94;125.00;125.00;
2025;09;25;95;111.69;111.69;
2025;09;25;96;102.10;102.10;
*
