MARGINALPIBC;
2026;04;04;1;16.20;16.20;
2026;04;04;2;13.38;13.38;
2026;04;04;3;12.20;12.20;
2026;04;04;4;8.07;8.07;
2026;04;04;5;14.35;14.35;
2026;04;04;6;13.66;13.66;
2026;04;04;7;12.72;12.72;
2026;04;04;8;9.13;9.13;
2026;04;04;9;16.42;16.42;
2026;04;04;10;13.31;13.31;
2026;04;04;11;10.98;10.98;
2026;04;04;12;11.51;11.51;
2026;04;04;13;13.38;13.38;
2026;04;04;14;13.79;13.79;
2026;04;04;15;14.35;14.35;
2026;04;04;16;15.86;15.86;
2026;04;04;17;15.50;15.50;
2026;04;04;18;14.99;14.99;
2026;04;04;19;15.10;15.10;
2026;04;04;20;16.63;16.63;
2026;04;04;21;16.42;16.42;
2026;04;04;22;16.19;16.19;
2026;04;04;23;15.39;15.39;
2026;04;04;24;23.97;23.97;
2026;04;04;25;22.42;22.42;
2026;04;04;26;24.97;24.97;
2026;04;04;27;23.37;23.37;
2026;04;04;28;25.11;25.11;
2026;04;04;29;29.99;29.99;
2026;04;04;30;33.02;33.02;
2026;04;04;31;35.01;35.01;
2026;04;04;32;40.01;40.01;
2026;04;04;33;61.20;61.20;
2026;04;04;34;35.52;35.52;
2026;04;04;35;28.51;28.51;
2026;04;04;36;19.31;19.31;
2026;04;04;37;8.35;8.35;
2026;04;04;38;0.85;.85;
2026;04;04;39;-0.56;-.56;
2026;04;04;40;-1.99;-1.99;
2026;04;04;41;0.00;.00;
2026;04;04;42;0.00;.00;
2026;04;04;43;0.00;.00;
2026;04;04;44;-0.81;-.81;
2026;04;04;45;-0.81;-.81;
2026;04;04;46;-0.82;-.82;
2026;04;04;47;-0.82;-.82;
2026;04;04;48;-1.24;-1.24;
2026;04;04;49;-1.24;-1.24;
2026;04;04;50;-1.24;-1.24;
2026;04;04;51;-1.24;-1.24;
2026;04;04;52;-1.24;-1.24;
2026;04;04;53;-1.24;-1.24;
2026;04;04;54;-1.24;-1.24;
2026;04;04;55;-1.24;-1.24;
2026;04;04;56;-1.24;-1.24;
2026;04;04;57;-1.24;-1.24;
2026;04;04;58;-1.50;-1.50;
2026;04;04;59;-1.24;-1.24;
2026;04;04;60;-1.50;-1.50;
2026;04;04;61;-1.24;-1.24;
2026;04;04;62;-1.78;-1.78;
2026;04;04;63;-1.78;-1.78;
2026;04;04;64;-1.78;-1.78;
2026;04;04;65;-1.99;-1.99;
2026;04;04;66;-1.78;-1.78;
2026;04;04;67;-1.78;-1.78;
2026;04;04;68;-1.50;-1.50;
2026;04;04;69;-0.81;-.81;
2026;04;04;70;-0.81;-.81;
2026;04;04;71;0.00;.00;
2026;04;04;72;0.00;.00;
2026;04;04;73;-0.23;-.23;
2026;04;04;74;0.00;.00;
2026;04;04;75;0.84;.84;
2026;04;04;76;8.61;8.61;
2026;04;04;77;2.38;2.38;
2026;04;04;78;17.77;17.77;
2026;04;04;79;29.49;29.49;
2026;04;04;80;61.35;61.35;
2026;04;04;81;34.01;34.01;
2026;04;04;82;60.27;60.27;
2026;04;04;83;61.50;61.50;
2026;04;04;84;68.46;68.46;
2026;04;04;85;78.92;78.92;
2026;04;04;86;79.17;79.17;
2026;04;04;87;77.67;77.67;
2026;04;04;88;76.17;76.17;
2026;04;04;89;74.67;74.67;
2026;04;04;90;68.02;68.02;
2026;04;04;91;65.07;65.07;
2026;04;04;92;61.35;61.35;
2026;04;04;93;61.67;61.67;
2026;04;04;94;61.35;61.35;
2026;04;04;95;60.27;60.27;
2026;04;04;96;59.21;59.21;
*
