MARGINALPIBC;
2025;08;25;1;111.92;111.92;
2025;08;25;2;108.88;108.88;
2025;08;25;3;103.92;103.92;
2025;08;25;4;101.92;101.92;
2025;08;25;5;105.00;105.00;
2025;08;25;6;104.50;104.50;
2025;08;25;7;99.50;99.50;
2025;08;25;8;97.50;97.50;
2025;08;25;9;96.00;96.00;
2025;08;25;10;95.13;95.13;
2025;08;25;11;94.19;94.19;
2025;08;25;12;93.88;93.88;
2025;08;25;13;94.62;94.62;
2025;08;25;14;94.41;94.41;
2025;08;25;15;93.88;93.88;
2025;08;25;16;93.88;93.88;
2025;08;25;17;92.91;92.91;
2025;08;25;18;92.77;92.77;
2025;08;25;19;93.35;93.35;
2025;08;25;20;93.88;93.88;
2025;08;25;21;94.99;94.99;
2025;08;25;22;95.13;95.13;
2025;08;25;23;96.66;96.66;
2025;08;25;24;99.05;99.05;
2025;08;25;25;104.50;104.50;
2025;08;25;26;106.92;106.92;
2025;08;25;27;108.73;108.73;
2025;08;25;28;108.73;108.73;
2025;08;25;29;113.32;113.32;
2025;08;25;30;114.32;114.32;
2025;08;25;31;116.82;116.82;
2025;08;25;32;117.50;117.50;
2025;08;25;33;136.66;136.66;
2025;08;25;34;130.56;130.56;
2025;08;25;35;119.32;119.32;
2025;08;25;36;109.33;109.33;
2025;08;25;37;133.32;133.32;
2025;08;25;38;121.58;121.58;
2025;08;25;39;102.55;102.55;
2025;08;25;40;83.32;83.32;
2025;08;25;41;96.71;96.71;
2025;08;25;42;89.57;89.57;
2025;08;25;43;74.63;74.63;
2025;08;25;44;65.66;65.66;
2025;08;25;45;85.01;85.01;
2025;08;25;46;73.15;73.15;
2025;08;25;47;65.61;65.61;
2025;08;25;48;65.01;65.01;
2025;08;25;49;65.20;65.20;
2025;08;25;50;55.21;55.21;
2025;08;25;51;55.00;55.00;
2025;08;25;52;46.66;46.66;
2025;08;25;53;40.00;38.50;
2025;08;25;54;36.00;35.10;
2025;08;25;55;36.00;34.50;
2025;08;25;56;35.50;30.00;
2025;08;25;57;32.17;32.17;
2025;08;25;58;31.17;31.17;
2025;08;25;59;27.92;27.92;
2025;08;25;60;27.17;26.17;
2025;08;25;61;26.20;24.16;
2025;08;25;62;26.20;25.12;
2025;08;25;63;35.20;35.20;
2025;08;25;64;45.00;45.00;
2025;08;25;65;46.66;28.01;
2025;08;25;66;48.12;48.12;
2025;08;25;67;62.46;62.46;
2025;08;25;68;66.43;66.43;
2025;08;25;69;65.57;65.57;
2025;08;25;70;66.40;66.40;
2025;08;25;71;77.75;77.75;
2025;08;25;72;84.22;84.22;
2025;08;25;73;83.20;83.20;
2025;08;25;74;93.43;93.43;
2025;08;25;75;99.38;99.38;
2025;08;25;76;108.12;108.12;
2025;08;25;77;76.66;76.66;
2025;08;25;78;105.78;105.78;
2025;08;25;79;125.00;125.00;
2025;08;25;80;136.66;136.66;
2025;08;25;81;115.93;115.93;
2025;08;25;82;121.54;121.54;
2025;08;25;83;125.95;125.95;
2025;08;25;84;130.00;130.00;
2025;08;25;85;135.00;137.60;
2025;08;25;86;135.00;139.16;
2025;08;25;87;135.00;139.40;
2025;08;25;88;135.00;139.16;
2025;08;25;89;118.11;123.01;
2025;08;25;90;118.11;122.11;
2025;08;25;91;116.11;120.00;
2025;08;25;92;114.11;118.28;
2025;08;25;93;114.88;114.88;
2025;08;25;94;114.18;114.18;
2025;08;25;95;110.12;110.12;
2025;08;25;96;109.58;109.58;
*
