MARGINALPIBC;
2026;02;28;1;19.75;19.75;
2026;02;28;2;21.80;21.80;
2026;02;28;3;10.31;10.31;
2026;02;28;4;2.21;2.21;
2026;02;28;5;9.29;9.29;
2026;02;28;6;2.00;2.00;
2026;02;28;7;7.58;7.58;
2026;02;28;8;1.00;1.00;
2026;02;28;9;16.46;16.46;
2026;02;28;10;4.30;4.30;
2026;02;28;11;2.99;2.99;
2026;02;28;12;4.54;4.54;
2026;02;28;13;0.00;.00;
2026;02;28;14;4.02;4.02;
2026;02;28;15;3.81;3.81;
2026;02;28;16;4.20;4.20;
2026;02;28;17;3.28;3.28;
2026;02;28;18;1.00;1.00;
2026;02;28;19;1.00;1.00;
2026;02;28;20;1.00;1.00;
2026;02;28;21;3.78;3.78;
2026;02;28;22;3.78;3.78;
2026;02;28;23;3.78;3.78;
2026;02;28;24;1.00;1.00;
2026;02;28;25;3.00;3.00;
2026;02;28;26;3.00;3.00;
2026;02;28;27;4.20;4.20;
2026;02;28;28;6.24;6.24;
2026;02;28;29;0.00;.00;
2026;02;28;30;3.78;3.78;
2026;02;28;31;4.07;4.07;
2026;02;28;32;4.40;4.40;
2026;02;28;33;5.73;5.73;
2026;02;28;34;6.95;6.95;
2026;02;28;35;3.78;3.78;
2026;02;28;36;3.46;3.46;
2026;02;28;37;4.60;4.60;
2026;02;28;38;3.78;3.78;
2026;02;28;39;0.91;.91;
2026;02;28;40;0.91;.91;
2026;02;28;41;-0.01;-.01;
2026;02;28;42;-0.02;-.02;
2026;02;28;43;0.00;-2.99;
2026;02;28;44;0.00;-.70;
2026;02;28;45;0.00;-1.00;
2026;02;28;46;0.00;-.01;
2026;02;28;47;0.00;-.30;
2026;02;28;48;-0.05;-1.00;
2026;02;28;49;-0.05;-.80;
2026;02;28;50;-0.05;-1.00;
2026;02;28;51;-0.05;-.80;
2026;02;28;52;-0.05;-1.00;
2026;02;28;53;-0.05;-.70;
2026;02;28;54;0.00;-1.03;
2026;02;28;55;0.00;-1.05;
2026;02;28;56;0.00;-.43;
2026;02;28;57;0.00;-.02;
2026;02;28;58;0.00;.00;
2026;02;28;59;0.00;-7.50;
2026;02;28;60;0.00;-8.19;
2026;02;28;61;0.00;-7.00;
2026;02;28;62;0.00;-6.31;
2026;02;28;63;0.00;-6.50;
2026;02;28;64;0.00;-2.00;
2026;02;28;65;0.00;-9.52;
2026;02;28;66;0.00;-.02;
2026;02;28;67;-0.02;-.02;
2026;02;28;68;0.40;.40;
2026;02;28;69;0.03;.03;
2026;02;28;70;0.91;.91;
2026;02;28;71;3.19;3.19;
2026;02;28;72;7.70;7.70;
2026;02;28;73;3.88;3.88;
2026;02;28;74;21.20;21.20;
2026;02;28;75;25.34;25.34;
2026;02;28;76;31.88;40.02;
2026;02;28;77;50.00;75.00;
2026;02;28;78;59.67;80.66;
2026;02;28;79;62.29;81.10;
2026;02;28;80;62.75;79.92;
2026;02;28;81;67.18;75.00;
2026;02;28;82;67.18;67.18;
2026;02;28;83;58.61;58.61;
2026;02;28;84;52.29;52.29;
2026;02;28;85;60.51;60.51;
2026;02;28;86;53.86;53.86;
2026;02;28;87;54.20;54.20;
2026;02;28;88;45.69;45.69;
2026;02;28;89;55.00;55.00;
2026;02;28;90;49.99;49.99;
2026;02;28;91;49.61;67.94;
2026;02;28;92;40.02;50.24;
2026;02;28;93;40.02;41.33;
2026;02;28;94;35.11;35.11;
2026;02;28;95;35.02;35.02;
2026;02;28;96;31.01;31.01;
*
