MARGINALPIBC;
2026;04;20;1;85.20;85.20;
2026;04;20;2;83.43;83.43;
2026;04;20;3;79.97;79.97;
2026;04;20;4;77.99;77.99;
2026;04;20;5;78.40;78.40;
2026;04;20;6;75.75;75.75;
2026;04;20;7;79.70;79.70;
2026;04;20;8;74.36;74.36;
2026;04;20;9;75.20;75.20;
2026;04;20;10;75.00;75.00;
2026;04;20;11;74.36;74.36;
2026;04;20;12;74.30;74.30;
2026;04;20;13;72.78;72.78;
2026;04;20;14;72.78;72.78;
2026;04;20;15;72.78;72.78;
2026;04;20;16;72.78;72.78;
2026;04;20;17;72.78;72.78;
2026;04;20;18;74.30;74.30;
2026;04;20;19;74.36;74.36;
2026;04;20;20;75.07;75.07;
2026;04;20;21;75.15;75.15;
2026;04;20;22;80.00;80.00;
2026;04;20;23;75.94;75.94;
2026;04;20;24;79.97;79.97;
2026;04;20;25;83.00;83.00;
2026;04;20;26;89.87;89.87;
2026;04;20;27;91.00;91.00;
2026;04;20;28;91.50;91.50;
2026;04;20;29;75.43;75.43;
2026;04;20;30;84.90;84.90;
2026;04;20;31;93.10;93.10;
2026;04;20;32;93.96;93.96;
2026;04;20;33;95.10;95.10;
2026;04;20;34;87.19;87.19;
2026;04;20;35;75.30;75.30;
2026;04;20;36;64.60;64.60;
2026;04;20;37;78.20;78.20;
2026;04;20;38;70.78;70.78;
2026;04;20;39;39.17;39.17;
2026;04;20;40;16.47;6.68;
2026;04;20;41;17.75;17.75;
2026;04;20;42;13.24;6.79;
2026;04;20;43;8.47;3.93;
2026;04;20;44;5.01;.84;
2026;04;20;45;13.24;.36;
2026;04;20;46;13.24;-1.00;
2026;04;20;47;13.24;.00;
2026;04;20;48;13.24;-3.00;
2026;04;20;49;13.24;.28;
2026;04;20;50;13.24;-1.00;
2026;04;20;51;13.24;.84;
2026;04;20;52;8.47;-2.49;
2026;04;20;53;8.47;-.67;
2026;04;20;54;8.47;.00;
2026;04;20;55;8.47;.00;
2026;04;20;56;5.00;-3.00;
2026;04;20;57;2.95;.00;
2026;04;20;58;2.00;.00;
2026;04;20;59;2.95;-.39;
2026;04;20;60;2.95;-.96;
2026;04;20;61;4.17;-2.00;
2026;04;20;62;4.17;-.63;
2026;04;20;63;4.17;-3.00;
2026;04;20;64;4.17;-3.50;
2026;04;20;65;6.00;-3.50;
2026;04;20;66;2.00;-3.00;
2026;04;20;67;2.00;-1.00;
2026;04;20;68;2.96;-2.00;
2026;04;20;69;2.95;-.41;
2026;04;20;70;5.51;-.81;
2026;04;20;71;8.47;8.47;
2026;04;20;72;13.24;13.24;
2026;04;20;73;7.10;7.10;
2026;04;20;74;10.00;10.00;
2026;04;20;75;8.47;8.47;
2026;04;20;76;22.52;22.52;
2026;04;20;77;16.47;16.47;
2026;04;20;78;42.00;42.00;
2026;04;20;79;66.50;66.50;
2026;04;20;80;77.00;77.00;
2026;04;20;81;75.20;75.20;
2026;04;20;82;85.80;85.80;
2026;04;20;83;82.73;82.73;
2026;04;20;84;95.98;95.98;
2026;04;20;85;98.27;98.27;
2026;04;20;86;100.43;100.43;
2026;04;20;87;98.96;98.96;
2026;04;20;88;92.60;92.60;
2026;04;20;89;83.12;83.12;
2026;04;20;90;78.10;78.10;
2026;04;20;91;84.04;84.04;
2026;04;20;92;78.92;78.92;
2026;04;20;93;89.24;89.24;
2026;04;20;94;82.73;82.73;
2026;04;20;95;78.72;78.72;
2026;04;20;96;72.94;72.94;
*
