MARGINALPIBC;
2025;03;21;1;0.00;.00;
2025;03;21;2;0.00;.00;
2025;03;21;3;0.00;.00;
2025;03;21;4;0.00;.00;
2025;03;21;5;-0.45;-.45;
2025;03;21;6;-0.45;-.45;
2025;03;21;7;-0.45;-.45;
2025;03;21;8;-3.49;-3.49;
2025;03;21;9;0.00;.00;
2025;03;21;10;0.00;.00;
2025;03;21;11;-0.45;-.45;
2025;03;21;12;-1.81;-1.81;
2025;03;21;13;-0.80;-.80;
2025;03;21;14;-0.80;-.80;
2025;03;21;15;-3.62;-3.62;
2025;03;21;16;-3.62;-3.62;
2025;03;21;17;-1.48;-1.48;
2025;03;21;18;-1.68;-1.68;
2025;03;21;19;-3.62;-3.62;
2025;03;21;20;-3.62;-3.62;
2025;03;21;21;-3.62;-3.62;
2025;03;21;22;-1.30;-1.30;
2025;03;21;23;-3.62;-3.62;
2025;03;21;24;-3.62;-3.62;
2025;03;21;25;-0.45;-.45;
2025;03;21;26;-1.00;-1.00;
2025;03;21;27;-2.14;-2.14;
2025;03;21;28;-1.00;-1.00;
2025;03;21;29;17.00;17.00;
2025;03;21;30;15.46;17.00;
2025;03;21;31;10.46;17.00;
2025;03;21;32;10.46;12.00;
2025;03;21;33;21.60;21.60;
2025;03;21;34;11.66;11.66;
2025;03;21;35;7.00;7.00;
2025;03;21;36;0.01;.01;
2025;03;21;37;4.31;4.31;
2025;03;21;38;3.52;3.52;
2025;03;21;39;0.10;.10;
2025;03;21;40;0.00;.00;
2025;03;21;41;3.52;3.52;
2025;03;21;42;1.00;1.00;
2025;03;21;43;0.00;.00;
2025;03;21;44;0.00;.00;
2025;03;21;45;0.00;.00;
2025;03;21;46;0.00;.00;
2025;03;21;47;0.00;.00;
2025;03;21;48;-3.62;-3.62;
2025;03;21;49;0.00;.00;
2025;03;21;50;0.00;.00;
2025;03;21;51;0.00;.00;
2025;03;21;52;-0.45;-.45;
2025;03;21;53;0.00;.00;
2025;03;21;54;0.00;.00;
2025;03;21;55;0.00;.00;
2025;03;21;56;-0.45;-.45;
2025;03;21;57;0.00;.00;
2025;03;21;58;0.00;.00;
2025;03;21;59;0.00;.00;
2025;03;21;60;0.00;.00;
2025;03;21;61;0.00;.00;
2025;03;21;62;0.00;.00;
2025;03;21;63;0.10;.10;
2025;03;21;64;0.65;.65;
2025;03;21;65;0.68;.68;
2025;03;21;66;0.89;.89;
2025;03;21;67;1.10;1.10;
2025;03;21;68;1.21;1.21;
2025;03;21;69;-0.48;-.48;
2025;03;21;70;0.00;.00;
2025;03;21;71;1.76;1.76;
2025;03;21;72;3.52;3.52;
2025;03;21;73;0.00;.00;
2025;03;21;74;6.07;6.07;
2025;03;21;75;9.50;9.50;
2025;03;21;76;14.50;14.50;
2025;03;21;77;27.75;27.75;
2025;03;21;78;34.00;34.00;
2025;03;21;79;35.00;35.00;
2025;03;21;80;35.00;35.00;
2025;03;21;81;57.89;57.89;
2025;03;21;82;57.89;57.89;
2025;03;21;83;51.63;51.63;
2025;03;21;84;40.00;40.00;
2025;03;21;85;57.89;57.89;
2025;03;21;86;50.71;50.71;
2025;03;21;87;45.00;45.00;
2025;03;21;88;31.29;31.29;
2025;03;21;89;23.00;23.00;
2025;03;21;90;25.42;25.42;
2025;03;21;91;23.00;23.00;
2025;03;21;92;23.00;23.00;
2025;03;21;93;15.00;15.00;
2025;03;21;94;15.00;15.00;
2025;03;21;95;15.00;15.00;
2025;03;21;96;11.21;11.21;
*
