MARGINALPIBC;
2025;01;08;1;81.65;81.65;
2025;01;08;2;74.42;74.42;
2025;01;08;3;64.89;64.89;
2025;01;08;4;54.99;54.99;
2025;01;08;5;61.51;61.51;
2025;01;08;6;85.18;85.18;
2025;01;08;7;97.41;97.41;
2025;01;08;8;121.39;121.39;
2025;01;08;9;133.96;133.96;
2025;01;08;10;127.12;127.12;
2025;01;08;11;111.80;111.80;
2025;01;08;12;105.19;105.19;
2025;01;08;13;99.97;99.97;
2025;01;08;14;94.60;94.60;
2025;01;08;15;91.71;91.71;
2025;01;08;16;90.01;90.01;
2025;01;08;17;107.48;107.48;
2025;01;08;18;113.86;113.86;
2025;01;08;19;118.50;118.50;
2025;01;08;20;127.00;127.00;
2025;01;08;21;121.81;121.81;
2025;01;08;22;110.66;110.66;
2025;01;08;23;110.90;110.90;
2025;01;08;24;98.77;98.77;
*
