MARGINALPIBC;
2025;07;08;1;83.85;83.85;
2025;07;08;2;76.58;76.58;
2025;07;08;3;60.00;60.00;
2025;07;08;4;60.00;60.00;
2025;07;08;5;60.40;60.40;
2025;07;08;6;60.00;60.00;
2025;07;08;7;60.00;60.00;
2025;07;08;8;59.40;59.40;
2025;07;08;9;59.30;59.30;
2025;07;08;10;50.00;50.00;
2025;07;08;11;48.00;48.00;
2025;07;08;12;47.00;47.00;
2025;07;08;13;38.60;38.60;
2025;07;08;14;35.10;35.10;
2025;07;08;15;35.10;35.10;
2025;07;08;16;34.10;34.10;
2025;07;08;17;33.10;33.10;
2025;07;08;18;32.10;32.10;
2025;07;08;19;32.10;32.10;
2025;07;08;20;34.73;34.73;
2025;07;08;21;25.95;25.95;
2025;07;08;22;27.10;27.10;
2025;07;08;23;27.12;27.12;
2025;07;08;24;30.60;30.60;
2025;07;08;25;40.73;40.73;
2025;07;08;26;57.73;57.73;
2025;07;08;27;60.00;60.00;
2025;07;08;28;60.00;60.00;
2025;07;08;29;60.00;60.00;
2025;07;08;30;60.00;60.00;
2025;07;08;31;60.00;60.00;
2025;07;08;32;60.00;60.00;
2025;07;08;33;60.00;60.00;
2025;07;08;34;60.00;60.00;
2025;07;08;35;54.94;54.94;
2025;07;08;36;27.12;27.12;
2025;07;08;37;43.00;43.00;
2025;07;08;38;21.01;21.01;
2025;07;08;39;11.46;11.46;
2025;07;08;40;0.51;.51;
2025;07;08;41;4.46;4.46;
2025;07;08;42;4.31;4.31;
2025;07;08;43;1.31;1.31;
2025;07;08;44;1.14;1.14;
2025;07;08;45;1.72;1.72;
2025;07;08;46;1.14;1.14;
2025;07;08;47;0.00;.00;
2025;07;08;48;0.00;.00;
2025;07;08;49;1.14;1.14;
2025;07;08;50;0.58;.58;
2025;07;08;51;1.14;1.14;
2025;07;08;52;1.14;1.14;
2025;07;08;53;1.14;1.14;
2025;07;08;54;2.49;2.49;
2025;07;08;55;2.99;2.99;
2025;07;08;56;2.99;2.99;
2025;07;08;57;1.14;1.14;
2025;07;08;58;2.61;2.61;
2025;07;08;59;3.52;3.52;
2025;07;08;60;3.52;3.52;
2025;07;08;61;3.08;3.08;
2025;07;08;62;3.52;3.52;
2025;07;08;63;4.31;3.52;
2025;07;08;64;4.31;3.52;
2025;07;08;65;3.21;3.21;
2025;07;08;66;4.50;4.50;
2025;07;08;67;11.48;5.00;
2025;07;08;68;10.79;5.11;
2025;07;08;69;16.10;16.10;
2025;07;08;70;17.09;17.09;
2025;07;08;71;20.78;20.78;
2025;07;08;72;27.45;27.45;
2025;07;08;73;31.42;31.21;
2025;07;08;74;45.73;45.00;
2025;07;08;75;50.12;50.00;
2025;07;08;76;66.94;66.94;
2025;07;08;77;30.39;30.39;
2025;07;08;78;46.87;46.87;
2025;07;08;79;76.34;76.34;
2025;07;08;80;87.96;87.96;
2025;07;08;81;74.49;74.49;
2025;07;08;82;87.32;87.32;
2025;07;08;83;94.60;94.60;
2025;07;08;84;104.50;104.50;
2025;07;08;85;92.40;92.40;
2025;07;08;86;94.55;94.55;
2025;07;08;87;93.58;93.58;
2025;07;08;88;91.87;91.87;
2025;07;08;89;102.63;102.63;
2025;07;08;90;95.51;95.51;
2025;07;08;91;94.63;94.63;
2025;07;08;92;89.78;89.78;
2025;07;08;93;98.07;98.07;
2025;07;08;94;89.57;89.57;
2025;07;08;95;87.17;87.17;
2025;07;08;96;85.62;85.62;
*
