MARGINALPIBC;
2025;01;23;1;120.01;120.01;
2025;01;23;2;118.17;118.17;
2025;01;23;3;113.70;113.70;
2025;01;23;4;112.00;112.00;
2025;01;23;5;110.97;110.97;
2025;01;23;6;112.15;112.15;
2025;01;23;7;123.65;123.65;
2025;01;23;8;139.18;139.18;
2025;01;23;9;159.34;159.34;
2025;01;23;10;156.26;156.26;
2025;01;23;11;145.32;145.32;
2025;01;23;12;137.28;137.28;
2025;01;23;13;130.32;130.32;
2025;01;23;14;119.00;119.00;
2025;01;23;15;115.32;115.32;
2025;01;23;16;118.54;118.54;
2025;01;23;17;127.72;127.72;
2025;01;23;18;147.32;147.32;
2025;01;23;19;160.00;160.00;
2025;01;23;20;193.06;193.06;
2025;01;23;21;181.92;181.92;
2025;01;23;22;153.17;153.17;
2025;01;23;23;141.60;141.60;
2025;01;23;24;118.81;118.81;
*
