MARGINALPIBC;
2025;12;01;1;82.93;82.93;
2025;12;01;2;82.56;82.56;
2025;12;01;3;79.60;79.60;
2025;12;01;4;75.00;75.00;
2025;12;01;5;79.60;79.60;
2025;12;01;6;80.21;80.21;
2025;12;01;7;80.00;80.00;
2025;12;01;8;79.38;79.38;
2025;12;01;9;78.60;78.60;
2025;12;01;10;76.50;76.50;
2025;12;01;11;76.50;76.50;
2025;12;01;12;76.00;76.00;
2025;12;01;13;73.83;73.83;
2025;12;01;14;75.20;75.20;
2025;12;01;15;74.11;74.11;
2025;12;01;16;76.72;76.72;
2025;12;01;17;79.00;79.00;
2025;12;01;18;79.00;79.00;
2025;12;01;19;73.57;73.57;
2025;12;01;20;71.73;71.73;
2025;12;01;21;74.06;74.06;
2025;12;01;22;78.15;78.15;
2025;12;01;23;80.14;80.14;
2025;12;01;24;82.03;82.03;
2025;12;01;25;81.68;81.68;
2025;12;01;26;83.98;83.98;
2025;12;01;27;84.83;84.83;
2025;12;01;28;86.50;86.50;
2025;12;01;29;86.98;86.98;
2025;12;01;30;88.43;88.43;
2025;12;01;31;90.51;90.51;
2025;12;01;32;92.43;92.43;
2025;12;01;33;95.85;95.85;
2025;12;01;34;92.95;92.95;
2025;12;01;35;90.05;90.05;
2025;12;01;36;88.16;88.16;
2025;12;01;37;100.64;100.64;
2025;12;01;38;90.00;90.00;
2025;12;01;39;84.92;84.92;
2025;12;01;40;75.28;75.28;
2025;12;01;41;80.45;80.45;
2025;12;01;42;72.98;72.98;
2025;12;01;43;65.14;65.14;
2025;12;01;44;62.59;62.50;
2025;12;01;45;73.50;73.50;
2025;12;01;46;66.41;66.41;
2025;12;01;47;66.90;66.90;
2025;12;01;48;66.41;66.41;
2025;12;01;49;70.35;70.35;
2025;12;01;50;68.29;65.42;
2025;12;01;51;68.29;65.51;
2025;12;01;52;68.29;64.34;
2025;12;01;53;72.71;61.09;
2025;12;01;54;72.71;60.39;
2025;12;01;55;74.00;59.00;
2025;12;01;56;69.81;61.80;
2025;12;01;57;68.29;62.95;
2025;12;01;58;68.29;63.14;
2025;12;01;59;68.29;63.21;
2025;12;01;60;68.29;68.29;
2025;12;01;61;68.29;65.38;
2025;12;01;62;68.29;66.50;
2025;12;01;63;68.29;68.29;
2025;12;01;64;74.52;74.52;
2025;12;01;65;70.55;70.55;
2025;12;01;66;81.56;81.56;
2025;12;01;67;83.92;83.92;
2025;12;01;68;88.72;88.72;
2025;12;01;69;88.58;88.58;
2025;12;01;70;92.96;92.96;
2025;12;01;71;99.18;99.18;
2025;12;01;72;90.56;90.56;
2025;12;01;73;90.09;90.09;
2025;12;01;74;92.46;92.46;
2025;12;01;75;92.64;92.64;
2025;12;01;76;93.41;93.41;
2025;12;01;77;94.01;94.01;
2025;12;01;78;94.78;94.78;
2025;12;01;79;95.94;95.94;
2025;12;01;80;95.84;95.84;
2025;12;01;81;99.85;99.85;
2025;12;01;82;111.16;111.16;
2025;12;01;83;105.41;105.41;
2025;12;01;84;97.04;97.04;
2025;12;01;85;129.01;129.01;
2025;12;01;86;105.56;105.56;
2025;12;01;87;99.93;99.93;
2025;12;01;88;93.71;93.71;
2025;12;01;89;90.56;95.21;
2025;12;01;90;89.53;89.53;
2025;12;01;91;92.27;92.27;
2025;12;01;92;90.51;90.51;
2025;12;01;93;88.43;91.88;
2025;12;01;94;90.23;90.23;
2025;12;01;95;88.58;88.58;
2025;12;01;96;85.00;85.00;
*
