MARGINALPIBC;
2025;11;08;1;80.68;80.68;
2025;11;08;2;74.59;74.59;
2025;11;08;3;63.64;63.64;
2025;11;08;4;51.44;51.44;
2025;11;08;5;63.67;63.67;
2025;11;08;6;54.00;54.00;
2025;11;08;7;56.30;56.30;
2025;11;08;8;51.43;51.43;
2025;11;08;9;56.91;56.91;
2025;11;08;10;51.07;51.07;
2025;11;08;11;50.94;50.94;
2025;11;08;12;50.00;50.00;
2025;11;08;13;50.81;50.81;
2025;11;08;14;50.01;50.01;
2025;11;08;15;49.57;49.57;
2025;11;08;16;40.63;40.63;
2025;11;08;17;42.15;42.15;
2025;11;08;18;36.00;36.00;
2025;11;08;19;38.28;38.28;
2025;11;08;20;38.37;38.37;
2025;11;08;21;38.06;38.06;
2025;11;08;22;38.60;38.60;
2025;11;08;23;38.50;38.50;
2025;11;08;24;44.84;44.84;
2025;11;08;25;44.04;44.04;
2025;11;08;26;48.00;48.00;
2025;11;08;27;53.90;53.90;
2025;11;08;28;55.66;55.66;
2025;11;08;29;55.68;55.68;
2025;11;08;30;55.97;55.97;
2025;11;08;31;56.11;56.11;
2025;11;08;32;56.04;56.04;
2025;11;08;33;56.22;56.22;
2025;11;08;34;55.68;55.68;
2025;11;08;35;54.00;54.00;
2025;11;08;36;33.00;33.00;
2025;11;08;37;25.01;25.01;
2025;11;08;38;12.88;12.88;
2025;11;08;39;5.64;3.52;
2025;11;08;40;3.52;3.52;
2025;11;08;41;5.99;.65;
2025;11;08;42;5.48;.65;
2025;11;08;43;5.48;.00;
2025;11;08;44;4.31;.00;
2025;11;08;45;12.17;.00;
2025;11;08;46;12.17;.00;
2025;11;08;47;10.28;.00;
2025;11;08;48;10.28;.00;
2025;11;08;49;13.47;.00;
2025;11;08;50;17.11;.00;
2025;11;08;51;22.12;.00;
2025;11;08;52;22.12;.00;
2025;11;08;53;22.12;.00;
2025;11;08;54;22.45;.00;
2025;11;08;55;27.29;.00;
2025;11;08;56;26.23;.00;
2025;11;08;57;12.12;.00;
2025;11;08;58;12.12;.00;
2025;11;08;59;12.12;.00;
2025;11;08;60;12.12;.00;
2025;11;08;61;12.12;.00;
2025;11;08;62;12.12;.00;
2025;11;08;63;12.12;.00;
2025;11;08;64;12.12;.00;
2025;11;08;65;17.11;.65;
2025;11;08;66;17.99;3.52;
2025;11;08;67;20.00;8.52;
2025;11;08;68;44.00;44.00;
2025;11;08;69;56.22;56.22;
2025;11;08;70;71.36;71.36;
2025;11;08;71;79.59;79.59;
2025;11;08;72;84.83;84.83;
2025;11;08;73;83.95;83.95;
2025;11;08;74;87.66;87.66;
2025;11;08;75;90.91;90.91;
2025;11;08;76;93.75;93.75;
2025;11;08;77;88.43;88.43;
2025;11;08;78;89.63;89.63;
2025;11;08;79;89.63;89.63;
2025;11;08;80;87.12;87.12;
2025;11;08;81;88.55;88.55;
2025;11;08;82;87.35;87.35;
2025;11;08;83;86.50;86.50;
2025;11;08;84;85.55;85.55;
2025;11;08;85;89.32;89.32;
2025;11;08;86;89.63;89.63;
2025;11;08;87;89.32;89.32;
2025;11;08;88;88.20;88.20;
2025;11;08;89;88.04;88.04;
2025;11;08;90;87.38;87.38;
2025;11;08;91;88.02;88.02;
2025;11;08;92;86.82;86.82;
2025;11;08;93;84.06;84.06;
2025;11;08;94;81.15;81.15;
2025;11;08;95;81.95;81.95;
2025;11;08;96;78.67;78.67;
*
