MARGINALPIBC;
2026;05;17;1;98.83;98.83;
2026;05;17;2;95.49;95.49;
2026;05;17;3;88.01;88.01;
2026;05;17;4;84.64;84.64;
2026;05;17;5;89.07;89.07;
2026;05;17;6;85.18;85.18;
2026;05;17;7;83.84;83.84;
2026;05;17;8;78.61;78.61;
2026;05;17;9;81.54;81.54;
2026;05;17;10;70.10;70.10;
2026;05;17;11;68.58;68.58;
2026;05;17;12;64.20;64.20;
2026;05;17;13;65.17;65.17;
2026;05;17;14;59.56;59.56;
2026;05;17;15;63.14;63.14;
2026;05;17;16;55.64;55.64;
2026;05;17;17;65.98;65.98;
2026;05;17;18;65.00;65.00;
2026;05;17;19;64.62;64.62;
2026;05;17;20;65.38;65.38;
2026;05;17;21;65.01;65.01;
2026;05;17;22;66.40;66.40;
2026;05;17;23;65.44;65.44;
2026;05;17;24;65.96;65.96;
2026;05;17;25;58.96;58.96;
2026;05;17;26;62.67;62.67;
2026;05;17;27;63.56;63.56;
2026;05;17;28;61.00;61.00;
2026;05;17;29;58.73;58.73;
2026;05;17;30;53.21;53.21;
2026;05;17;31;47.10;47.10;
2026;05;17;32;37.19;37.19;
2026;05;17;33;71.15;71.15;
2026;05;17;34;54.99;54.99;
2026;05;17;35;35.48;35.48;
2026;05;17;36;12.42;12.42;
2026;05;17;37;20.43;20.43;
2026;05;17;38;13.10;13.10;
2026;05;17;39;12.80;12.80;
2026;05;17;40;10.10;10.10;
2026;05;17;41;11.89;11.89;
2026;05;17;42;10.74;10.74;
2026;05;17;43;6.91;6.91;
2026;05;17;44;4.16;4.16;
2026;05;17;45;3.30;3.30;
2026;05;17;46;3.00;3.00;
2026;05;17;47;2.00;2.00;
2026;05;17;48;1.00;1.00;
2026;05;17;49;2.00;2.00;
2026;05;17;50;2.20;2.00;
2026;05;17;51;3.00;1.50;
2026;05;17;52;3.00;1.78;
2026;05;17;53;3.00;.84;
2026;05;17;54;3.30;.84;
2026;05;17;55;3.00;.84;
2026;05;17;56;2.95;.00;
2026;05;17;57;2.20;.84;
2026;05;17;58;2.00;.84;
2026;05;17;59;0.84;.84;
2026;05;17;60;0.50;.50;
2026;05;17;61;0.50;.00;
2026;05;17;62;0.50;.00;
2026;05;17;63;0.14;.01;
2026;05;17;64;0.14;.14;
2026;05;17;65;0.50;.00;
2026;05;17;66;0.50;.16;
2026;05;17;67;0.84;.84;
2026;05;17;68;0.84;.84;
2026;05;17;69;0.84;.84;
2026;05;17;70;0.84;.84;
2026;05;17;71;2.00;2.00;
2026;05;17;72;3.30;3.30;
2026;05;17;73;5.41;5.41;
2026;05;17;74;10.74;10.74;
2026;05;17;75;13.70;13.70;
2026;05;17;76;36.55;36.55;
2026;05;17;77;20.00;20.00;
2026;05;17;78;29.17;29.17;
2026;05;17;79;41.37;41.37;
2026;05;17;80;72.70;72.70;
2026;05;17;81;70.50;70.50;
2026;05;17;82;90.10;90.10;
2026;05;17;83;90.95;107.00;
2026;05;17;84;102.73;115.00;
2026;05;17;85;102.73;115.79;
2026;05;17;86;108.70;117.01;
2026;05;17;87;111.65;117.85;
2026;05;17;88;109.82;116.02;
2026;05;17;89;115.00;117.48;
2026;05;17;90;114.00;116.68;
2026;05;17;91;114.47;118.18;
2026;05;17;92;110.15;116.35;
2026;05;17;93;110.15;115.18;
2026;05;17;94;103.00;110.00;
2026;05;17;95;100.74;109.58;
2026;05;17;96;93.75;95.41;
*
