MARGINALPIBC;
2025;05;11;1;16.97;16.97;
2025;05;11;2;14.03;14.03;
2025;05;11;3;9.89;9.89;
2025;05;11;4;7.29;7.29;
2025;05;11;5;12.35;12.35;
2025;05;11;6;12.35;12.35;
2025;05;11;7;11.12;11.12;
2025;05;11;8;6.12;6.12;
2025;05;11;9;11.90;11.90;
2025;05;11;10;6.99;6.99;
2025;05;11;11;6.89;6.89;
2025;05;11;12;5.89;5.89;
2025;05;11;13;4.36;4.36;
2025;05;11;14;4.06;4.06;
2025;05;11;15;3.96;3.96;
2025;05;11;16;3.91;3.91;
2025;05;11;17;3.60;3.60;
2025;05;11;18;3.60;3.60;
2025;05;11;19;3.60;3.60;
2025;05;11;20;3.60;3.60;
2025;05;11;21;4.00;4.00;
2025;05;11;22;4.00;4.00;
2025;05;11;23;4.00;4.00;
2025;05;11;24;4.10;4.10;
2025;05;11;25;6.00;6.00;
2025;05;11;26;6.00;6.00;
2025;05;11;27;6.00;6.00;
2025;05;11;28;6.00;6.00;
2025;05;11;29;10.59;10.59;
2025;05;11;30;6.47;6.47;
2025;05;11;31;4.88;4.88;
2025;05;11;32;2.52;2.52;
2025;05;11;33;10.59;10.59;
2025;05;11;34;3.52;3.52;
2025;05;11;35;2.10;-3.62;
2025;05;11;36;2.10;-15.12;
2025;05;11;37;2.00;.00;
2025;05;11;38;2.00;-.09;
2025;05;11;39;2.00;-8.00;
2025;05;11;40;2.00;-20.00;
2025;05;11;41;2.00;-5.00;
2025;05;11;42;2.10;-12.00;
2025;05;11;43;2.00;-26.00;
2025;05;11;44;2.00;-37.90;
2025;05;11;45;2.81;-19.69;
2025;05;11;46;2.81;-28.00;
2025;05;11;47;2.81;-30.00;
2025;05;11;48;2.81;-30.00;
2025;05;11;49;2.81;-19.91;
2025;05;11;50;2.81;-24.01;
2025;05;11;51;2.81;-24.01;
2025;05;11;52;2.81;-21.00;
2025;05;11;53;2.81;-30.00;
2025;05;11;54;2.81;-30.00;
2025;05;11;55;2.81;-30.00;
2025;05;11;56;2.81;-30.00;
2025;05;11;57;4.31;-28.00;
2025;05;11;58;0.00;-28.00;
2025;05;11;59;0.00;-30.00;
2025;05;11;60;0.00;-30.00;
2025;05;11;61;1.50;-28.00;
2025;05;11;62;1.25;-30.00;
2025;05;11;63;1.00;-32.00;
2025;05;11;64;-2.35;-30.00;
2025;05;11;65;0.00;-33.00;
2025;05;11;66;0.00;-25.00;
2025;05;11;67;-2.35;-16.70;
2025;05;11;68;-5.00;-10.00;
2025;05;11;69;0.00;-23.50;
2025;05;11;70;-2.35;-11.62;
2025;05;11;71;-2.00;-8.00;
2025;05;11;72;0.00;-5.80;
2025;05;11;73;0.00;-8.00;
2025;05;11;74;1.00;-3.62;
2025;05;11;75;1.50;-1.54;
2025;05;11;76;0.76;-.55;
2025;05;11;77;-5.00;-17.00;
2025;05;11;78;1.29;-10.00;
2025;05;11;79;4.31;.65;
2025;05;11;80;10.59;3.52;
2025;05;11;81;-5.80;-5.80;
2025;05;11;82;-0.09;-.09;
2025;05;11;83;12.35;12.35;
2025;05;11;84;18.43;18.43;
2025;05;11;85;28.00;28.00;
2025;05;11;86;37.01;37.01;
2025;05;11;87;42.01;42.01;
2025;05;11;88;37.01;37.01;
2025;05;11;89;40.57;40.57;
2025;05;11;90;37.01;37.01;
2025;05;11;91;37.01;37.01;
2025;05;11;92;35.01;35.01;
2025;05;11;93;30.28;30.28;
2025;05;11;94;25.60;25.60;
2025;05;11;95;20.00;20.00;
2025;05;11;96;15.28;15.28;
*
