MARGINALPIBC;
2025;01;22;1;123.50;123.50;
2025;01;22;2;116.32;116.32;
2025;01;22;3;114.35;114.35;
2025;01;22;4;110.00;110.00;
2025;01;22;5;108.60;108.60;
2025;01;22;6;112.20;112.20;
2025;01;22;7;117.08;117.08;
2025;01;22;8;139.34;139.34;
2025;01;22;9;152.99;152.99;
2025;01;22;10;152.19;152.19;
2025;01;22;11;144.28;144.28;
2025;01;22;12;133.01;133.01;
2025;01;22;13;128.62;128.62;
2025;01;22;14;124.14;124.14;
2025;01;22;15;123.99;123.99;
2025;01;22;16;128.85;128.85;
2025;01;22;17;139.57;139.57;
2025;01;22;18;151.09;151.09;
2025;01;22;19;159.50;159.50;
2025;01;22;20;162.72;164.72;
2025;01;22;21;152.82;152.82;
2025;01;22;22;151.56;151.56;
2025;01;22;23;140.01;140.01;
2025;01;22;24;131.87;131.87;
*
