MARGINALPIBC;
2026;05;11;1;63.99;63.99;
2026;05;11;2;60.36;60.36;
2026;05;11;3;59.78;59.78;
2026;05;11;4;59.30;59.30;
2026;05;11;5;59.52;59.52;
2026;05;11;6;59.30;59.30;
2026;05;11;7;58.78;58.78;
2026;05;11;8;57.20;57.20;
2026;05;11;9;58.78;58.78;
2026;05;11;10;57.20;57.20;
2026;05;11;11;57.20;57.20;
2026;05;11;12;51.05;51.05;
2026;05;11;13;56.18;56.18;
2026;05;11;14;54.71;54.71;
2026;05;11;15;50.91;50.91;
2026;05;11;16;50.46;50.46;
2026;05;11;17;36.21;36.21;
2026;05;11;18;39.82;39.82;
2026;05;11;19;40.82;40.82;
2026;05;11;20;48.34;48.34;
2026;05;11;21;56.03;56.03;
2026;05;11;22;57.20;57.20;
2026;05;11;23;58.30;58.30;
2026;05;11;24;57.25;57.25;
2026;05;11;25;59.30;59.30;
2026;05;11;26;60.26;60.26;
2026;05;11;27;61.94;61.94;
2026;05;11;28;67.00;67.00;
2026;05;11;29;91.69;91.69;
2026;05;11;30;99.68;99.68;
2026;05;11;31;96.20;96.20;
2026;05;11;32;88.06;88.06;
2026;05;11;33;98.41;98.41;
2026;05;11;34;74.31;74.31;
2026;05;11;35;61.94;61.94;
2026;05;11;36;52.60;52.60;
2026;05;11;37;61.94;61.94;
2026;05;11;38;37.30;37.30;
2026;05;11;39;32.00;32.00;
2026;05;11;40;23.99;23.99;
2026;05;11;41;28.25;28.25;
2026;05;11;42;23.36;23.36;
2026;05;11;43;21.38;21.38;
2026;05;11;44;15.98;15.98;
2026;05;11;45;11.10;10.00;
2026;05;11;46;10.00;5.41;
2026;05;11;47;8.18;5.41;
2026;05;11;48;7.60;3.08;
2026;05;11;49;10.49;5.41;
2026;05;11;50;8.18;5.28;
2026;05;11;51;8.10;3.20;
2026;05;11;52;7.60;3.50;
2026;05;11;53;6.60;1.50;
2026;05;11;54;6.35;1.25;
2026;05;11;55;6.35;1.25;
2026;05;11;56;6.20;1.10;
2026;05;11;57;6.60;1.60;
2026;05;11;58;6.53;1.43;
2026;05;11;59;6.20;1.10;
2026;05;11;60;6.20;1.00;
2026;05;11;61;5.84;.84;
2026;05;11;62;5.94;.84;
2026;05;11;63;5.61;.00;
2026;05;11;64;3.71;-.01;
2026;05;11;65;3.21;-.01;
2026;05;11;66;4.00;-.04;
2026;05;11;67;4.92;-.01;
2026;05;11;68;5.51;-.01;
2026;05;11;69;5.94;-.17;
2026;05;11;70;5.94;-.01;
2026;05;11;71;6.20;1.10;
2026;05;11;72;7.10;3.08;
2026;05;11;73;7.10;7.10;
2026;05;11;74;23.75;23.75;
2026;05;11;75;30.49;30.49;
2026;05;11;76;47.00;47.00;
2026;05;11;77;28.00;28.00;
2026;05;11;78;44.00;44.00;
2026;05;11;79;70.26;70.26;
2026;05;11;80;100.54;100.54;
2026;05;11;81;100.01;100.01;
2026;05;11;82;107.80;107.80;
2026;05;11;83;119.17;119.17;
2026;05;11;84;127.99;127.99;
2026;05;11;85;124.80;124.80;
2026;05;11;86;170.65;170.65;
2026;05;11;87;185.65;185.65;
2026;05;11;88;170.47;170.47;
2026;05;11;89;126.05;126.05;
2026;05;11;90;120.33;120.33;
2026;05;11;91;118.92;118.92;
2026;05;11;92;114.82;114.82;
2026;05;11;93;116.61;116.61;
2026;05;11;94;110.53;110.53;
2026;05;11;95;106.85;106.85;
2026;05;11;96;101.05;101.05;
*
