MARGINALPIBC;
2025;05;12;1;15.30;15.30;
2025;05;12;2;15.10;15.10;
2025;05;12;3;6.30;6.30;
2025;05;12;4;0.30;.30;
2025;05;12;5;12.88;12.88;
2025;05;12;6;5.88;5.88;
2025;05;12;7;5.88;5.88;
2025;05;12;8;4.88;4.88;
2025;05;12;9;15.70;15.70;
2025;05;12;10;10.70;10.70;
2025;05;12;11;8.70;8.70;
2025;05;12;12;6.69;6.69;
2025;05;12;13;7.01;7.01;
2025;05;12;14;6.30;6.30;
2025;05;12;15;6.30;6.30;
2025;05;12;16;6.30;6.30;
2025;05;12;17;-1.00;-1.00;
2025;05;12;18;0.00;.00;
2025;05;12;19;4.00;4.00;
2025;05;12;20;10.98;10.98;
2025;05;12;21;5.30;5.30;
2025;05;12;22;6.30;6.30;
2025;05;12;23;8.30;8.30;
2025;05;12;24;15.30;15.30;
2025;05;12;25;11.23;11.23;
2025;05;12;26;14.34;14.34;
2025;05;12;27;20.34;20.34;
2025;05;12;28;22.34;22.34;
2025;05;12;29;33.01;33.01;
2025;05;12;30;35.01;35.01;
2025;05;12;31;35.01;35.01;
2025;05;12;32;32.01;32.01;
2025;05;12;33;43.10;43.10;
2025;05;12;34;35.99;35.99;
2025;05;12;35;17.10;17.10;
2025;05;12;36;4.21;4.21;
2025;05;12;37;35.99;35.99;
2025;05;12;38;29.58;15.30;
2025;05;12;39;14.08;-1.00;
2025;05;12;40;14.08;-5.09;
2025;05;12;41;14.88;.00;
2025;05;12;42;14.88;-.01;
2025;05;12;43;9.88;-.89;
2025;05;12;44;5.88;-.90;
2025;05;12;45;15.89;-1.54;
2025;05;12;46;6.74;-1.54;
2025;05;12;47;6.74;-2.62;
2025;05;12;48;4.31;-3.00;
2025;05;12;49;15.89;-1.54;
2025;05;12;50;15.89;-1.54;
2025;05;12;51;7.00;-1.54;
2025;05;12;52;3.00;-1.54;
2025;05;12;53;20.76;-3.00;
2025;05;12;54;15.89;-1.54;
2025;05;12;55;0.76;-3.00;
2025;05;12;56;0.76;-2.74;
2025;05;12;57;19.58;-3.80;
2025;05;12;58;17.08;-3.00;
2025;05;12;59;14.43;-3.80;
2025;05;12;60;14.43;-3.50;
2025;05;12;61;25.00;-1.54;
2025;05;12;62;30.58;-1.54;
2025;05;12;63;11.63;-1.54;
2025;05;12;64;9.58;-1.54;
2025;05;12;65;19.58;-1.59;
2025;05;12;66;19.58;-1.54;
2025;05;12;67;19.58;-1.54;
2025;05;12;68;12.58;-1.54;
2025;05;12;69;19.58;-1.54;
2025;05;12;70;19.58;-1.54;
2025;05;12;71;32.73;-1.54;
2025;05;12;72;30.58;-.84;
2025;05;12;73;5.58;-5.00;
2025;05;12;74;5.58;.00;
2025;05;12;75;35.99;3.52;
2025;05;12;76;35.99;5.00;
2025;05;12;77;-4.34;-4.34;
2025;05;12;78;0.30;.30;
2025;05;12;79;26.30;26.30;
2025;05;12;80;40.12;40.12;
2025;05;12;81;29.90;29.90;
2025;05;12;82;46.81;53.60;
2025;05;12;83;63.92;83.95;
2025;05;12;84;66.81;88.55;
2025;05;12;85;112.96;112.96;
2025;05;12;86;113.90;113.90;
2025;05;12;87;113.03;113.03;
2025;05;12;88;108.23;108.23;
2025;05;12;89;100.75;100.75;
2025;05;12;90;96.84;96.84;
2025;05;12;91;95.68;95.68;
2025;05;12;92;93.75;93.75;
2025;05;12;93;74.44;78.26;
2025;05;12;94;70.44;70.44;
2025;05;12;95;62.45;62.45;
2025;05;12;96;40.00;54.45;
*
