MARGINALPIBC;
2026;01;29;1;11.82;11.82;
2026;01;29;2;8.34;8.34;
2026;01;29;3;7.96;7.96;
2026;01;29;4;7.72;7.72;
2026;01;29;5;7.96;7.96;
2026;01;29;6;7.58;7.58;
2026;01;29;7;7.00;7.00;
2026;01;29;8;6.53;6.53;
2026;01;29;9;3.20;3.20;
2026;01;29;10;2.18;2.18;
2026;01;29;11;1.55;1.55;
2026;01;29;12;2.01;2.01;
2026;01;29;13;0.10;2.94;
2026;01;29;14;0.10;2.74;
2026;01;29;15;0.10;2.01;
2026;01;29;16;0.10;2.01;
2026;01;29;17;0.10;.91;
2026;01;29;18;0.10;.90;
2026;01;29;19;0.10;.91;
2026;01;29;20;0.10;1.00;
2026;01;29;21;0.10;.91;
2026;01;29;22;0.10;1.00;
2026;01;29;23;0.10;4.57;
2026;01;29;24;0.10;7.58;
2026;01;29;25;0.10;7.58;
2026;01;29;26;0.10;7.58;
2026;01;29;27;0.10;7.96;
2026;01;29;28;0.10;8.34;
2026;01;29;29;0.10;40.01;
2026;01;29;30;0.10;56.48;
2026;01;29;31;0.10;68.77;
2026;01;29;32;3.00;86.49;
2026;01;29;33;4.06;40.02;
2026;01;29;34;4.16;55.00;
2026;01;29;35;18.00;71.15;
2026;01;29;36;21.00;79.50;
2026;01;29;37;11.20;99.00;
2026;01;29;38;12.00;85.01;
2026;01;29;39;12.78;77.00;
2026;01;29;40;13.00;43.65;
2026;01;29;41;14.36;75.00;
2026;01;29;42;3.81;47.37;
2026;01;29;43;23.68;34.36;
2026;01;29;44;26.30;26.30;
2026;01;29;45;29.71;39.56;
2026;01;29;46;32.78;32.78;
2026;01;29;47;30.97;30.97;
2026;01;29;48;29.16;29.16;
2026;01;29;49;29.89;29.89;
2026;01;29;50;25.72;25.72;
2026;01;29;51;23.55;23.55;
2026;01;29;52;21.82;21.82;
2026;01;29;53;24.11;24.11;
2026;01;29;54;23.68;23.68;
2026;01;29;55;23.19;23.19;
2026;01;29;56;20.90;20.90;
2026;01;29;57;14.39;14.39;
2026;01;29;58;15.00;15.00;
2026;01;29;59;14.28;14.28;
2026;01;29;60;13.78;13.78;
2026;01;29;61;11.80;11.80;
2026;01;29;62;12.03;12.03;
2026;01;29;63;13.22;13.22;
2026;01;29;64;13.56;13.56;
2026;01;29;65;8.60;8.60;
2026;01;29;66;11.82;11.82;
2026;01;29;67;20.70;20.70;
2026;01;29;68;23.86;23.86;
2026;01;29;69;8.83;8.83;
2026;01;29;70;14.18;14.18;
2026;01;29;71;14.36;25.79;
2026;01;29;72;14.37;35.01;
2026;01;29;73;14.36;39.02;
2026;01;29;74;14.37;40.42;
2026;01;29;75;13.00;54.77;
2026;01;29;76;13.94;61.07;
2026;01;29;77;14.00;40.01;
2026;01;29;78;14.00;40.02;
2026;01;29;79;15.00;40.02;
2026;01;29;80;15.00;40.02;
2026;01;29;81;34.36;40.02;
2026;01;29;82;34.36;40.02;
2026;01;29;83;35.94;40.02;
2026;01;29;84;35.94;39.03;
2026;01;29;85;35.94;40.02;
2026;01;29;86;35.94;35.94;
2026;01;29;87;33.13;33.13;
2026;01;29;88;17.26;17.26;
2026;01;29;89;26.59;26.59;
2026;01;29;90;20.87;20.87;
2026;01;29;91;16.36;16.36;
2026;01;29;92;13.45;13.45;
2026;01;29;93;15.91;15.91;
2026;01;29;94;8.32;8.32;
2026;01;29;95;5.37;5.37;
2026;01;29;96;4.00;4.00;
*
