MARGINALPIBC;
2026;02;03;1;0.06;1.72;
2026;02;03;2;0.05;.90;
2026;02;03;3;0.05;.90;
2026;02;03;4;0.01;.11;
2026;02;03;5;0.20;.20;
2026;02;03;6;0.11;.11;
2026;02;03;7;0.01;.01;
2026;02;03;8;0.00;.00;
2026;02;03;9;0.00;.00;
2026;02;03;10;0.00;.00;
2026;02;03;11;0.00;.00;
2026;02;03;12;0.00;.00;
2026;02;03;13;0.00;.00;
2026;02;03;14;0.00;.00;
2026;02;03;15;0.00;.00;
2026;02;03;16;0.00;.00;
2026;02;03;17;0.00;.00;
2026;02;03;18;0.00;.00;
2026;02;03;19;0.01;.01;
2026;02;03;20;0.01;.01;
2026;02;03;21;0.01;.50;
2026;02;03;22;0.01;.90;
2026;02;03;23;-0.10;.91;
2026;02;03;24;-0.10;1.98;
2026;02;03;25;-0.20;3.78;
2026;02;03;26;-0.20;3.78;
2026;02;03;27;-0.20;13.31;
2026;02;03;28;-0.20;23.10;
2026;02;03;29;0.00;35.52;
2026;02;03;30;0.00;67.21;
2026;02;03;31;0.00;70.00;
2026;02;03;32;0.00;92.75;
2026;02;03;33;0.05;96.50;
2026;02;03;34;0.05;98.95;
2026;02;03;35;1.18;100.61;
2026;02;03;36;0.11;97.54;
2026;02;03;37;1.18;96.10;
2026;02;03;38;0.20;81.43;
2026;02;03;39;0.10;50.00;
2026;02;03;40;0.97;33.66;
2026;02;03;41;0.97;35.80;
2026;02;03;42;0.97;25.46;
2026;02;03;43;0.10;18.12;
2026;02;03;44;0.10;6.28;
2026;02;03;45;-4.05;4.28;
2026;02;03;46;-4.05;3.78;
2026;02;03;47;-2.05;3.78;
2026;02;03;48;-2.04;1.98;
2026;02;03;49;1.18;1.98;
2026;02;03;50;1.18;1.60;
2026;02;03;51;0.76;.91;
2026;02;03;52;0.76;.91;
2026;02;03;53;0.10;.91;
2026;02;03;54;0.10;.91;
2026;02;03;55;-1.08;.91;
2026;02;03;56;-1.08;.91;
2026;02;03;57;0.30;.91;
2026;02;03;58;0.10;.91;
2026;02;03;59;0.10;.91;
2026;02;03;60;0.30;.91;
2026;02;03;61;0.76;.91;
2026;02;03;62;0.91;.91;
2026;02;03;63;1.60;1.60;
2026;02;03;64;2.89;2.89;
2026;02;03;65;1.98;1.98;
2026;02;03;66;3.78;3.78;
2026;02;03;67;3.78;3.78;
2026;02;03;68;17.88;17.88;
2026;02;03;69;0.10;17.96;
2026;02;03;70;0.10;25.57;
2026;02;03;71;0.10;36.00;
2026;02;03;72;0.10;53.00;
2026;02;03;73;1.08;55.00;
2026;02;03;74;2.00;77.23;
2026;02;03;75;2.00;91.31;
2026;02;03;76;2.00;96.31;
2026;02;03;77;11.00;107.73;
2026;02;03;78;11.00;108.00;
2026;02;03;79;11.00;115.78;
2026;02;03;80;11.00;109.70;
2026;02;03;81;12.00;113.40;
2026;02;03;82;12.00;108.75;
2026;02;03;83;12.00;104.99;
2026;02;03;84;12.00;97.66;
2026;02;03;85;12.00;93.35;
2026;02;03;86;12.00;90.56;
2026;02;03;87;10.26;87.54;
2026;02;03;88;0.01;62.35;
2026;02;03;89;0.01;54.94;
2026;02;03;90;0.01;53.40;
2026;02;03;91;-4.05;32.40;
2026;02;03;92;-1.42;25.79;
2026;02;03;93;-1.42;36.81;
2026;02;03;94;-4.90;12.60;
2026;02;03;95;-4.91;7.91;
2026;02;03;96;-4.99;5.37;
*
