MARGINALPIBC;
2026;05;24;1;77.99;77.99;
2026;05;24;2;71.40;71.40;
2026;05;24;3;56.88;56.88;
2026;05;24;4;50.00;50.00;
2026;05;24;5;54.00;54.00;
2026;05;24;6;45.00;45.00;
2026;05;24;7;40.50;40.50;
2026;05;24;8;32.46;32.46;
2026;05;24;9;35.02;35.02;
2026;05;24;10;19.67;19.67;
2026;05;24;11;28.92;28.92;
2026;05;24;12;25.01;25.01;
2026;05;24;13;25.09;25.09;
2026;05;24;14;10.38;10.38;
2026;05;24;15;7.69;7.69;
2026;05;24;16;5.00;5.00;
2026;05;24;17;7.69;7.69;
2026;05;24;18;7.69;7.69;
2026;05;24;19;8.07;8.07;
2026;05;24;20;5.00;5.00;
2026;05;24;21;15.01;15.01;
2026;05;24;22;15.17;15.17;
2026;05;24;23;23.76;23.76;
2026;05;24;24;25.87;25.87;
2026;05;24;25;25.02;25.02;
2026;05;24;26;26.93;26.93;
2026;05;24;27;31.01;31.01;
2026;05;24;28;31.86;31.86;
2026;05;24;29;35.02;35.02;
2026;05;24;30;26.04;26.04;
2026;05;24;31;15.25;15.25;
2026;05;24;32;-0.81;-.81;
2026;05;24;33;5.00;5.00;
2026;05;24;34;-1.75;-1.75;
2026;05;24;35;-5.00;-5.00;
2026;05;24;36;-1.30;-1.30;
2026;05;24;37;-1.75;-1.75;
2026;05;24;38;0.00;-7.00;
2026;05;24;39;-0.01;-5.01;
2026;05;24;40;0.00;-10.82;
2026;05;24;41;0.00;-9.56;
2026;05;24;42;-0.75;-9.92;
2026;05;24;43;-0.85;-10.08;
2026;05;24;44;-1.10;-11.55;
2026;05;24;45;-2.00;-8.83;
2026;05;24;46;-2.00;-11.56;
2026;05;24;47;-2.00;-15.62;
2026;05;24;48;-2.00;-21.01;
2026;05;24;49;-2.00;-24.61;
2026;05;24;50;-2.10;-31.00;
2026;05;24;51;-2.10;-34.00;
2026;05;24;52;-2.10;-39.99;
2026;05;24;53;-2.10;-39.74;
2026;05;24;54;-2.10;-31.80;
2026;05;24;55;-2.10;-28.00;
2026;05;24;56;-2.10;-27.76;
2026;05;24;57;-2.00;-29.00;
2026;05;24;58;-2.10;-28.00;
2026;05;24;59;-2.10;-28.01;
2026;05;24;60;-2.10;-28.08;
2026;05;24;61;-2.05;-36.33;
2026;05;24;62;-2.00;-27.76;
2026;05;24;63;-2.05;-23.00;
2026;05;24;64;-2.00;-12.91;
2026;05;24;65;-2.00;-12.09;
2026;05;24;66;-1.52;-9.76;
2026;05;24;67;-0.81;-10.82;
2026;05;24;68;-0.50;-15.51;
2026;05;24;69;0.00;-10.82;
2026;05;24;70;0.00;-10.82;
2026;05;24;71;0.00;-13.79;
2026;05;24;72;0.00;-8.98;
2026;05;24;73;-1.55;-1.55;
2026;05;24;74;0.00;.00;
2026;05;24;75;-0.30;-.30;
2026;05;24;76;9.16;9.16;
2026;05;24;77;-2.51;-2.51;
2026;05;24;78;-2.20;-2.20;
2026;05;24;79;3.00;3.00;
2026;05;24;80;33.88;33.88;
2026;05;24;81;33.88;33.88;
2026;05;24;82;47.52;47.52;
2026;05;24;83;58.96;58.96;
2026;05;24;84;75.43;75.43;
2026;05;24;85;83.82;83.82;
2026;05;24;86;92.11;92.11;
2026;05;24;87;96.04;96.04;
2026;05;24;88;90.50;90.50;
2026;05;24;89;97.84;97.84;
2026;05;24;90;97.11;97.11;
2026;05;24;91;100.92;100.92;
2026;05;24;92;91.47;91.47;
2026;05;24;93;81.14;81.14;
2026;05;24;94;76.40;76.40;
2026;05;24;95;74.69;74.69;
2026;05;24;96;65.10;65.10;
*
