MARGINALPIBC;
2025;10;22;1;36.88;36.88;
2025;10;22;2;31.60;31.60;
2025;10;22;3;28.94;28.94;
2025;10;22;4;18.98;18.98;
2025;10;22;5;28.94;28.94;
2025;10;22;6;27.22;27.22;
2025;10;22;7;22.60;22.60;
2025;10;22;8;13.76;13.76;
2025;10;22;9;26.89;26.89;
2025;10;22;10;26.13;26.13;
2025;10;22;11;20.50;20.50;
2025;10;22;12;16.88;16.88;
2025;10;22;13;20.51;20.51;
2025;10;22;14;16.97;16.97;
2025;10;22;15;16.86;16.86;
2025;10;22;16;10.98;10.98;
2025;10;22;17;16.86;16.86;
2025;10;22;18;13.00;13.00;
2025;10;22;19;16.86;16.86;
2025;10;22;20;16.97;16.97;
2025;10;22;21;21.75;21.75;
2025;10;22;22;24.99;24.99;
2025;10;22;23;25.37;25.37;
2025;10;22;24;26.89;26.89;
2025;10;22;25;26.13;26.13;
2025;10;22;26;26.13;26.13;
2025;10;22;27;23.37;23.37;
2025;10;22;28;19.27;19.27;
2025;10;22;29;23.79;23.79;
2025;10;22;30;30.00;30.00;
2025;10;22;31;39.50;39.50;
2025;10;22;32;50.00;50.00;
2025;10;22;33;40.00;40.00;
2025;10;22;34;50.00;50.00;
2025;10;22;35;60.56;60.56;
2025;10;22;36;50.00;50.00;
2025;10;22;37;45.59;45.59;
2025;10;22;38;30.35;30.35;
2025;10;22;39;36.35;36.35;
2025;10;22;40;40.01;24.00;
2025;10;22;41;40.19;38.84;
2025;10;22;42;39.94;16.97;
2025;10;22;43;40.01;5.11;
2025;10;22;44;26.00;-2.34;
2025;10;22;45;4.31;3.52;
2025;10;22;46;3.52;3.52;
2025;10;22;47;3.52;3.52;
2025;10;22;48;3.52;3.52;
2025;10;22;49;4.31;1.72;
2025;10;22;50;0.98;.98;
2025;10;22;51;-0.26;-.26;
2025;10;22;52;-0.45;-.45;
2025;10;22;53;-0.45;-.45;
2025;10;22;54;-0.45;-.45;
2025;10;22;55;-0.45;-.45;
2025;10;22;56;-0.45;-.45;
2025;10;22;57;-0.45;-.45;
2025;10;22;58;-0.45;-.45;
2025;10;22;59;-0.45;-.45;
2025;10;22;60;-0.45;-.45;
2025;10;22;61;-0.45;-.45;
2025;10;22;62;-0.45;-.45;
2025;10;22;63;-0.45;-.45;
2025;10;22;64;-0.45;-.45;
2025;10;22;65;-0.45;-.45;
2025;10;22;66;-0.45;-.45;
2025;10;22;67;-0.45;-.45;
2025;10;22;68;-0.45;-.45;
2025;10;22;69;-0.45;-.45;
2025;10;22;70;0.05;.05;
2025;10;22;71;1.32;1.32;
2025;10;22;72;2.76;2.76;
2025;10;22;73;7.50;7.50;
2025;10;22;74;25.17;25.17;
2025;10;22;75;27.00;27.00;
2025;10;22;76;36.35;36.35;
2025;10;22;77;32.83;32.83;
2025;10;22;78;33.51;33.51;
2025;10;22;79;50.00;50.00;
2025;10;22;80;68.70;68.70;
2025;10;22;81;63.98;63.98;
2025;10;22;82;64.73;64.73;
2025;10;22;83;57.00;57.00;
2025;10;22;84;50.00;50.00;
2025;10;22;85;48.93;48.93;
2025;10;22;86;45.31;45.31;
2025;10;22;87;39.95;39.95;
2025;10;22;88;28.57;28.57;
2025;10;22;89;34.21;34.21;
2025;10;22;90;25.70;25.70;
2025;10;22;91;28.94;28.94;
2025;10;22;92;19.50;19.50;
2025;10;22;93;29.58;29.58;
2025;10;22;94;20.00;20.00;
2025;10;22;95;18.00;18.00;
2025;10;22;96;0.06;.06;
*
