MARGINALPIBC;
2025;08;07;1;143.02;143.02;
2025;08;07;2;124.67;124.67;
2025;08;07;3;118.95;118.95;
2025;08;07;4;116.95;116.95;
2025;08;07;5;115.77;115.77;
2025;08;07;6;113.66;113.66;
2025;08;07;7;108.66;108.66;
2025;08;07;8;108.66;108.66;
2025;08;07;9;111.69;111.69;
2025;08;07;10;112.72;112.72;
2025;08;07;11;110.00;110.00;
2025;08;07;12;109.94;109.94;
2025;08;07;13;119.90;119.90;
2025;08;07;14;120.90;120.90;
2025;08;07;15;120.62;120.62;
2025;08;07;16;119.90;119.90;
2025;08;07;17;119.90;119.90;
2025;08;07;18;119.90;119.90;
2025;08;07;19;119.90;119.90;
2025;08;07;20;120.90;120.90;
2025;08;07;21;118.26;118.26;
2025;08;07;22;119.90;119.90;
2025;08;07;23;123.59;123.59;
2025;08;07;24;128.29;128.29;
2025;08;07;25;119.90;119.90;
2025;08;07;26;124.70;124.70;
2025;08;07;27;134.69;134.69;
2025;08;07;28;145.01;145.01;
2025;08;07;29;145.01;145.01;
2025;08;07;30;150.01;150.01;
2025;08;07;31;150.01;150.01;
2025;08;07;32;149.02;149.02;
2025;08;07;33;129.72;129.72;
2025;08;07;34;120.90;120.90;
2025;08;07;35;106.10;106.10;
2025;08;07;36;89.50;89.50;
2025;08;07;37;110.52;110.52;
2025;08;07;38;95.60;95.60;
2025;08;07;39;80.43;80.43;
2025;08;07;40;75.99;75.99;
2025;08;07;41;61.52;61.52;
2025;08;07;42;55.00;55.00;
2025;08;07;43;50.00;50.00;
2025;08;07;44;43.73;43.73;
2025;08;07;45;26.39;26.39;
2025;08;07;46;26.39;26.39;
2025;08;07;47;26.38;26.38;
2025;08;07;48;26.38;26.38;
2025;08;07;49;26.39;26.39;
2025;08;07;50;26.39;26.39;
2025;08;07;51;26.39;26.39;
2025;08;07;52;26.39;26.39;
2025;08;07;53;28.42;28.42;
2025;08;07;54;29.42;29.42;
2025;08;07;55;30.42;30.42;
2025;08;07;56;28.42;28.42;
2025;08;07;57;28.20;28.20;
2025;08;07;58;29.92;29.92;
2025;08;07;59;30.60;30.60;
2025;08;07;60;27.20;27.20;
2025;08;07;61;26.38;26.38;
2025;08;07;62;26.38;26.38;
2025;08;07;63;26.38;26.38;
2025;08;07;64;26.38;26.38;
2025;08;07;65;27.18;27.00;
2025;08;07;66;27.19;27.19;
2025;08;07;67;27.19;27.19;
2025;08;07;68;33.00;33.00;
2025;08;07;69;28.71;28.71;
2025;08;07;70;43.97;43.97;
2025;08;07;71;49.15;49.15;
2025;08;07;72;53.97;53.97;
2025;08;07;73;35.00;35.00;
2025;08;07;74;64.00;64.00;
2025;08;07;75;78.00;78.00;
2025;08;07;76;91.10;91.10;
2025;08;07;77;76.03;76.03;
2025;08;07;78;96.53;96.53;
2025;08;07;79;112.00;112.00;
2025;08;07;80;125.00;125.00;
2025;08;07;81;96.91;96.91;
2025;08;07;82;110.42;110.42;
2025;08;07;83;120.90;120.90;
2025;08;07;84;130.42;130.42;
2025;08;07;85;142.06;142.06;
2025;08;07;86;143.01;143.01;
2025;08;07;87;143.01;143.01;
2025;08;07;88;140.01;140.01;
2025;08;07;89;123.16;123.16;
2025;08;07;90;121.00;121.00;
2025;08;07;91;116.40;116.40;
2025;08;07;92;108.89;108.89;
2025;08;07;93;110.37;110.37;
2025;08;07;94;105.00;105.00;
2025;08;07;95;102.01;102.01;
2025;08;07;96;95.30;95.30;
*
