MARGINALPIBC;
2025;09;19;1;117.18;117.18;
2025;09;19;2;115.00;115.00;
2025;09;19;3;112.55;112.55;
2025;09;19;4;108.57;108.57;
2025;09;19;5;115.01;115.01;
2025;09;19;6;113.43;113.43;
2025;09;19;7;110.91;110.91;
2025;09;19;8;110.41;110.41;
2025;09;19;9;111.04;111.04;
2025;09;19;10;111.04;111.04;
2025;09;19;11;110.00;110.00;
2025;09;19;12;108.34;108.34;
2025;09;19;13;111.26;111.26;
2025;09;19;14;110.96;110.96;
2025;09;19;15;111.26;111.26;
2025;09;19;16;110.96;110.96;
2025;09;19;17;111.11;111.11;
2025;09;19;18;110.21;110.21;
2025;09;19;19;110.21;110.21;
2025;09;19;20;111.11;111.11;
2025;09;19;21;108.33;108.33;
2025;09;19;22;108.71;108.71;
2025;09;19;23;110.11;110.11;
2025;09;19;24;112.19;112.19;
2025;09;19;25;110.68;110.68;
2025;09;19;26;110.78;110.78;
2025;09;19;27;115.68;115.68;
2025;09;19;28;125.19;125.19;
2025;09;19;29;118.42;118.42;
2025;09;19;30;120.71;120.71;
2025;09;19;31;127.42;127.42;
2025;09;19;32;130.32;130.32;
2025;09;19;33;135.19;135.19;
2025;09;19;34;131.93;131.93;
2025;09;19;35;115.00;115.00;
2025;09;19;36;108.54;108.54;
2025;09;19;37;134.28;134.28;
2025;09;19;38;117.35;117.35;
2025;09;19;39;106.68;106.68;
2025;09;19;40;96.01;96.01;
2025;09;19;41;90.30;90.30;
2025;09;19;42;83.00;83.00;
2025;09;19;43;66.56;66.56;
2025;09;19;44;62.23;62.23;
2025;09;19;45;60.00;60.00;
2025;09;19;46;52.12;52.12;
2025;09;19;47;52.12;37.15;
2025;09;19;48;52.12;32.14;
2025;09;19;49;50.50;46.55;
2025;09;19;50;48.47;38.94;
2025;09;19;51;48.47;34.00;
2025;09;19;52;48.47;38.94;
2025;09;19;53;43.21;43.21;
2025;09;19;54;40.10;33.10;
2025;09;19;55;40.10;30.10;
2025;09;19;56;40.10;29.11;
2025;09;19;57;33.98;22.10;
2025;09;19;58;33.98;21.26;
2025;09;19;59;33.98;21.26;
2025;09;19;60;33.98;19.90;
2025;09;19;61;35.75;22.08;
2025;09;19;62;36.75;22.10;
2025;09;19;63;36.75;28.00;
2025;09;19;64;41.56;41.56;
2025;09;19;65;48.47;40.00;
2025;09;19;66;48.47;45.10;
2025;09;19;67;52.12;52.12;
2025;09;19;68;55.00;55.00;
2025;09;19;69;62.23;55.20;
2025;09;19;70;65.85;65.85;
2025;09;19;71;82.39;82.39;
2025;09;19;72;89.36;89.36;
2025;09;19;73;67.47;67.47;
2025;09;19;74;76.00;76.00;
2025;09;19;75;96.47;96.47;
2025;09;19;76;121.14;121.14;
2025;09;19;77;98.14;98.14;
2025;09;19;78;108.14;108.14;
2025;09;19;79;125.19;125.19;
2025;09;19;80;142.19;142.19;
2025;09;19;81;125.10;125.10;
2025;09;19;82;125.20;125.20;
2025;09;19;83;126.19;126.19;
2025;09;19;84;126.34;126.34;
2025;09;19;85;125.00;125.00;
2025;09;19;86;125.00;125.00;
2025;09;19;87;122.73;122.73;
2025;09;19;88;119.32;119.32;
2025;09;19;89;108.18;108.18;
2025;09;19;90;106.50;106.50;
2025;09;19;91;105.73;105.73;
2025;09;19;92;104.77;104.77;
2025;09;19;93;109.91;109.91;
2025;09;19;94;106.50;106.50;
2025;09;19;95;104.68;104.68;
2025;09;19;96;102.77;102.77;
*
