MARGINALPIBC;
2025;12;19;1;88.68;88.68;
2025;12;19;2;88.21;88.21;
2025;12;19;3;85.17;85.17;
2025;12;19;4;82.00;82.00;
2025;12;19;5;85.48;85.48;
2025;12;19;6;83.02;83.02;
2025;12;19;7;83.02;83.02;
2025;12;19;8;82.60;82.60;
2025;12;19;9;81.50;81.50;
2025;12;19;10;81.64;81.64;
2025;12;19;11;80.77;80.77;
2025;12;19;12;80.75;80.75;
2025;12;19;13;80.34;80.34;
2025;12;19;14;80.34;80.34;
2025;12;19;15;80.70;80.70;
2025;12;19;16;80.72;80.72;
2025;12;19;17;80.42;80.42;
2025;12;19;18;80.72;80.72;
2025;12;19;19;81.00;81.00;
2025;12;19;20;82.00;82.00;
2025;12;19;21;82.00;82.00;
2025;12;19;22;82.38;82.38;
2025;12;19;23;84.40;84.40;
2025;12;19;24;88.52;88.52;
2025;12;19;25;92.00;92.00;
2025;12;19;26;96.11;96.11;
2025;12;19;27;97.88;97.88;
2025;12;19;28;100.10;100.10;
2025;12;19;29;100.18;100.18;
2025;12;19;30;107.98;107.98;
2025;12;19;31;109.05;109.05;
2025;12;19;32;109.46;109.46;
2025;12;19;33;108.50;108.50;
2025;12;19;34;108.98;108.98;
2025;12;19;35;110.37;110.37;
2025;12;19;36;110.02;110.02;
2025;12;19;37;109.22;109.22;
2025;12;19;38;108.50;108.50;
2025;12;19;39;105.50;105.50;
2025;12;19;40;100.92;100.92;
2025;12;19;41;108.59;108.59;
2025;12;19;42;103.13;103.13;
2025;12;19;43;99.47;99.47;
2025;12;19;44;96.22;96.22;
2025;12;19;45;106.14;106.14;
2025;12;19;46;100.20;100.20;
2025;12;19;47;98.10;98.10;
2025;12;19;48;95.01;95.01;
2025;12;19;49;101.60;101.60;
2025;12;19;50;100.95;100.95;
2025;12;19;51;98.87;98.87;
2025;12;19;52;99.66;99.66;
2025;12;19;53;99.70;99.70;
2025;12;19;54;100.95;100.95;
2025;12;19;55;100.95;100.95;
2025;12;19;56;100.95;100.95;
2025;12;19;57;100.92;100.92;
2025;12;19;58;102.42;102.42;
2025;12;19;59;106.51;106.51;
2025;12;19;60;105.72;105.72;
2025;12;19;61;98.95;98.95;
2025;12;19;62;100.18;100.18;
2025;12;19;63;107.10;107.10;
2025;12;19;64;107.80;107.80;
2025;12;19;65;95.41;95.41;
2025;12;19;66;97.63;97.63;
2025;12;19;67;102.67;102.67;
2025;12;19;68;110.00;110.00;
2025;12;19;69;98.10;98.10;
2025;12;19;70;100.18;100.18;
2025;12;19;71;105.10;105.10;
2025;12;19;72;113.30;113.30;
2025;12;19;73;108.98;108.98;
2025;12;19;74;109.46;109.46;
2025;12;19;75;111.88;111.88;
2025;12;19;76;112.76;112.76;
2025;12;19;77;111.24;111.24;
2025;12;19;78;112.76;112.76;
2025;12;19;79;113.64;113.64;
2025;12;19;80;115.15;115.15;
2025;12;19;81;116.94;116.94;
2025;12;19;82;118.08;118.08;
2025;12;19;83;118.08;118.08;
2025;12;19;84;116.94;116.94;
2025;12;19;85;116.94;116.94;
2025;12;19;86;116.73;116.73;
2025;12;19;87;112.99;112.99;
2025;12;19;88;108.98;108.98;
2025;12;19;89;113.08;113.08;
2025;12;19;90;109.22;109.22;
2025;12;19;91;108.74;108.74;
2025;12;19;92;102.08;102.08;
2025;12;19;93;108.98;108.98;
2025;12;19;94;108.15;108.15;
2025;12;19;95;103.25;103.25;
2025;12;19;96;99.29;99.29;
*
