MARGINALPIBC;
2026;04;28;1;94.64;94.64;
2026;04;28;2;92.36;92.36;
2026;04;28;3;92.36;92.36;
2026;04;28;4;89.87;89.87;
2026;04;28;5;89.20;89.20;
2026;04;28;6;89.20;89.20;
2026;04;28;7;89.20;89.20;
2026;04;28;8;87.26;87.26;
2026;04;28;9;88.86;88.86;
2026;04;28;10;88.25;88.25;
2026;04;28;11;84.86;84.86;
2026;04;28;12;80.30;80.30;
2026;04;28;13;78.50;78.50;
2026;04;28;14;78.00;78.00;
2026;04;28;15;78.99;78.99;
2026;04;28;16;81.39;81.39;
2026;04;28;17;81.10;81.10;
2026;04;28;18;85.00;85.00;
2026;04;28;19;87.12;87.12;
2026;04;28;20;88.68;88.68;
2026;04;28;21;88.10;88.10;
2026;04;28;22;89.20;89.20;
2026;04;28;23;91.88;91.88;
2026;04;28;24;93.40;93.40;
2026;04;28;25;90.78;90.78;
2026;04;28;26;94.28;94.28;
2026;04;28;27;89.50;89.50;
2026;04;28;28;93.02;93.02;
2026;04;28;29;95.63;95.63;
2026;04;28;30;100.02;100.02;
2026;04;28;31;101.49;101.49;
2026;04;28;32;101.02;101.02;
2026;04;28;33;103.01;103.01;
2026;04;28;34;97.50;97.50;
2026;04;28;35;94.64;94.64;
2026;04;28;36;88.93;88.93;
2026;04;28;37;93.18;93.18;
2026;04;28;38;69.36;69.36;
2026;04;28;39;48.36;48.36;
2026;04;28;40;21.02;21.02;
2026;04;28;41;27.36;27.36;
2026;04;28;42;11.48;11.48;
2026;04;28;43;5.91;5.91;
2026;04;28;44;3.08;3.08;
2026;04;28;45;3.08;3.08;
2026;04;28;46;3.23;3.23;
2026;04;28;47;2.00;1.04;
2026;04;28;48;2.00;.84;
2026;04;28;49;2.73;.84;
2026;04;28;50;3.09;.84;
2026;04;28;51;3.39;.51;
2026;04;28;52;3.21;.84;
2026;04;28;53;2.23;.84;
2026;04;28;54;2.23;.84;
2026;04;28;55;2.23;.84;
2026;04;28;56;2.23;.61;
2026;04;28;57;2.22;.84;
2026;04;28;58;2.23;.61;
2026;04;28;59;2.23;.21;
2026;04;28;60;2.89;.21;
2026;04;28;61;6.55;.21;
2026;04;28;62;6.98;.61;
2026;04;28;63;6.98;.84;
2026;04;28;64;6.98;.61;
2026;04;28;65;6.98;.84;
2026;04;28;66;4.99;1.00;
2026;04;28;67;6.99;1.20;
2026;04;28;68;4.99;3.08;
2026;04;28;69;4.27;3.08;
2026;04;28;70;6.10;6.10;
2026;04;28;71;12.39;12.39;
2026;04;28;72;17.90;17.90;
2026;04;28;73;15.55;15.55;
2026;04;28;74;33.64;33.64;
2026;04;28;75;41.60;41.60;
2026;04;28;76;50.00;50.00;
2026;04;28;77;62.00;62.00;
2026;04;28;78;89.20;89.20;
2026;04;28;79;92.88;92.88;
2026;04;28;80;100.00;100.00;
2026;04;28;81;92.36;92.36;
2026;04;28;82;99.64;99.64;
2026;04;28;83;102.87;102.87;
2026;04;28;84;104.89;104.89;
2026;04;28;85;106.17;106.17;
2026;04;28;86;106.00;106.00;
2026;04;28;87;105.76;105.76;
2026;04;28;88;103.95;103.95;
2026;04;28;89;101.83;101.83;
2026;04;28;90;100.50;100.50;
2026;04;28;91;95.99;95.99;
2026;04;28;92;93.89;93.89;
2026;04;28;93;94.40;94.40;
2026;04;28;94;91.56;91.56;
2026;04;28;95;87.92;87.92;
2026;04;28;96;85.75;85.75;
*
