MARGINALPIBC;
2025;10;12;1;92.78;92.78;
2025;10;12;2;95.82;95.82;
2025;10;12;3;92.56;92.56;
2025;10;12;4;91.79;91.79;
2025;10;12;5;91.26;91.26;
2025;10;12;6;91.26;91.26;
2025;10;12;7;90.35;90.35;
2025;10;12;8;90.44;90.44;
2025;10;12;9;84.28;84.28;
2025;10;12;10;80.00;80.00;
2025;10;12;11;77.50;77.50;
2025;10;12;12;77.50;77.50;
2025;10;12;13;77.12;77.12;
2025;10;12;14;77.19;77.19;
2025;10;12;15;76.89;76.89;
2025;10;12;16;76.87;76.87;
2025;10;12;17;78.00;78.00;
2025;10;12;18;77.95;77.95;
2025;10;12;19;77.51;77.51;
2025;10;12;20;77.51;77.51;
2025;10;12;21;78.00;78.00;
2025;10;12;22;78.00;78.00;
2025;10;12;23;78.00;78.00;
2025;10;12;24;78.33;78.33;
2025;10;12;25;76.87;76.87;
2025;10;12;26;77.14;77.14;
2025;10;12;27;77.12;77.12;
2025;10;12;28;78.00;78.00;
2025;10;12;29;77.33;77.33;
2025;10;12;30;81.53;81.53;
2025;10;12;31;78.55;78.55;
2025;10;12;32;83.93;83.93;
2025;10;12;33;85.31;85.31;
2025;10;12;34;84.33;84.33;
2025;10;12;35;82.29;82.29;
2025;10;12;36;76.87;76.87;
2025;10;12;37;80.77;80.77;
2025;10;12;38;70.98;70.98;
2025;10;12;39;62.82;62.82;
2025;10;12;40;35.76;35.76;
2025;10;12;41;47.58;47.58;
2025;10;12;42;30.44;30.44;
2025;10;12;43;15.11;15.11;
2025;10;12;44;2.38;-.45;
2025;10;12;45;4.27;3.52;
2025;10;12;46;1.72;1.72;
2025;10;12;47;1.40;1.10;
2025;10;12;48;1.71;.65;
2025;10;12;49;1.65;1.65;
2025;10;12;50;1.40;1.40;
2025;10;12;51;1.40;1.40;
2025;10;12;52;2.20;1.65;
2025;10;12;53;2.95;2.95;
2025;10;12;54;3.20;3.20;
2025;10;12;55;3.40;3.40;
2025;10;12;56;3.40;3.40;
2025;10;12;57;3.00;3.00;
2025;10;12;58;3.27;3.27;
2025;10;12;59;2.72;2.72;
2025;10;12;60;2.47;1.72;
2025;10;12;61;1.40;.65;
2025;10;12;62;1.64;1.10;
2025;10;12;63;3.75;.99;
2025;10;12;64;5.06;3.52;
2025;10;12;65;4.31;.00;
2025;10;12;66;5.86;1.80;
2025;10;12;67;8.11;7.36;
2025;10;12;68;19.02;19.02;
2025;10;12;69;15.11;15.11;
2025;10;12;70;21.37;21.37;
2025;10;12;71;42.97;42.97;
2025;10;12;72;60.39;60.39;
2025;10;12;73;61.00;61.00;
2025;10;12;74;78.50;78.50;
2025;10;12;75;89.53;89.53;
2025;10;12;76;93.86;93.86;
2025;10;12;77;100.31;100.31;
2025;10;12;78;104.22;104.22;
2025;10;12;79;108.18;108.18;
2025;10;12;80;108.89;108.89;
2025;10;12;81;112.28;112.28;
2025;10;12;82;113.79;113.79;
2025;10;12;83;110.48;110.48;
2025;10;12;84;110.61;110.61;
2025;10;12;85;113.34;113.34;
2025;10;12;86;113.11;113.11;
2025;10;12;87;111.78;111.78;
2025;10;12;88;110.05;110.05;
2025;10;12;89;111.13;111.13;
2025;10;12;90;108.24;108.24;
2025;10;12;91;108.00;108.00;
2025;10;12;92;107.20;107.20;
2025;10;12;93;106.10;106.10;
2025;10;12;94;105.02;105.02;
2025;10;12;95;103.83;103.83;
2025;10;12;96;100.95;100.95;
*
