MARGINALPIBC;
2025;04;26;1;19.61;19.61;
2025;04;26;2;16.46;16.46;
2025;04;26;3;13.85;13.85;
2025;04;26;4;10.01;10.01;
2025;04;26;5;10.83;10.83;
2025;04;26;6;8.64;8.64;
2025;04;26;7;7.83;7.83;
2025;04;26;8;7.83;7.83;
2025;04;26;9;5.30;5.30;
2025;04;26;10;5.30;5.30;
2025;04;26;11;5.30;5.30;
2025;04;26;12;5.30;5.30;
2025;04;26;13;7.11;7.11;
2025;04;26;14;7.11;7.11;
2025;04;26;15;7.11;7.11;
2025;04;26;16;7.11;7.11;
2025;04;26;17;7.11;7.11;
2025;04;26;18;7.11;7.11;
2025;04;26;19;7.11;7.11;
2025;04;26;20;7.11;7.11;
2025;04;26;21;5.30;5.30;
2025;04;26;22;5.30;5.30;
2025;04;26;23;5.30;5.30;
2025;04;26;24;5.30;5.30;
2025;04;26;25;8.50;8.50;
2025;04;26;26;8.50;8.50;
2025;04;26;27;8.50;8.50;
2025;04;26;28;8.50;8.50;
2025;04;26;29;15.50;15.50;
2025;04;26;30;15.50;15.50;
2025;04;26;31;15.50;15.50;
2025;04;26;32;12.49;12.49;
2025;04;26;33;14.00;14.00;
2025;04;26;34;6.98;6.98;
2025;04;26;35;1.98;1.98;
2025;04;26;36;-1.54;-1.54;
2025;04;26;37;0.00;.00;
2025;04;26;38;0.00;.00;
2025;04;26;39;-2.01;-2.01;
2025;04;26;40;0.00;-5.00;
2025;04;26;41;-0.17;-.17;
2025;04;26;42;-0.51;-.51;
2025;04;26;43;-2.44;-2.44;
2025;04;26;44;-4.99;-4.99;
2025;04;26;45;-1.54;-1.54;
2025;04;26;46;-1.54;-1.54;
2025;04;26;47;-2.00;-2.00;
2025;04;26;48;-3.55;-3.55;
2025;04;26;49;-2.15;-2.15;
2025;04;26;50;-3.25;-3.25;
2025;04;26;51;-3.61;-3.61;
2025;04;26;52;-2.00;-3.61;
2025;04;26;53;-2.00;-4.00;
2025;04;26;54;-2.00;-4.00;
2025;04;26;55;-2.05;-5.00;
2025;04;26;56;-2.00;-5.00;
2025;04;26;57;-2.00;-5.80;
2025;04;26;58;-3.05;-5.17;
2025;04;26;59;-4.99;-5.00;
2025;04;26;60;-4.25;-4.25;
2025;04;26;61;0.00;-5.80;
2025;04;26;62;-2.00;-5.17;
2025;04;26;63;-3.00;-5.17;
2025;04;26;64;-4.99;-5.17;
2025;04;26;65;0.00;-6.28;
2025;04;26;66;-2.00;-5.80;
2025;04;26;67;-3.03;-5.37;
2025;04;26;68;-3.18;-5.17;
2025;04;26;69;-4.99;-8.00;
2025;04;26;70;-4.99;-5.50;
2025;04;26;71;-4.99;-5.17;
2025;04;26;72;-2.50;-5.00;
2025;04;26;73;-3.31;-3.31;
2025;04;26;74;-1.54;-1.54;
2025;04;26;75;-0.68;-.68;
2025;04;26;76;0.00;-.17;
2025;04;26;77;-7.00;-7.00;
2025;04;26;78;-2.01;-2.01;
2025;04;26;79;1.72;1.72;
2025;04;26;80;3.52;3.52;
2025;04;26;81;0.00;.00;
2025;04;26;82;9.00;9.00;
2025;04;26;83;14.00;14.00;
2025;04;26;84;15.98;15.98;
2025;04;26;85;23.04;23.04;
2025;04;26;86;23.04;23.04;
2025;04;26;87;23.04;23.04;
2025;04;26;88;23.04;23.04;
2025;04;26;89;18.40;18.40;
2025;04;26;90;17.46;17.46;
2025;04;26;91;15.44;15.44;
2025;04;26;92;14.46;14.46;
2025;04;26;93;12.07;12.07;
2025;04;26;94;11.58;11.58;
2025;04;26;95;12.07;12.07;
2025;04;26;96;14.08;14.08;
*
