MARGINALPIBC;
2026;06;20;1;121.65;121.65;
2026;06;20;2;120.30;120.30;
2026;06;20;3;115.00;115.00;
2026;06;20;4;112.95;112.95;
2026;06;20;5;118.60;118.60;
2026;06;20;6;115.16;115.16;
2026;06;20;7;115.05;115.05;
2026;06;20;8;115.00;115.00;
2026;06;20;9;115.55;115.55;
2026;06;20;10;114.45;114.45;
2026;06;20;11;112.95;112.95;
2026;06;20;12;111.45;111.45;
2026;06;20;13;113.47;113.47;
2026;06;20;14;113.34;113.34;
2026;06;20;15;114.25;114.25;
2026;06;20;16;114.18;114.18;
2026;06;20;17;114.85;114.85;
2026;06;20;18;114.95;114.95;
2026;06;20;19;114.50;114.50;
2026;06;20;20;114.50;114.50;
2026;06;20;21;110.78;110.78;
2026;06;20;22;111.70;111.70;
2026;06;20;23;111.65;111.65;
2026;06;20;24;111.26;111.26;
2026;06;20;25;109.55;109.55;
2026;06;20;26;109.55;109.55;
2026;06;20;27;109.29;109.29;
2026;06;20;28;109.16;109.16;
2026;06;20;29;111.43;111.43;
2026;06;20;30;108.01;108.01;
2026;06;20;31;105.86;105.86;
2026;06;20;32;102.02;102.02;
2026;06;20;33;104.38;104.38;
2026;06;20;34;94.51;94.51;
2026;06;20;35;52.50;52.50;
2026;06;20;36;34.77;34.77;
2026;06;20;37;44.99;44.99;
2026;06;20;38;10.63;10.63;
2026;06;20;39;10.13;10.13;
2026;06;20;40;1.43;1.43;
2026;06;20;41;0.01;.01;
2026;06;20;42;0.00;.00;
2026;06;20;43;-0.79;-.79;
2026;06;20;44;-2.99;-2.99;
2026;06;20;45;10.03;.00;
2026;06;20;46;5.63;-5.91;
2026;06;20;47;5.73;-5.00;
2026;06;20;48;5.73;.84;
2026;06;20;49;8.53;.84;
2026;06;20;50;8.53;.14;
2026;06;20;51;8.53;.00;
2026;06;20;52;8.53;-.21;
2026;06;20;53;5.71;-2.10;
2026;06;20;54;5.27;-1.96;
2026;06;20;55;2.15;-2.02;
2026;06;20;56;2.05;-2.10;
2026;06;20;57;1.65;-.58;
2026;06;20;58;1.59;-.78;
2026;06;20;59;1.59;-.01;
2026;06;20;60;1.59;-.21;
2026;06;20;61;0.00;-9.99;
2026;06;20;62;0.00;-4.63;
2026;06;20;63;0.00;-1.00;
2026;06;20;64;-0.79;-.79;
2026;06;20;65;-1.34;-1.34;
2026;06;20;66;0.00;-.21;
2026;06;20;67;0.00;-9.99;
2026;06;20;68;-7.59;-7.59;
2026;06;20;69;-9.77;-9.77;
2026;06;20;70;-6.30;-6.30;
2026;06;20;71;-2.75;-2.75;
2026;06;20;72;-1.00;-1.00;
2026;06;20;73;-0.07;-.07;
2026;06;20;74;1.44;1.44;
2026;06;20;75;3.08;3.08;
2026;06;20;76;6.15;6.15;
2026;06;20;77;60.00;60.00;
2026;06;20;78;75.68;75.68;
2026;06;20;79;77.43;77.43;
2026;06;20;80;96.77;96.77;
2026;06;20;81;102.19;102.19;
2026;06;20;82;109.01;109.01;
2026;06;20;83;112.19;112.19;
2026;06;20;84;118.60;118.60;
2026;06;20;85;115.14;115.14;
2026;06;20;86;122.30;122.30;
2026;06;20;87;123.90;123.90;
2026;06;20;88;120.30;120.30;
2026;06;20;89;124.06;124.06;
2026;06;20;90;123.69;123.69;
2026;06;20;91;122.47;122.47;
2026;06;20;92;120.17;120.17;
2026;06;20;93;119.95;119.95;
2026;06;20;94;116.00;116.00;
2026;06;20;95;116.49;116.49;
2026;06;20;96;112.95;112.95;
*
