MARGINALPIBC;
2026;03;05;1;107.52;107.52;
2026;03;05;2;107.58;107.58;
2026;03;05;3;95.99;95.99;
2026;03;05;4;83.08;83.08;
2026;03;05;5;91.10;91.10;
2026;03;05;6;85.21;85.21;
2026;03;05;7;85.21;85.21;
2026;03;05;8;83.53;83.53;
2026;03;05;9;93.00;93.00;
2026;03;05;10;85.01;85.01;
2026;03;05;11;84.76;84.76;
2026;03;05;12;79.40;79.40;
2026;03;05;13;78.20;78.20;
2026;03;05;14;75.01;75.01;
2026;03;05;15;71.62;71.62;
2026;03;05;16;71.24;71.24;
2026;03;05;17;74.58;74.58;
2026;03;05;18;75.10;75.10;
2026;03;05;19;76.42;76.42;
2026;03;05;20;78.70;78.70;
2026;03;05;21;79.84;79.84;
2026;03;05;22;85.00;85.00;
2026;03;05;23;85.97;85.97;
2026;03;05;24;93.87;93.87;
2026;03;05;25;102.60;102.60;
2026;03;05;26;106.94;106.94;
2026;03;05;27;107.12;107.12;
2026;03;05;28;113.80;113.80;
2026;03;05;29;106.32;106.32;
2026;03;05;30;120.00;129.02;
2026;03;05;31;133.33;147.20;
2026;03;05;32;131.50;131.50;
2026;03;05;33;151.43;165.01;
2026;03;05;34;138.02;138.02;
2026;03;05;35;109.09;109.09;
2026;03;05;36;102.00;102.00;
2026;03;05;37;112.20;112.20;
2026;03;05;38;96.20;96.20;
2026;03;05;39;93.79;93.79;
2026;03;05;40;95.00;95.00;
2026;03;05;41;97.92;97.92;
2026;03;05;42;82.63;82.63;
2026;03;05;43;72.15;72.15;
2026;03;05;44;60.00;60.00;
2026;03;05;45;81.26;81.26;
2026;03;05;46;71.89;71.89;
2026;03;05;47;57.50;57.50;
2026;03;05;48;62.55;62.55;
2026;03;05;49;75.22;75.22;
2026;03;05;50;67.14;67.14;
2026;03;05;51;61.86;61.86;
2026;03;05;52;59.00;59.00;
2026;03;05;53;42.00;42.00;
2026;03;05;54;48.98;48.98;
2026;03;05;55;47.18;47.18;
2026;03;05;56;41.93;41.93;
2026;03;05;57;48.57;48.57;
2026;03;05;58;47.23;47.23;
2026;03;05;59;39.86;39.86;
2026;03;05;60;55.00;55.00;
2026;03;05;61;45.00;45.00;
2026;03;05;62;47.43;47.43;
2026;03;05;63;48.18;48.18;
2026;03;05;64;61.79;61.79;
2026;03;05;65;47.09;47.09;
2026;03;05;66;70.38;70.38;
2026;03;05;67;75.28;75.28;
2026;03;05;68;78.01;78.01;
2026;03;05;69;66.00;66.00;
2026;03;05;70;76.15;76.15;
2026;03;05;71;95.00;95.00;
2026;03;05;72;97.00;97.00;
2026;03;05;73;77.39;77.39;
2026;03;05;74;93.80;93.80;
2026;03;05;75;105.47;122.17;
2026;03;05;76;107.58;133.79;
2026;03;05;77;107.58;151.95;
2026;03;05;78;107.58;157.09;
2026;03;05;79;112.12;142.00;
2026;03;05;80;112.36;135.83;
2026;03;05;81;116.72;130.93;
2026;03;05;82;119.73;120.86;
2026;03;05;83;105.86;105.86;
2026;03;05;84;100.00;100.00;
2026;03;05;85;96.20;96.20;
2026;03;05;86;93.49;93.49;
2026;03;05;87;94.07;94.07;
2026;03;05;88;80.00;80.00;
2026;03;05;89;92.15;92.15;
2026;03;05;90;76.19;76.19;
2026;03;05;91;81.67;81.67;
2026;03;05;92;76.44;81.44;
2026;03;05;93;81.44;81.44;
2026;03;05;94;76.26;76.26;
2026;03;05;95;75.10;75.10;
2026;03;05;96;52.00;52.00;
*
