MARGINALPIBC;
2025;02;03;1;114.65;114.65;
2025;02;03;2;100.79;100.79;
2025;02;03;3;102.04;102.04;
2025;02;03;4;102.53;102.53;
2025;02;03;5;101.95;101.95;
2025;02;03;6;103.57;103.57;
2025;02;03;7;101.69;101.69;
2025;02;03;8;135.58;144.29;
2025;02;03;9;167.34;180.00;
2025;02;03;10;145.10;145.10;
2025;02;03;11;111.00;111.00;
2025;02;03;12;102.60;102.60;
2025;02;03;13;102.49;102.49;
2025;02;03;14;102.35;102.35;
2025;02;03;15;101.95;101.95;
2025;02;03;16;112.00;112.00;
2025;02;03;17;120.53;120.53;
2025;02;03;18;143.00;143.00;
2025;02;03;19;204.94;204.94;
2025;02;03;20;206.53;206.53;
2025;02;03;21;237.50;237.50;
2025;02;03;22;194.00;194.00;
2025;02;03;23;151.92;151.92;
2025;02;03;24;136.81;136.81;
*
