MARGINALPIBC;
2026;02;06;1;0.00;.00;
2026;02;06;2;0.00;.00;
2026;02;06;3;0.00;.00;
2026;02;06;4;0.00;.00;
2026;02;06;5;0.00;.00;
2026;02;06;6;0.00;.00;
2026;02;06;7;0.00;.00;
2026;02;06;8;0.00;.00;
2026;02;06;9;0.00;.00;
2026;02;06;10;0.00;.00;
2026;02;06;11;-0.14;-.14;
2026;02;06;12;-0.15;-.15;
2026;02;06;13;-0.15;-.15;
2026;02;06;14;-0.15;-.15;
2026;02;06;15;-0.15;-.15;
2026;02;06;16;-0.15;-.15;
2026;02;06;17;-0.15;-.15;
2026;02;06;18;-0.15;-.15;
2026;02;06;19;-0.15;-.15;
2026;02;06;20;0.00;.00;
2026;02;06;21;-0.10;-.10;
2026;02;06;22;0.00;.00;
2026;02;06;23;0.00;.00;
2026;02;06;24;0.00;.00;
2026;02;06;25;0.00;.00;
2026;02;06;26;0.00;.00;
2026;02;06;27;0.00;.00;
2026;02;06;28;0.06;1.98;
2026;02;06;29;1.00;3.78;
2026;02;06;30;1.01;4.48;
2026;02;06;31;1.98;6.28;
2026;02;06;32;2.76;3.57;
2026;02;06;33;2.00;8.11;
2026;02;06;34;2.00;15.60;
2026;02;06;35;2.00;16.66;
2026;02;06;36;3.00;10.29;
2026;02;06;37;3.00;3.00;
2026;02;06;38;2.00;2.00;
2026;02;06;39;3.00;3.00;
2026;02;06;40;2.22;2.22;
2026;02;06;41;1.03;1.03;
2026;02;06;42;0.91;.91;
2026;02;06;43;0.10;.10;
2026;02;06;44;0.01;.01;
2026;02;06;45;0.01;.01;
2026;02;06;46;0.01;.01;
2026;02;06;47;0.00;.00;
2026;02;06;48;0.00;.00;
2026;02;06;49;0.00;.00;
2026;02;06;50;0.00;.00;
2026;02;06;51;0.00;.00;
2026;02;06;52;0.00;.00;
2026;02;06;53;0.00;.00;
2026;02;06;54;0.00;.00;
2026;02;06;55;0.00;.00;
2026;02;06;56;0.00;.00;
2026;02;06;57;0.00;.00;
2026;02;06;58;0.00;.00;
2026;02;06;59;0.00;.00;
2026;02;06;60;0.00;.00;
2026;02;06;61;0.00;.00;
2026;02;06;62;0.00;.00;
2026;02;06;63;0.00;.00;
2026;02;06;64;0.00;.00;
2026;02;06;65;0.00;.00;
2026;02;06;66;0.00;.00;
2026;02;06;67;0.00;.00;
2026;02;06;68;0.00;.00;
2026;02;06;69;0.10;.10;
2026;02;06;70;0.93;1.12;
2026;02;06;71;-1.00;3.78;
2026;02;06;72;-1.00;3.78;
2026;02;06;73;-4.00;10.00;
2026;02;06;74;-2.24;16.70;
2026;02;06;75;-3.60;35.00;
2026;02;06;76;-1.00;41.50;
2026;02;06;77;-1.00;47.80;
2026;02;06;78;-0.09;52.50;
2026;02;06;79;1.60;61.54;
2026;02;06;80;1.60;64.99;
2026;02;06;81;3.00;58.08;
2026;02;06;82;3.50;54.90;
2026;02;06;83;4.00;55.00;
2026;02;06;84;4.00;43.81;
2026;02;06;85;4.00;47.50;
2026;02;06;86;4.00;45.02;
2026;02;06;87;4.00;32.51;
2026;02;06;88;4.00;19.10;
2026;02;06;89;1.60;3.42;
2026;02;06;90;4.00;9.85;
2026;02;06;91;1.60;5.00;
2026;02;06;92;1.50;3.78;
2026;02;06;93;-1.00;3.78;
2026;02;06;94;-1.00;3.78;
2026;02;06;95;1.50;1.98;
2026;02;06;96;1.60;1.60;
*
