MARGINALPIBC;
2025;08;06;1;106.40;90.25;
2025;08;06;2;106.40;88.44;
2025;08;06;3;86.35;81.81;
2025;08;06;4;82.35;80.97;
2025;08;06;5;102.90;84.70;
2025;08;06;6;102.90;81.01;
2025;08;06;7;81.32;80.26;
2025;08;06;8;81.32;78.37;
2025;08;06;9;79.85;79.59;
2025;08;06;10;79.60;79.60;
2025;08;06;11;80.00;80.00;
2025;08;06;12;80.00;80.00;
2025;08;06;13;85.40;85.40;
2025;08;06;14;85.70;85.70;
2025;08;06;15;88.93;88.93;
2025;08;06;16;88.93;88.93;
2025;08;06;17;87.54;87.54;
2025;08;06;18;88.93;88.93;
2025;08;06;19;90.72;90.72;
2025;08;06;20;91.46;91.46;
2025;08;06;21;92.32;92.32;
2025;08;06;22;93.35;93.35;
2025;08;06;23;96.98;96.98;
2025;08;06;24;97.55;97.55;
2025;08;06;25;94.00;94.00;
2025;08;06;26;94.00;94.00;
2025;08;06;27;99.00;99.00;
2025;08;06;28;102.30;102.30;
2025;08;06;29;104.41;104.41;
2025;08;06;30;104.41;104.41;
2025;08;06;31;104.41;104.41;
2025;08;06;32;104.41;104.41;
2025;08;06;33;112.37;112.37;
2025;08;06;34;101.03;101.03;
2025;08;06;35;85.36;85.36;
2025;08;06;36;63.22;63.22;
2025;08;06;37;100.22;100.22;
2025;08;06;38;86.40;86.40;
2025;08;06;39;66.95;66.95;
2025;08;06;40;35.40;35.40;
2025;08;06;41;51.00;51.00;
2025;08;06;42;44.00;44.00;
2025;08;06;43;28.70;28.70;
2025;08;06;44;22.20;22.20;
2025;08;06;45;27.67;27.67;
2025;08;06;46;27.64;27.64;
2025;08;06;47;20.58;20.58;
2025;08;06;48;20.58;20.58;
2025;08;06;49;28.40;19.40;
2025;08;06;50;28.39;16.40;
2025;08;06;51;28.39;16.40;
2025;08;06;52;28.10;16.62;
2025;08;06;53;27.19;10.54;
2025;08;06;54;27.19;10.54;
2025;08;06;55;27.19;12.19;
2025;08;06;56;27.19;10.54;
2025;08;06;57;27.20;10.00;
2025;08;06;58;27.19;10.54;
2025;08;06;59;27.19;10.54;
2025;08;06;60;27.19;10.00;
2025;08;06;61;27.19;10.54;
2025;08;06;62;27.19;10.00;
2025;08;06;63;27.19;10.00;
2025;08;06;64;27.19;10.93;
2025;08;06;65;28.10;18.81;
2025;08;06;66;28.10;20.58;
2025;08;06;67;28.70;20.58;
2025;08;06;68;28.80;28.80;
2025;08;06;69;28.10;25.34;
2025;08;06;70;32.90;32.90;
2025;08;06;71;52.00;52.00;
2025;08;06;72;57.55;57.55;
2025;08;06;73;38.69;38.69;
2025;08;06;74;60.32;60.32;
2025;08;06;75;86.05;86.05;
2025;08;06;76;100.22;100.22;
2025;08;06;77;63.79;63.79;
2025;08;06;78;87.54;87.54;
2025;08;06;79;116.02;116.02;
2025;08;06;80;133.60;133.60;
2025;08;06;81;94.64;94.64;
2025;08;06;82;109.64;109.64;
2025;08;06;83;133.83;133.83;
2025;08;06;84;144.40;144.40;
2025;08;06;85;165.00;165.00;
2025;08;06;86;167.05;167.05;
2025;08;06;87;169.00;169.00;
2025;08;06;88;165.50;165.50;
2025;08;06;89;148.01;148.01;
2025;08;06;90;146.14;146.14;
2025;08;06;91;144.91;144.91;
2025;08;06;92;140.01;140.01;
2025;08;06;93;116.58;116.58;
2025;08;06;94;115.28;115.28;
2025;08;06;95;108.95;108.95;
2025;08;06;96;106.43;106.43;
*
