MARGINALPIBC;
2026;05;23;1;112.00;112.00;
2026;05;23;2;110.00;110.00;
2026;05;23;3;102.80;102.80;
2026;05;23;4;99.68;99.68;
2026;05;23;5;102.96;102.96;
2026;05;23;6;98.99;98.99;
2026;05;23;7;88.20;88.20;
2026;05;23;8;73.79;73.79;
2026;05;23;9;75.06;75.06;
2026;05;23;10;70.96;70.96;
2026;05;23;11;70.48;70.48;
2026;05;23;12;63.50;63.50;
2026;05;23;13;58.81;58.81;
2026;05;23;14;50.98;50.98;
2026;05;23;15;50.97;50.97;
2026;05;23;16;48.73;48.73;
2026;05;23;17;54.99;54.99;
2026;05;23;18;53.20;53.20;
2026;05;23;19;54.81;54.81;
2026;05;23;20;55.00;55.00;
2026;05;23;21;51.97;51.97;
2026;05;23;22;54.39;54.39;
2026;05;23;23;47.78;47.78;
2026;05;23;24;50.73;50.73;
2026;05;23;25;51.19;51.19;
2026;05;23;26;55.69;55.69;
2026;05;23;27;58.39;58.39;
2026;05;23;28;61.20;61.20;
2026;05;23;29;77.88;77.88;
2026;05;23;30;69.49;69.49;
2026;05;23;31;60.33;60.33;
2026;05;23;32;48.19;48.19;
2026;05;23;33;59.70;59.70;
2026;05;23;34;39.21;39.21;
2026;05;23;35;10.26;10.26;
2026;05;23;36;3.01;3.01;
2026;05;23;37;6.29;6.29;
2026;05;23;38;1.11;1.11;
2026;05;23;39;0.00;.00;
2026;05;23;40;-0.51;-1.00;
2026;05;23;41;0.49;.49;
2026;05;23;42;0.00;.00;
2026;05;23;43;-0.15;-.15;
2026;05;23;44;-0.82;-.82;
2026;05;23;45;-0.50;-.82;
2026;05;23;46;-0.50;-2.09;
2026;05;23;47;-0.50;-2.10;
2026;05;23;48;-0.99;-2.10;
2026;05;23;49;-0.99;-2.10;
2026;05;23;50;-0.99;-2.10;
2026;05;23;51;-0.99;-2.10;
2026;05;23;52;-0.99;-2.10;
2026;05;23;53;-0.99;-2.10;
2026;05;23;54;-0.99;-2.10;
2026;05;23;55;-0.99;-2.10;
2026;05;23;56;-0.99;-2.10;
2026;05;23;57;-0.99;-2.10;
2026;05;23;58;-1.00;-2.10;
2026;05;23;59;-1.09;-3.00;
2026;05;23;60;-1.09;-3.10;
2026;05;23;61;-0.99;-3.50;
2026;05;23;62;-0.99;-3.00;
2026;05;23;63;-0.99;-2.10;
2026;05;23;64;-0.81;-.81;
2026;05;23;65;0.00;.00;
2026;05;23;66;0.01;.00;
2026;05;23;67;0.01;.00;
2026;05;23;68;0.01;.00;
2026;05;23;69;0.70;.00;
2026;05;23;70;0.85;.00;
2026;05;23;71;1.50;.00;
2026;05;23;72;1.51;.00;
2026;05;23;73;1.52;.01;
2026;05;23;74;2.35;1.00;
2026;05;23;75;3.52;3.52;
2026;05;23;76;14.11;14.11;
2026;05;23;77;7.05;7.05;
2026;05;23;78;36.50;36.50;
2026;05;23;79;56.62;56.62;
2026;05;23;80;71.45;71.45;
2026;05;23;81;43.88;43.88;
2026;05;23;82;60.16;60.16;
2026;05;23;83;72.55;72.55;
2026;05;23;84;88.43;88.43;
2026;05;23;85;92.87;92.87;
2026;05;23;86;95.75;95.75;
2026;05;23;87;97.01;97.01;
2026;05;23;88;95.70;95.70;
2026;05;23;89;110.00;110.00;
2026;05;23;90;102.24;102.24;
2026;05;23;91;109.63;109.63;
2026;05;23;92;92.00;92.00;
2026;05;23;93;91.22;91.22;
2026;05;23;94;82.70;82.70;
2026;05;23;95;78.00;78.00;
2026;05;23;96;65.56;65.56;
*
