MARGINALPIBC;
2026;06;23;1;154.13;154.13;
2026;06;23;2;151.29;151.29;
2026;06;23;3;135.23;135.23;
2026;06;23;4;129.96;129.96;
2026;06;23;5;130.75;130.75;
2026;06;23;6;127.13;127.13;
2026;06;23;7;129.13;129.13;
2026;06;23;8;125.13;125.13;
2026;06;23;9;126.63;126.63;
2026;06;23;10;119.99;119.99;
2026;06;23;11;117.26;117.26;
2026;06;23;12;116.13;116.13;
2026;06;23;13;116.29;116.29;
2026;06;23;14;115.29;115.29;
2026;06;23;15;114.63;114.63;
2026;06;23;16;114.63;114.63;
2026;06;23;17;114.99;114.99;
2026;06;23;18;113.52;113.52;
2026;06;23;19;115.57;115.57;
2026;06;23;20;116.30;116.30;
2026;06;23;21;115.00;115.00;
2026;06;23;22;116.01;116.01;
2026;06;23;23;119.18;119.18;
2026;06;23;24;121.10;121.10;
2026;06;23;25;126.10;126.10;
2026;06;23;26;128.61;128.61;
2026;06;23;27;129.31;129.31;
2026;06;23;28;133.22;133.22;
2026;06;23;29;141.47;141.47;
2026;06;23;30;137.79;137.79;
2026;06;23;31;128.17;128.17;
2026;06;23;32;122.42;122.42;
2026;06;23;33;125.11;125.11;
2026;06;23;34;114.20;114.20;
2026;06;23;35;111.67;111.67;
2026;06;23;36;111.47;111.47;
2026;06;23;37;110.33;110.33;
2026;06;23;38;111.13;111.13;
2026;06;23;39;106.84;106.84;
2026;06;23;40;104.43;104.43;
2026;06;23;41;108.80;108.80;
2026;06;23;42;103.10;103.10;
2026;06;23;43;99.95;99.95;
2026;06;23;44;92.45;92.45;
2026;06;23;45;94.48;94.48;
2026;06;23;46;89.80;89.80;
2026;06;23;47;95.69;95.69;
2026;06;23;48;89.80;89.80;
2026;06;23;49;90.47;90.47;
2026;06;23;50;86.70;86.70;
2026;06;23;51;88.50;88.50;
2026;06;23;52;82.28;82.28;
2026;06;23;53;86.19;86.19;
2026;06;23;54;85.73;85.73;
2026;06;23;55;82.28;82.28;
2026;06;23;56;83.04;83.04;
2026;06;23;57;85.99;85.99;
2026;06;23;58;94.48;94.48;
2026;06;23;59;96.85;96.85;
2026;06;23;60;94.97;94.97;
2026;06;23;61;84.65;84.65;
2026;06;23;62;85.49;85.49;
2026;06;23;63;87.28;87.28;
2026;06;23;64;87.73;87.73;
2026;06;23;65;85.31;85.31;
2026;06;23;66;83.83;83.83;
2026;06;23;67;83.48;83.48;
2026;06;23;68;81.88;81.88;
2026;06;23;69;85.10;85.10;
2026;06;23;70;84.81;84.81;
2026;06;23;71;85.00;85.00;
2026;06;23;72;88.00;88.00;
2026;06;23;73;84.68;84.68;
2026;06;23;74;86.95;86.95;
2026;06;23;75;88.00;88.00;
2026;06;23;76;86.07;86.07;
2026;06;23;77;100.00;100.00;
2026;06;23;78;95.00;95.00;
2026;06;23;79;108.70;108.70;
2026;06;23;80;111.12;111.12;
2026;06;23;81;111.13;111.13;
2026;06;23;82;116.84;116.84;
2026;06;23;83;130.63;130.63;
2026;06;23;84;147.60;147.60;
2026;06;23;85;147.97;147.97;
2026;06;23;86;164.48;164.48;
2026;06;23;87;158.01;175.01;
2026;06;23;88;172.28;172.28;
2026;06;23;89;100.18;169.37;
2026;06;23;90;166.98;166.98;
2026;06;23;91;156.58;156.58;
2026;06;23;92;139.99;139.99;
2026;06;23;93;134.30;134.30;
2026;06;23;94;133.33;133.33;
2026;06;23;95;126.81;126.81;
2026;06;23;96;119.99;119.99;
*
