MARGINALPIBC;
2025;08;21;1;86.10;86.10;
2025;08;21;2;85.29;85.29;
2025;08;21;3;83.55;83.55;
2025;08;21;4;82.00;82.00;
2025;08;21;5;83.64;83.64;
2025;08;21;6;82.50;82.50;
2025;08;21;7;81.00;81.00;
2025;08;21;8;81.00;81.00;
2025;08;21;9;83.55;83.55;
2025;08;21;10;82.16;82.16;
2025;08;21;11;82.00;82.00;
2025;08;21;12;81.23;81.23;
2025;08;21;13;81.69;81.69;
2025;08;21;14;80.74;80.74;
2025;08;21;15;80.68;80.68;
2025;08;21;16;80.73;80.73;
2025;08;21;17;80.34;80.34;
2025;08;21;18;81.00;81.00;
2025;08;21;19;81.00;81.00;
2025;08;21;20;81.95;81.95;
2025;08;21;21;79.01;79.01;
2025;08;21;22;79.68;79.68;
2025;08;21;23;80.83;80.83;
2025;08;21;24;83.05;83.05;
2025;08;21;25;76.58;76.58;
2025;08;21;26;79.82;79.82;
2025;08;21;27;82.00;82.00;
2025;08;21;28;83.51;83.51;
2025;08;21;29;85.26;85.26;
2025;08;21;30;86.12;86.12;
2025;08;21;31;87.39;87.39;
2025;08;21;32;86.43;86.43;
2025;08;21;33;93.20;93.20;
2025;08;21;34;86.10;86.10;
2025;08;21;35;75.93;75.93;
2025;08;21;36;48.10;48.10;
2025;08;21;37;92.00;92.00;
2025;08;21;38;84.56;84.56;
2025;08;21;39;39.82;39.82;
2025;08;21;40;12.63;12.63;
2025;08;21;41;40.68;37.68;
2025;08;21;42;25.68;24.67;
2025;08;21;43;20.01;6.53;
2025;08;21;44;15.01;-.90;
2025;08;21;45;14.00;14.00;
2025;08;21;46;9.95;9.95;
2025;08;21;47;7.50;7.50;
2025;08;21;48;7.00;7.00;
2025;08;21;49;8.16;7.74;
2025;08;21;50;7.89;5.89;
2025;08;21;51;6.08;6.08;
2025;08;21;52;3.89;3.89;
2025;08;21;53;6.00;5.11;
2025;08;21;54;5.11;5.11;
2025;08;21;55;5.11;5.11;
2025;08;21;56;4.11;4.11;
2025;08;21;57;5.76;4.91;
2025;08;21;58;5.11;4.91;
2025;08;21;59;5.11;4.61;
2025;08;21;60;5.12;4.11;
2025;08;21;61;4.31;3.52;
2025;08;21;62;4.31;3.52;
2025;08;21;63;4.31;3.52;
2025;08;21;64;4.31;3.52;
2025;08;21;65;6.00;.65;
2025;08;21;66;5.79;2.79;
2025;08;21;67;6.00;4.79;
2025;08;21;68;6.00;5.79;
2025;08;21;69;0.00;-2.94;
2025;08;21;70;0.01;.01;
2025;08;21;71;4.55;4.55;
2025;08;21;72;9.25;9.25;
2025;08;21;73;10.01;6.00;
2025;08;21;74;20.01;20.01;
2025;08;21;75;34.99;34.99;
2025;08;21;76;75.00;75.00;
2025;08;21;77;11.70;11.70;
2025;08;21;78;40.00;40.00;
2025;08;21;79;81.29;81.29;
2025;08;21;80;95.01;95.01;
2025;08;21;81;62.84;62.84;
2025;08;21;82;80.00;80.00;
2025;08;21;83;87.84;87.84;
2025;08;21;84;90.13;90.13;
2025;08;21;85;84.38;84.38;
2025;08;21;86;84.28;84.28;
2025;08;21;87;83.55;83.55;
2025;08;21;88;83.25;83.25;
2025;08;21;89;77.15;77.15;
2025;08;21;90;75.20;75.20;
2025;08;21;91;74.90;74.90;
2025;08;21;92;70.00;70.00;
2025;08;21;93;82.69;82.69;
2025;08;21;94;78.76;78.76;
2025;08;21;95;71.60;71.60;
2025;08;21;96;71.60;71.60;
*
