MARGINALPIBC;
2026;03;24;1;78.85;78.85;
2026;03;24;2;70.48;70.48;
2026;03;24;3;59.67;59.67;
2026;03;24;4;55.93;55.93;
2026;03;24;5;55.64;55.64;
2026;03;24;6;53.16;53.16;
2026;03;24;7;52.92;52.92;
2026;03;24;8;52.88;52.88;
2026;03;24;9;57.56;57.56;
2026;03;24;10;57.51;57.51;
2026;03;24;11;56.74;56.74;
2026;03;24;12;55.93;55.93;
2026;03;24;13;58.64;58.64;
2026;03;24;14;58.28;58.28;
2026;03;24;15;58.40;58.40;
2026;03;24;16;58.01;58.01;
2026;03;24;17;57.51;57.51;
2026;03;24;18;57.38;57.38;
2026;03;24;19;57.56;57.56;
2026;03;24;20;57.56;57.56;
2026;03;24;21;63.02;63.02;
2026;03;24;22;63.32;63.32;
2026;03;24;23;59.21;59.21;
2026;03;24;24;75.01;75.01;
2026;03;24;25;66.71;69.61;
2026;03;24;26;66.40;88.00;
2026;03;24;27;64.98;100.00;
2026;03;24;28;68.50;107.80;
2026;03;24;29;84.10;121.43;
2026;03;24;30;90.95;113.69;
2026;03;24;31;88.78;102.50;
2026;03;24;32;80.77;84.30;
2026;03;24;33;80.10;80.10;
2026;03;24;34;62.17;62.17;
2026;03;24;35;53.91;53.91;
2026;03;24;36;17.81;17.81;
2026;03;24;37;28.83;28.83;
2026;03;24;38;23.15;23.15;
2026;03;24;39;10.00;10.00;
2026;03;24;40;3.51;3.51;
2026;03;24;41;0.84;.84;
2026;03;24;42;0.01;.01;
2026;03;24;43;-0.20;-.20;
2026;03;24;44;-0.20;-.20;
2026;03;24;45;0.00;.00;
2026;03;24;46;0.00;.00;
2026;03;24;47;0.00;.00;
2026;03;24;48;-0.01;-.01;
2026;03;24;49;-0.22;-.22;
2026;03;24;50;-0.25;-.25;
2026;03;24;51;-0.25;-.25;
2026;03;24;52;-0.22;-.22;
2026;03;24;53;-0.21;-.21;
2026;03;24;54;-0.01;-.01;
2026;03;24;55;-0.01;-.01;
2026;03;24;56;-0.01;-.01;
2026;03;24;57;0.00;.00;
2026;03;24;58;-0.01;-.01;
2026;03;24;59;-0.60;-.60;
2026;03;24;60;-0.81;-.81;
2026;03;24;61;-1.50;-1.50;
2026;03;24;62;-1.50;-1.50;
2026;03;24;63;-1.50;-1.50;
2026;03;24;64;-0.80;-.80;
2026;03;24;65;0.00;.00;
2026;03;24;66;0.01;.01;
2026;03;24;67;0.84;.84;
2026;03;24;68;3.51;3.51;
2026;03;24;69;11.00;11.00;
2026;03;24;70;10.00;10.00;
2026;03;24;71;19.50;19.50;
2026;03;24;72;40.01;40.01;
2026;03;24;73;23.50;23.50;
2026;03;24;74;49.78;49.78;
2026;03;24;75;66.73;66.73;
2026;03;24;76;100.78;100.78;
2026;03;24;77;95.05;106.75;
2026;03;24;78;113.49;129.01;
2026;03;24;79;124.82;131.91;
2026;03;24;80;120.00;120.54;
2026;03;24;81;129.34;129.34;
2026;03;24;82;138.56;138.56;
2026;03;24;83;140.50;140.50;
2026;03;24;84;140.10;140.10;
2026;03;24;85;140.10;140.10;
2026;03;24;86;137.10;137.10;
2026;03;24;87;120.00;125.63;
2026;03;24;88;106.73;106.73;
2026;03;24;89;106.08;107.88;
2026;03;24;90;94.15;94.15;
2026;03;24;91;81.46;81.46;
2026;03;24;92;78.70;78.70;
2026;03;24;93;74.76;74.76;
2026;03;24;94;60.02;60.02;
2026;03;24;95;52.20;52.20;
2026;03;24;96;49.75;49.75;
*
