MARGINALPIBC;
2025;11;27;1;83.43;83.43;
2025;11;27;2;81.70;81.70;
2025;11;27;3;85.21;85.21;
2025;11;27;4;81.71;81.71;
2025;11;27;5;84.00;84.00;
2025;11;27;6;80.90;80.90;
2025;11;27;7;80.00;80.00;
2025;11;27;8;78.16;78.16;
2025;11;27;9;79.16;79.16;
2025;11;27;10;74.99;74.99;
2025;11;27;11;72.60;72.60;
2025;11;27;12;70.00;70.00;
2025;11;27;13;72.08;72.08;
2025;11;27;14;67.01;67.01;
2025;11;27;15;65.00;65.00;
2025;11;27;16;60.51;60.51;
2025;11;27;17;62.50;62.50;
2025;11;27;18;61.05;61.05;
2025;11;27;19;64.37;64.37;
2025;11;27;20;68.01;68.01;
2025;11;27;21;55.87;55.87;
2025;11;27;22;58.10;58.10;
2025;11;27;23;65.66;65.66;
2025;11;27;24;72.99;72.99;
2025;11;27;25;62.32;62.32;
2025;11;27;26;69.99;69.99;
2025;11;27;27;77.83;77.83;
2025;11;27;28;82.50;82.50;
2025;11;27;29;83.28;83.28;
2025;11;27;30;85.96;85.96;
2025;11;27;31;89.91;89.91;
2025;11;27;32;91.48;91.48;
2025;11;27;33;89.47;89.47;
2025;11;27;34;89.44;89.44;
2025;11;27;35;88.31;88.31;
2025;11;27;36;79.55;79.55;
2025;11;27;37;91.52;91.52;
2025;11;27;38;86.00;86.00;
2025;11;27;39;79.90;79.90;
2025;11;27;40;65.30;65.30;
2025;11;27;41;68.30;68.30;
2025;11;27;42;63.58;63.58;
2025;11;27;43;51.40;51.40;
2025;11;27;44;41.90;41.90;
2025;11;27;45;48.42;48.42;
2025;11;27;46;47.60;47.60;
2025;11;27;47;45.10;45.10;
2025;11;27;48;45.10;45.10;
2025;11;27;49;46.30;46.30;
2025;11;27;50;46.30;46.30;
2025;11;27;51;47.60;47.60;
2025;11;27;52;48.62;48.62;
2025;11;27;53;51.30;51.30;
2025;11;27;54;52.31;52.31;
2025;11;27;55;55.10;55.10;
2025;11;27;56;52.65;52.65;
2025;11;27;57;52.45;52.45;
2025;11;27;58;54.97;54.97;
2025;11;27;59;55.13;55.13;
2025;11;27;60;60.46;60.46;
2025;11;27;61;54.00;54.00;
2025;11;27;62;61.99;61.99;
2025;11;27;63;65.00;65.00;
2025;11;27;64;69.34;69.34;
2025;11;27;65;61.00;61.00;
2025;11;27;66;71.20;71.20;
2025;11;27;67;80.20;80.20;
2025;11;27;68;86.28;86.28;
2025;11;27;69;81.00;81.00;
2025;11;27;70;91.00;91.00;
2025;11;27;71;88.26;88.26;
2025;11;27;72;95.00;95.00;
2025;11;27;73;95.39;95.39;
2025;11;27;74;109.99;109.99;
2025;11;27;75;99.00;99.00;
2025;11;27;76;104.40;104.40;
2025;11;27;77;91.89;91.89;
2025;11;27;78;98.03;98.03;
2025;11;27;79;104.55;104.55;
2025;11;27;80;106.26;106.26;
2025;11;27;81;112.01;112.01;
2025;11;27;82;120.57;120.57;
2025;11;27;83;127.29;127.29;
2025;11;27;84;129.73;129.73;
2025;11;27;85;149.91;149.91;
2025;11;27;86;142.33;142.33;
2025;11;27;87;133.93;133.93;
2025;11;27;88;104.16;104.16;
2025;11;27;89;101.53;101.53;
2025;11;27;90;90.78;90.78;
2025;11;27;91;80.02;80.02;
2025;11;27;92;79.43;79.43;
2025;11;27;93;83.83;83.83;
2025;11;27;94;84.10;84.10;
2025;11;27;95;82.20;82.20;
2025;11;27;96;81.88;81.88;
*
