MARGINALPIBC;
2025;08;09;1;104.03;104.03;
2025;08;09;2;102.43;102.43;
2025;08;09;3;98.00;98.00;
2025;08;09;4;95.43;95.43;
2025;08;09;5;102.00;102.00;
2025;08;09;6;100.33;100.33;
2025;08;09;7;99.44;99.44;
2025;08;09;8;98.00;98.00;
2025;08;09;9;100.43;100.43;
2025;08;09;10;100.00;100.00;
2025;08;09;11;98.00;98.00;
2025;08;09;12;97.06;97.06;
2025;08;09;13;100.41;100.41;
2025;08;09;14;100.00;100.00;
2025;08;09;15;100.00;100.00;
2025;08;09;16;100.00;100.00;
2025;08;09;17;99.00;99.00;
2025;08;09;18;99.00;99.00;
2025;08;09;19;96.32;96.32;
2025;08;09;20;99.00;99.00;
2025;08;09;21;98.00;98.00;
2025;08;09;22;98.00;98.00;
2025;08;09;23;98.73;98.73;
2025;08;09;24;99.00;99.00;
2025;08;09;25;100.00;100.00;
2025;08;09;26;100.00;100.00;
2025;08;09;27;100.60;100.60;
2025;08;09;28;100.70;100.70;
2025;08;09;29;102.00;102.00;
2025;08;09;30;100.00;100.00;
2025;08;09;31;99.12;99.12;
2025;08;09;32;95.00;95.00;
2025;08;09;33;103.98;103.98;
2025;08;09;34;98.00;98.00;
2025;08;09;35;69.44;69.44;
2025;08;09;36;52.10;52.10;
2025;08;09;37;81.55;81.55;
2025;08;09;38;43.09;43.09;
2025;08;09;39;16.78;5.00;
2025;08;09;40;16.78;-.33;
2025;08;09;41;30.24;30.24;
2025;08;09;42;5.29;5.29;
2025;08;09;43;4.31;-2.10;
2025;08;09;44;4.31;-4.15;
2025;08;09;45;4.31;.85;
2025;08;09;46;4.31;.00;
2025;08;09;47;4.31;-2.10;
2025;08;09;48;4.31;-2.50;
2025;08;09;49;0.65;.65;
2025;08;09;50;0.10;.00;
2025;08;09;51;0.10;.00;
2025;08;09;52;0.10;.00;
2025;08;09;53;0.00;-2.50;
2025;08;09;54;0.00;-3.00;
2025;08;09;55;0.00;-3.00;
2025;08;09;56;0.00;-2.50;
2025;08;09;57;0.00;-3.00;
2025;08;09;58;0.00;-2.50;
2025;08;09;59;0.00;-2.50;
2025;08;09;60;0.00;-2.50;
2025;08;09;61;0.00;.00;
2025;08;09;62;0.00;.00;
2025;08;09;63;0.00;.00;
2025;08;09;64;0.65;.65;
2025;08;09;65;0.00;-3.33;
2025;08;09;66;0.00;-3.62;
2025;08;09;67;0.00;.00;
2025;08;09;68;0.70;.70;
2025;08;09;69;4.31;-16.48;
2025;08;09;70;4.31;-3.62;
2025;08;09;71;4.31;3.52;
2025;08;09;72;5.55;5.55;
2025;08;09;73;9.99;3.00;
2025;08;09;74;25.06;25.06;
2025;08;09;75;50.08;50.08;
2025;08;09;76;67.62;67.62;
2025;08;09;77;36.66;36.66;
2025;08;09;78;60.30;60.30;
2025;08;09;79;84.77;84.77;
2025;08;09;80;99.99;99.99;
2025;08;09;81;59.41;59.41;
2025;08;09;82;89.00;89.00;
2025;08;09;83;94.00;94.00;
2025;08;09;84;98.70;98.70;
2025;08;09;85;95.99;95.99;
2025;08;09;86;96.25;96.25;
2025;08;09;87;95.82;95.82;
2025;08;09;88;95.14;95.14;
2025;08;09;89;96.64;96.64;
2025;08;09;90;94.56;94.56;
2025;08;09;91;93.87;93.87;
2025;08;09;92;89.14;89.14;
2025;08;09;93;94.78;94.78;
2025;08;09;94;92.78;92.78;
2025;08;09;95;90.73;90.73;
2025;08;09;96;88.57;88.57;
*
