MARGINALPIBC;
2025;09;13;1;102.30;102.30;
2025;09;13;2;102.30;102.30;
2025;09;13;3;101.30;101.30;
2025;09;13;4;100.01;100.01;
2025;09;13;5;99.64;99.64;
2025;09;13;6;99.54;99.54;
2025;09;13;7;98.98;98.98;
2025;09;13;8;96.77;96.77;
2025;09;13;9;97.96;97.96;
2025;09;13;10;97.50;97.50;
2025;09;13;11;96.96;96.96;
2025;09;13;12;96.96;96.96;
2025;09;13;13;96.84;96.84;
2025;09;13;14;95.84;95.84;
2025;09;13;15;95.12;95.12;
2025;09;13;16;95.12;95.12;
2025;09;13;17;91.85;91.85;
2025;09;13;18;92.10;92.10;
2025;09;13;19;92.50;92.50;
2025;09;13;20;94.00;94.00;
2025;09;13;21;88.72;88.72;
2025;09;13;22;89.00;89.00;
2025;09;13;23;90.54;90.54;
2025;09;13;24;91.00;91.00;
2025;09;13;25;89.49;89.49;
2025;09;13;26;89.98;89.98;
2025;09;13;27;91.03;91.03;
2025;09;13;28;92.70;92.70;
2025;09;13;29;93.46;93.46;
2025;09;13;30;95.02;95.02;
2025;09;13;31;96.35;96.35;
2025;09;13;32;97.51;97.51;
2025;09;13;33;99.93;99.93;
2025;09;13;34;98.78;98.78;
2025;09;13;35;93.24;93.24;
2025;09;13;36;85.81;85.81;
2025;09;13;37;91.98;91.98;
2025;09;13;38;85.21;85.21;
2025;09;13;39;68.95;68.95;
2025;09;13;40;45.76;45.76;
2025;09;13;41;40.37;40.37;
2025;09;13;42;15.62;15.62;
2025;09;13;43;9.61;9.61;
2025;09;13;44;9.52;1.50;
2025;09;13;45;22.40;22.40;
2025;09;13;46;5.00;5.00;
2025;09;13;47;4.31;.36;
2025;09;13;48;4.31;-7.76;
2025;09;13;49;4.31;.65;
2025;09;13;50;4.31;-1.00;
2025;09;13;51;4.31;-3.02;
2025;09;13;52;4.31;-2.51;
2025;09;13;53;4.31;3.52;
2025;09;13;54;4.31;.65;
2025;09;13;55;4.31;.65;
2025;09;13;56;4.31;.65;
2025;09;13;57;4.31;.65;
2025;09;13;58;4.31;.65;
2025;09;13;59;4.31;.65;
2025;09;13;60;2.22;.65;
2025;09;13;61;2.22;-10.00;
2025;09;13;62;2.22;-5.51;
2025;09;13;63;1.50;-1.00;
2025;09;13;64;1.00;.00;
2025;09;13;65;5.00;-5.00;
2025;09;13;66;5.00;-2.02;
2025;09;13;67;5.00;.65;
2025;09;13;68;5.00;.65;
2025;09;13;69;4.31;.05;
2025;09;13;70;4.31;.59;
2025;09;13;71;5.65;1.72;
2025;09;13;72;5.76;3.52;
2025;09;13;73;13.30;-2.72;
2025;09;13;74;13.65;10.18;
2025;09;13;75;20.33;20.33;
2025;09;13;76;89.99;63.01;
2025;09;13;77;60.55;60.55;
2025;09;13;78;67.86;67.86;
2025;09;13;79;84.15;84.15;
2025;09;13;80;95.00;95.00;
2025;09;13;81;88.72;88.72;
2025;09;13;82;95.01;95.01;
2025;09;13;83;99.00;99.00;
2025;09;13;84;100.08;100.08;
2025;09;13;85;101.11;101.11;
2025;09;13;86;101.11;101.11;
2025;09;13;87;100.69;100.69;
2025;09;13;88;99.15;99.15;
2025;09;13;89;97.50;97.50;
2025;09;13;90;94.30;94.30;
2025;09;13;91;91.60;91.60;
2025;09;13;92;88.72;88.72;
2025;09;13;93;95.10;95.10;
2025;09;13;94;94.10;94.10;
2025;09;13;95;90.94;90.94;
2025;09;13;96;89.49;89.49;
*
