MARGINALPIBC;
2025;10;30;1;121.04;121.04;
2025;10;30;2;121.16;121.16;
2025;10;30;3;115.68;115.68;
2025;10;30;4;115.20;115.20;
2025;10;30;5;111.60;111.60;
2025;10;30;6;107.26;107.26;
2025;10;30;7;102.57;102.57;
2025;10;30;8;100.96;100.96;
2025;10;30;9;99.00;99.00;
2025;10;30;10;98.39;98.39;
2025;10;30;11;97.24;97.24;
2025;10;30;12;96.31;96.31;
2025;10;30;13;96.63;96.63;
2025;10;30;14;95.84;95.84;
2025;10;30;15;94.99;94.99;
2025;10;30;16;94.73;94.73;
2025;10;30;17;92.50;92.50;
2025;10;30;18;90.69;90.69;
2025;10;30;19;89.48;89.48;
2025;10;30;20;89.49;89.49;
2025;10;30;21;89.50;89.50;
2025;10;30;22;89.23;89.23;
2025;10;30;23;90.29;90.29;
2025;10;30;24;94.85;94.85;
2025;10;30;25;93.30;93.30;
2025;10;30;26;95.12;95.12;
2025;10;30;27;97.75;97.75;
2025;10;30;28;104.54;104.54;
2025;10;30;29;121.36;121.36;
2025;10;30;30;122.25;122.25;
2025;10;30;31;123.54;123.54;
2025;10;30;32;123.77;123.77;
2025;10;30;33;123.48;123.48;
2025;10;30;34;121.90;121.90;
2025;10;30;35;120.94;120.94;
2025;10;30;36;111.50;111.50;
2025;10;30;37;110.73;110.73;
2025;10;30;38;97.00;97.00;
2025;10;30;39;92.76;92.76;
2025;10;30;40;88.63;88.63;
2025;10;30;41;85.94;85.94;
2025;10;30;42;77.57;77.57;
2025;10;30;43;62.90;62.90;
2025;10;30;44;51.94;51.94;
2025;10;30;45;53.68;53.68;
2025;10;30;46;45.01;45.00;
2025;10;30;47;50.01;39.01;
2025;10;30;48;50.01;25.00;
2025;10;30;49;50.12;16.79;
2025;10;30;50;50.01;16.15;
2025;10;30;51;50.01;16.46;
2025;10;30;52;45.01;17.16;
2025;10;30;53;19.49;17.94;
2025;10;30;54;20.28;20.28;
2025;10;30;55;19.10;19.10;
2025;10;30;56;18.52;18.52;
2025;10;30;57;19.05;19.05;
2025;10;30;58;18.01;18.01;
2025;10;30;59;18.01;18.01;
2025;10;30;60;18.79;18.79;
2025;10;30;61;22.90;22.90;
2025;10;30;62;27.01;27.01;
2025;10;30;63;32.70;32.70;
2025;10;30;64;53.72;53.72;
2025;10;30;65;44.00;44.00;
2025;10;30;66;72.10;72.10;
2025;10;30;67;74.00;74.00;
2025;10;30;68;87.46;87.46;
2025;10;30;69;85.71;85.71;
2025;10;30;70;93.32;93.32;
2025;10;30;71;113.81;113.81;
2025;10;30;72;112.64;112.64;
2025;10;30;73;101.28;101.28;
2025;10;30;74;108.65;108.65;
2025;10;30;75;114.89;114.89;
2025;10;30;76;118.44;118.44;
2025;10;30;77;112.22;112.22;
2025;10;30;78;110.45;110.45;
2025;10;30;79;111.07;111.07;
2025;10;30;80;112.22;112.22;
2025;10;30;81;126.76;126.76;
2025;10;30;82;129.92;129.92;
2025;10;30;83;128.57;128.57;
2025;10;30;84;120.95;120.95;
2025;10;30;85;118.27;123.77;
2025;10;30;86;117.24;122.24;
2025;10;30;87;115.70;115.70;
2025;10;30;88;105.75;105.75;
2025;10;30;89;91.86;91.86;
2025;10;30;90;90.38;90.38;
2025;10;30;91;86.82;86.82;
2025;10;30;92;84.94;84.94;
2025;10;30;93;77.98;77.98;
2025;10;30;94;76.40;76.40;
2025;10;30;95;75.20;75.20;
2025;10;30;96;62.50;62.50;
*
