MARGINALPIBC;
2025;10;28;1;103.54;103.54;
2025;10;28;2;103.30;103.30;
2025;10;28;3;102.25;102.25;
2025;10;28;4;99.99;99.99;
2025;10;28;5;101.01;101.01;
2025;10;28;6;101.01;101.01;
2025;10;28;7;97.14;97.14;
2025;10;28;8;95.58;95.58;
2025;10;28;9;97.72;97.72;
2025;10;28;10;99.59;99.59;
2025;10;28;11;100.00;100.00;
2025;10;28;12;100.00;100.00;
2025;10;28;13;99.79;99.79;
2025;10;28;14;99.33;99.33;
2025;10;28;15;97.99;97.99;
2025;10;28;16;98.49;98.49;
2025;10;28;17;98.49;98.49;
2025;10;28;18;97.27;97.27;
2025;10;28;19;99.30;99.30;
2025;10;28;20;99.69;99.69;
2025;10;28;21;92.00;92.00;
2025;10;28;22;93.28;93.28;
2025;10;28;23;97.00;97.00;
2025;10;28;24;104.20;104.20;
2025;10;28;25;104.44;104.44;
2025;10;28;26;103.30;103.30;
2025;10;28;27;105.45;105.45;
2025;10;28;28;109.56;109.56;
2025;10;28;29;118.61;118.61;
2025;10;28;30;125.39;125.39;
2025;10;28;31;128.24;128.24;
2025;10;28;32;127.87;127.87;
2025;10;28;33;126.09;126.09;
2025;10;28;34;120.29;120.29;
2025;10;28;35;112.37;112.37;
2025;10;28;36;101.23;101.23;
2025;10;28;37;109.03;109.03;
2025;10;28;38;106.06;106.06;
2025;10;28;39;94.09;94.09;
2025;10;28;40;79.43;79.43;
2025;10;28;41;84.50;84.50;
2025;10;28;42;81.09;81.09;
2025;10;28;43;73.20;73.20;
2025;10;28;44;66.01;66.01;
2025;10;28;45;65.00;65.00;
2025;10;28;46;60.00;60.00;
2025;10;28;47;63.10;63.10;
2025;10;28;48;60.00;60.00;
2025;10;28;49;60.00;60.00;
2025;10;28;50;60.00;60.00;
2025;10;28;51;60.00;60.00;
2025;10;28;52;60.11;60.11;
2025;10;28;53;60.51;60.51;
2025;10;28;54;63.01;63.01;
2025;10;28;55;69.95;69.95;
2025;10;28;56;70.00;70.00;
2025;10;28;57;69.51;69.51;
2025;10;28;58;73.00;73.00;
2025;10;28;59;77.42;77.42;
2025;10;28;60;77.81;77.81;
2025;10;28;61;73.00;73.00;
2025;10;28;62;75.69;75.69;
2025;10;28;63;80.43;80.43;
2025;10;28;64;87.40;87.40;
2025;10;28;65;85.62;85.62;
2025;10;28;66;99.65;99.65;
2025;10;28;67;103.34;103.34;
2025;10;28;68;112.20;112.20;
2025;10;28;69;109.20;109.20;
2025;10;28;70;109.99;109.99;
2025;10;28;71;114.52;114.52;
2025;10;28;72;122.73;122.73;
2025;10;28;73;128.30;128.30;
2025;10;28;74;132.32;132.32;
2025;10;28;75;132.54;132.54;
2025;10;28;76;135.75;135.75;
2025;10;28;77;129.52;129.52;
2025;10;28;78;133.51;133.51;
2025;10;28;79;132.90;132.90;
2025;10;28;80;140.32;140.32;
2025;10;28;81;143.97;143.97;
2025;10;28;82;143.94;143.94;
2025;10;28;83;143.94;143.94;
2025;10;28;84;137.12;137.12;
2025;10;28;85;148.64;148.64;
2025;10;28;86;139.65;139.65;
2025;10;28;87;134.52;134.52;
2025;10;28;88;127.00;127.00;
2025;10;28;89;124.18;124.18;
2025;10;28;90;122.26;122.26;
2025;10;28;91;117.88;117.88;
2025;10;28;92;119.92;119.92;
2025;10;28;93;119.92;119.92;
2025;10;28;94;119.01;119.01;
2025;10;28;95;112.72;112.72;
2025;10;28;96;104.79;104.79;
*
