MARGINALPIBC;
2025;11;10;1;87.36;87.36;
2025;11;10;2;86.90;86.90;
2025;11;10;3;85.67;85.67;
2025;11;10;4;84.34;84.34;
2025;11;10;5;82.94;82.94;
2025;11;10;6;76.70;76.70;
2025;11;10;7;76.49;76.49;
2025;11;10;8;73.27;73.27;
2025;11;10;9;66.32;66.32;
2025;11;10;10;64.99;64.99;
2025;11;10;11;57.88;57.88;
2025;11;10;12;56.00;56.00;
2025;11;10;13;53.20;53.20;
2025;11;10;14;55.00;55.00;
2025;11;10;15;54.90;54.90;
2025;11;10;16;53.90;53.90;
2025;11;10;17;52.70;52.70;
2025;11;10;18;52.70;52.70;
2025;11;10;19;54.00;54.00;
2025;11;10;20;54.97;54.97;
2025;11;10;21;56.00;56.00;
2025;11;10;22;56.00;56.00;
2025;11;10;23;65.00;65.00;
2025;11;10;24;74.26;74.26;
2025;11;10;25;83.64;83.64;
2025;11;10;26;86.96;86.96;
2025;11;10;27;86.96;86.96;
2025;11;10;28;88.75;88.75;
2025;11;10;29;91.91;91.91;
2025;11;10;30;94.75;94.75;
2025;11;10;31;96.22;96.22;
2025;11;10;32;98.34;98.34;
2025;11;10;33;103.84;103.84;
2025;11;10;34;100.00;100.00;
2025;11;10;35;97.92;97.92;
2025;11;10;36;88.59;88.59;
2025;11;10;37;86.84;86.84;
2025;11;10;38;85.28;85.28;
2025;11;10;39;56.00;56.00;
2025;11;10;40;36.24;36.24;
2025;11;10;41;49.36;49.36;
2025;11;10;42;43.81;43.81;
2025;11;10;43;43.63;43.63;
2025;11;10;44;32.30;32.30;
2025;11;10;45;32.12;32.12;
2025;11;10;46;32.30;32.30;
2025;11;10;47;30.03;30.03;
2025;11;10;48;29.50;29.50;
2025;11;10;49;36.47;36.47;
2025;11;10;50;32.00;32.00;
2025;11;10;51;36.84;36.84;
2025;11;10;52;30.59;30.59;
2025;11;10;53;34.03;34.03;
2025;11;10;54;30.64;30.64;
2025;11;10;55;27.00;27.00;
2025;11;10;56;23.77;23.77;
2025;11;10;57;24.32;24.32;
2025;11;10;58;29.63;29.63;
2025;11;10;59;31.23;31.23;
2025;11;10;60;34.20;34.20;
2025;11;10;61;36.24;36.24;
2025;11;10;62;44.70;44.70;
2025;11;10;63;48.01;48.01;
2025;11;10;64;52.07;52.07;
2025;11;10;65;43.58;43.58;
2025;11;10;66;51.56;51.56;
2025;11;10;67;82.70;82.70;
2025;11;10;68;89.79;89.79;
2025;11;10;69;77.69;77.69;
2025;11;10;70;87.36;87.36;
2025;11;10;71;95.11;95.11;
2025;11;10;72;115.00;115.00;
2025;11;10;73;115.56;115.56;
2025;11;10;74;125.04;125.04;
2025;11;10;75;129.20;129.20;
2025;11;10;76;130.02;130.02;
2025;11;10;77;130.95;130.95;
2025;11;10;78;132.83;132.83;
2025;11;10;79;138.11;138.11;
2025;11;10;80;140.58;140.58;
2025;11;10;81;133.88;133.88;
2025;11;10;82;135.82;135.82;
2025;11;10;83;133.53;133.53;
2025;11;10;84;131.43;131.43;
2025;11;10;85;136.58;136.58;
2025;11;10;86;130.94;130.94;
2025;11;10;87;125.95;125.95;
2025;11;10;88;110.01;110.01;
2025;11;10;89;103.28;103.28;
2025;11;10;90;97.23;97.23;
2025;11;10;91;92.26;92.26;
2025;11;10;92;89.32;89.32;
2025;11;10;93;87.13;87.13;
2025;11;10;94;77.49;77.49;
2025;11;10;95;78.84;78.84;
2025;11;10;96;77.76;77.76;
*
