MARGINALPIBC;
2025;03;01;1;107.19;107.19;
2025;03;01;2;90.65;90.65;
2025;03;01;3;87.49;87.49;
2025;03;01;4;89.90;89.90;
2025;03;01;5;79.21;79.21;
2025;03;01;6;70.75;70.75;
2025;03;01;7;83.72;83.72;
2025;03;01;8;86.50;86.50;
2025;03;01;9;90.92;90.92;
2025;03;01;10;77.00;77.00;
2025;03;01;11;62.62;62.62;
2025;03;01;12;52.87;52.87;
2025;03;01;13;45.32;45.32;
2025;03;01;14;45.66;45.66;
2025;03;01;15;40.61;40.61;
2025;03;01;16;36.73;36.73;
2025;03;01;17;41.75;41.75;
2025;03;01;18;50.88;50.88;
2025;03;01;19;74.63;74.63;
2025;03;01;20;81.99;81.99;
2025;03;01;21;91.56;91.56;
2025;03;01;22;80.04;80.04;
2025;03;01;23;87.49;87.49;
2025;03;01;24;71.28;71.28;
*
