MARGINALPIBC;
2025;09;21;1;80.00;80.00;
2025;09;21;2;75.23;75.23;
2025;09;21;3;60.80;60.80;
2025;09;21;4;50.80;50.80;
2025;09;21;5;79.85;79.85;
2025;09;21;6;72.95;72.95;
2025;09;21;7;57.85;57.85;
2025;09;21;8;57.85;57.85;
2025;09;21;9;70.95;70.95;
2025;09;21;10;59.95;59.95;
2025;09;21;11;50.94;50.94;
2025;09;21;12;45.94;45.94;
2025;09;21;13;69.10;69.10;
2025;09;21;14;64.49;64.49;
2025;09;21;15;59.00;59.00;
2025;09;21;16;59.00;59.00;
2025;09;21;17;73.97;73.97;
2025;09;21;18;68.97;68.97;
2025;09;21;19;63.97;63.97;
2025;09;21;20;62.98;62.98;
2025;09;21;21;64.78;64.78;
2025;09;21;22;55.35;55.35;
2025;09;21;23;55.35;55.35;
2025;09;21;24;55.35;55.35;
2025;09;21;25;49.17;49.17;
2025;09;21;26;50.38;50.38;
2025;09;21;27;50.94;50.94;
2025;09;21;28;65.94;65.94;
2025;09;21;29;65.01;65.01;
2025;09;21;30;73.49;73.49;
2025;09;21;31;74.86;74.86;
2025;09;21;32;75.62;75.62;
2025;09;21;33;69.39;69.39;
2025;09;21;34;69.38;69.38;
2025;09;21;35;49.38;49.38;
2025;09;21;36;36.09;36.09;
2025;09;21;37;61.40;61.40;
2025;09;21;38;60.20;36.20;
2025;09;21;39;21.76;-.01;
2025;09;21;40;26.20;-8.49;
2025;09;21;41;60.20;30.00;
2025;09;21;42;58.50;9.92;
2025;09;21;43;12.22;-5.51;
2025;09;21;44;5.56;-16.55;
2025;09;21;45;4.31;3.52;
2025;09;21;46;4.31;1.72;
2025;09;21;47;4.31;.65;
2025;09;21;48;4.31;.64;
2025;09;21;49;4.31;.00;
2025;09;21;50;4.31;.00;
2025;09;21;51;2.22;.00;
2025;09;21;52;2.22;.00;
2025;09;21;53;4.31;.00;
2025;09;21;54;2.22;.00;
2025;09;21;55;0.00;.00;
2025;09;21;56;0.00;.00;
2025;09;21;57;4.31;.00;
2025;09;21;58;4.31;.00;
2025;09;21;59;0.00;.00;
2025;09;21;60;0.00;.00;
2025;09;21;61;4.31;.00;
2025;09;21;62;2.50;.00;
2025;09;21;63;0.00;.00;
2025;09;21;64;0.00;.00;
2025;09;21;65;4.31;-.01;
2025;09;21;66;4.31;.00;
2025;09;21;67;4.31;.00;
2025;09;21;68;4.31;.00;
2025;09;21;69;4.31;-.01;
2025;09;21;70;4.31;-.01;
2025;09;21;71;4.31;.00;
2025;09;21;72;4.31;.00;
2025;09;21;73;0.00;-17.00;
2025;09;21;74;4.31;-8.00;
2025;09;21;75;11.45;3.52;
2025;09;21;76;60.20;14.00;
2025;09;21;77;15.90;15.90;
2025;09;21;78;33.00;33.00;
2025;09;21;79;65.40;65.40;
2025;09;21;80;85.32;85.32;
2025;09;21;81;64.96;64.96;
2025;09;21;82;69.96;69.96;
2025;09;21;83;69.97;69.97;
2025;09;21;84;69.97;69.97;
2025;09;21;85;61.40;61.40;
2025;09;21;86;61.40;61.40;
2025;09;21;87;61.40;61.40;
2025;09;21;88;61.40;61.40;
2025;09;21;89;60.20;60.20;
2025;09;21;90;54.80;54.80;
2025;09;21;91;54.80;54.80;
2025;09;21;92;46.80;46.80;
2025;09;21;93;61.40;61.40;
2025;09;21;94;58.08;58.08;
2025;09;21;95;44.08;44.08;
2025;09;21;96;31.08;31.08;
*
