MARGINALPIBC;
2025;01;06;1;18.28;5.28;
2025;01;06;2;13.35;8.35;
2025;01;06;3;10.23;5.23;
2025;01;06;4;8.52;.00;
2025;01;06;5;8.52;-.01;
2025;01;06;6;10.61;5.61;
2025;01;06;7;16.27;9.27;
2025;01;06;8;31.03;31.03;
2025;01;06;9;51.90;51.90;
2025;01;06;10;51.15;48.15;
2025;01;06;11;69.87;53.71;
2025;01;06;12;52.69;52.69;
2025;01;06;13;46.28;46.28;
2025;01;06;14;35.89;35.89;
2025;01;06;15;15.40;15.40;
2025;01;06;16;22.95;15.85;
2025;01;06;17;48.50;48.50;
2025;01;06;18;76.06;76.06;
2025;01;06;19;91.40;91.40;
2025;01;06;20;109.96;109.96;
2025;01;06;21;116.20;116.20;
2025;01;06;22;117.78;117.78;
2025;01;06;23;105.93;105.93;
2025;01;06;24;90.00;90.00;
*
