MARGINALPIBC;
2025;04;17;1;12.19;12.19;
2025;04;17;2;12.19;12.19;
2025;04;17;3;12.19;12.19;
2025;04;17;4;12.19;12.19;
2025;04;17;5;4.54;4.54;
2025;04;17;6;3.53;3.53;
2025;04;17;7;4.54;4.54;
2025;04;17;8;6.22;6.22;
2025;04;17;9;5.98;5.98;
2025;04;17;10;4.54;4.54;
2025;04;17;11;4.98;4.98;
2025;04;17;12;4.54;4.54;
2025;04;17;13;5.88;5.88;
2025;04;17;14;4.54;4.54;
2025;04;17;15;3.53;3.53;
2025;04;17;16;3.53;3.53;
2025;04;17;17;5.50;5.50;
2025;04;17;18;5.50;5.50;
2025;04;17;19;5.50;5.50;
2025;04;17;20;5.50;5.50;
2025;04;17;21;4.54;4.54;
2025;04;17;22;4.54;4.54;
2025;04;17;23;4.54;4.54;
2025;04;17;24;4.54;4.54;
2025;04;17;25;3.53;3.53;
2025;04;17;26;3.53;3.53;
2025;04;17;27;4.46;4.46;
2025;04;17;28;4.54;4.54;
2025;04;17;29;14.48;14.48;
2025;04;17;30;14.48;14.48;
2025;04;17;31;14.48;14.48;
2025;04;17;32;14.48;14.48;
2025;04;17;33;22.97;22.97;
2025;04;17;34;19.97;19.97;
2025;04;17;35;6.66;6.66;
2025;04;17;36;3.52;3.52;
2025;04;17;37;14.00;14.00;
2025;04;17;38;9.50;9.50;
2025;04;17;39;3.17;3.17;
2025;04;17;40;0.87;.87;
2025;04;17;41;3.52;3.52;
2025;04;17;42;3.17;3.17;
2025;04;17;43;1.49;1.49;
2025;04;17;44;0.87;.87;
2025;04;17;45;1.49;1.49;
2025;04;17;46;1.49;.24;
2025;04;17;47;-0.10;-1.38;
2025;04;17;48;-0.10;-3.51;
2025;04;17;49;4.31;.00;
2025;04;17;50;4.31;.00;
2025;04;17;51;4.31;.00;
2025;04;17;52;0.00;.00;
2025;04;17;53;0.00;.00;
2025;04;17;54;0.00;.00;
2025;04;17;55;0.00;.00;
2025;04;17;56;-0.05;-.05;
2025;04;17;57;0.00;.00;
2025;04;17;58;0.00;.00;
2025;04;17;59;0.00;.00;
2025;04;17;60;-0.01;-.01;
2025;04;17;61;-0.10;-.10;
2025;04;17;62;0.00;.00;
2025;04;17;63;0.00;.00;
2025;04;17;64;0.00;.00;
2025;04;17;65;-0.01;-.01;
2025;04;17;66;0.00;.00;
2025;04;17;67;0.00;.00;
2025;04;17;68;0.00;.00;
2025;04;17;69;-0.15;-.15;
2025;04;17;70;0.00;.00;
2025;04;17;71;0.00;.00;
2025;04;17;72;0.65;.65;
2025;04;17;73;0.74;.74;
2025;04;17;74;2.82;2.82;
2025;04;17;75;3.52;3.52;
2025;04;17;76;3.87;3.87;
2025;04;17;77;3.17;3.17;
2025;04;17;78;6.66;6.66;
2025;04;17;79;25.08;25.08;
2025;04;17;80;47.90;47.90;
2025;04;17;81;62.83;62.83;
2025;04;17;82;72.83;72.83;
2025;04;17;83;87.56;87.56;
2025;04;17;84;87.65;87.65;
2025;04;17;85;106.70;106.70;
2025;04;17;86;106.70;106.70;
2025;04;17;87;104.36;104.36;
2025;04;17;88;95.97;95.97;
2025;04;17;89;89.06;89.06;
2025;04;17;90;87.56;87.56;
2025;04;17;91;85.71;85.71;
2025;04;17;92;83.20;83.20;
2025;04;17;93;67.40;67.40;
2025;04;17;94;65.40;65.40;
2025;04;17;95;62.40;62.40;
2025;04;17;96;61.40;61.40;
*
