MARGINALPIBC;
2025;04;06;1;77.47;77.47;
2025;04;06;2;71.46;71.46;
2025;04;06;3;63.45;63.45;
2025;04;06;4;56.45;56.45;
2025;04;06;5;60.01;60.01;
2025;04;06;6;51.21;51.21;
2025;04;06;7;47.22;47.22;
2025;04;06;8;43.21;43.21;
2025;04;06;9;42.01;42.01;
2025;04;06;10;36.02;36.02;
2025;04;06;11;35.40;35.40;
2025;04;06;12;30.01;30.01;
2025;04;06;13;20.01;20.01;
2025;04;06;14;19.60;19.60;
2025;04;06;15;18.01;18.01;
2025;04;06;16;16.01;16.01;
2025;04;06;17;20.50;20.50;
2025;04;06;18;21.68;21.68;
2025;04;06;19;20.50;20.50;
2025;04;06;20;18.49;18.49;
2025;04;06;21;22.37;22.37;
2025;04;06;22;24.86;24.86;
2025;04;06;23;24.34;24.34;
2025;04;06;24;25.57;25.57;
2025;04;06;25;20.11;20.11;
2025;04;06;26;25.22;25.22;
2025;04;06;27;22.61;22.61;
2025;04;06;28;26.47;26.47;
2025;04;06;29;22.47;22.47;
2025;04;06;30;26.18;26.18;
2025;04;06;31;28.67;28.67;
2025;04;06;32;28.85;28.85;
2025;04;06;33;50.28;50.28;
2025;04;06;34;31.25;31.25;
2025;04;06;35;16.26;16.26;
2025;04;06;36;5.00;5.00;
2025;04;06;37;27.96;27.96;
2025;04;06;38;8.80;8.80;
2025;04;06;39;-5.19;-5.19;
2025;04;06;40;-9.31;-9.31;
2025;04;06;41;3.99;3.99;
2025;04;06;42;0.00;.00;
2025;04;06;43;-0.20;-.20;
2025;04;06;44;-0.81;-.81;
2025;04;06;45;-0.20;-.20;
2025;04;06;46;-0.50;-.50;
2025;04;06;47;-0.54;-.54;
2025;04;06;48;-0.64;-.64;
2025;04;06;49;-0.53;-.53;
2025;04;06;50;-0.53;-.53;
2025;04;06;51;-0.53;-.53;
2025;04;06;52;-0.53;-.53;
2025;04;06;53;-0.64;-.64;
2025;04;06;54;-0.20;-.20;
2025;04;06;55;-0.20;-.20;
2025;04;06;56;-0.20;-.20;
2025;04;06;57;-0.20;-.20;
2025;04;06;58;-0.20;-.20;
2025;04;06;59;-0.20;-.20;
2025;04;06;60;-0.20;-.20;
2025;04;06;61;-1.12;-1.12;
2025;04;06;62;-1.01;-1.01;
2025;04;06;63;-0.70;-.70;
2025;04;06;64;-0.42;-.42;
2025;04;06;65;-1.49;-1.49;
2025;04;06;66;-1.29;-1.29;
2025;04;06;67;-0.99;-.99;
2025;04;06;68;-0.20;-.20;
2025;04;06;69;-9.00;-9.00;
2025;04;06;70;-5.37;-5.37;
2025;04;06;71;0.00;.00;
2025;04;06;72;0.00;.00;
2025;04;06;73;0.00;.00;
2025;04;06;74;7.20;7.20;
2025;04;06;75;19.96;19.96;
2025;04;06;76;28.41;28.41;
2025;04;06;77;2.51;2.51;
2025;04;06;78;20.20;20.20;
2025;04;06;79;35.20;35.20;
2025;04;06;80;53.69;53.69;
2025;04;06;81;74.91;74.91;
2025;04;06;82;73.00;73.00;
2025;04;06;83;75.00;75.00;
2025;04;06;84;72.68;72.68;
2025;04;06;85;80.57;80.57;
2025;04;06;86;77.18;77.18;
2025;04;06;87;75.00;75.00;
2025;04;06;88;64.00;64.00;
2025;04;06;89;69.51;69.51;
2025;04;06;90;67.11;67.11;
2025;04;06;91;67.57;67.57;
2025;04;06;92;67.01;67.01;
2025;04;06;93;67.22;67.22;
2025;04;06;94;64.62;64.62;
2025;04;06;95;65.38;65.38;
2025;04;06;96;56.38;56.38;
*
