MARGINALPIBC;
2025;11;12;1;50.00;50.00;
2025;11;12;2;48.80;48.80;
2025;11;12;3;38.90;38.90;
2025;11;12;4;26.31;26.31;
2025;11;12;5;30.93;30.93;
2025;11;12;6;23.43;23.43;
2025;11;12;7;22.43;22.43;
2025;11;12;8;22.04;22.04;
2025;11;12;9;23.65;23.65;
2025;11;12;10;22.60;22.60;
2025;11;12;11;24.81;24.81;
2025;11;12;12;20.01;20.01;
2025;11;12;13;24.54;24.54;
2025;11;12;14;20.17;20.17;
2025;11;12;15;12.11;12.11;
2025;11;12;16;9.72;9.72;
2025;11;12;17;10.90;10.90;
2025;11;12;18;10.78;10.78;
2025;11;12;19;8.31;8.31;
2025;11;12;20;12.87;12.87;
2025;11;12;21;14.50;14.50;
2025;11;12;22;14.93;14.93;
2025;11;12;23;20.18;20.18;
2025;11;12;24;20.68;20.68;
2025;11;12;25;30.99;30.99;
2025;11;12;26;38.10;38.10;
2025;11;12;27;48.80;48.80;
2025;11;12;28;50.00;50.00;
2025;11;12;29;52.50;52.50;
2025;11;12;30;60.62;60.62;
2025;11;12;31;55.05;55.05;
2025;11;12;32;61.43;61.43;
2025;11;12;33;60.83;60.83;
2025;11;12;34;51.76;51.76;
2025;11;12;35;49.04;49.04;
2025;11;12;36;30.37;30.37;
2025;11;12;37;28.83;28.83;
2025;11;12;38;20.02;20.02;
2025;11;12;39;5.30;5.30;
2025;11;12;40;3.52;3.52;
2025;11;12;41;4.31;4.31;
2025;11;12;42;3.52;3.52;
2025;11;12;43;1.72;1.72;
2025;11;12;44;0.43;.43;
2025;11;12;45;0.00;.00;
2025;11;12;46;0.00;.00;
2025;11;12;47;0.00;.00;
2025;11;12;48;0.00;.00;
2025;11;12;49;1.72;1.72;
2025;11;12;50;1.60;1.60;
2025;11;12;51;1.25;1.25;
2025;11;12;52;1.08;1.08;
2025;11;12;53;1.00;1.00;
2025;11;12;54;0.90;.90;
2025;11;12;55;0.65;.65;
2025;11;12;56;0.65;.65;
2025;11;12;57;0.65;.65;
2025;11;12;58;1.16;1.16;
2025;11;12;59;1.72;1.72;
2025;11;12;60;1.72;1.72;
2025;11;12;61;2.91;2.91;
2025;11;12;62;3.52;3.52;
2025;11;12;63;3.52;3.52;
2025;11;12;64;3.52;3.52;
2025;11;12;65;7.28;7.28;
2025;11;12;66;15.44;15.44;
2025;11;12;67;17.12;17.12;
2025;11;12;68;28.96;28.96;
2025;11;12;69;36.42;36.42;
2025;11;12;70;49.76;49.76;
2025;11;12;71;50.00;50.00;
2025;11;12;72;66.86;66.86;
2025;11;12;73;58.68;58.68;
2025;11;12;74;71.03;71.03;
2025;11;12;75;73.84;73.84;
2025;11;12;76;76.00;76.00;
2025;11;12;77;71.03;71.03;
2025;11;12;78;71.90;71.90;
2025;11;12;79;76.00;76.00;
2025;11;12;80;78.39;78.39;
2025;11;12;81;76.51;76.51;
2025;11;12;82;77.00;77.00;
2025;11;12;83;76.74;76.74;
2025;11;12;84;76.03;76.03;
2025;11;12;85;78.68;78.68;
2025;11;12;86;76.53;76.53;
2025;11;12;87;68.09;68.09;
2025;11;12;88;59.03;59.03;
2025;11;12;89;60.00;60.00;
2025;11;12;90;52.00;52.00;
2025;11;12;91;49.76;49.76;
2025;11;12;92;49.28;49.28;
2025;11;12;93;47.51;47.51;
2025;11;12;94;35.68;35.68;
2025;11;12;95;30.15;30.15;
2025;11;12;96;18.36;18.36;
*
