MARGINALPIBC;
2025;06;08;1;75.80;75.80;
2025;06;08;2;72.80;72.80;
2025;06;08;3;66.52;66.52;
2025;06;08;4;66.52;66.52;
2025;06;08;5;64.00;64.00;
2025;06;08;6;63.49;63.49;
2025;06;08;7;62.80;62.80;
2025;06;08;8;60.80;60.80;
2025;06;08;9;63.80;63.80;
2025;06;08;10;60.80;60.80;
2025;06;08;11;60.80;60.80;
2025;06;08;12;59.30;59.30;
2025;06;08;13;60.80;60.80;
2025;06;08;14;60.00;60.00;
2025;06;08;15;60.00;60.00;
2025;06;08;16;59.16;59.16;
2025;06;08;17;50.00;50.00;
2025;06;08;18;48.79;48.79;
2025;06;08;19;47.00;47.00;
2025;06;08;20;50.00;50.00;
2025;06;08;21;53.25;53.25;
2025;06;08;22;52.35;52.35;
2025;06;08;23;52.00;52.00;
2025;06;08;24;57.00;57.00;
2025;06;08;25;60.80;60.80;
2025;06;08;26;59.71;59.71;
2025;06;08;27;59.36;59.36;
2025;06;08;28;59.36;59.36;
2025;06;08;29;42.02;42.02;
2025;06;08;30;22.02;22.02;
2025;06;08;31;6.60;6.60;
2025;06;08;32;0.15;.15;
2025;06;08;33;10.01;10.01;
2025;06;08;34;0.83;.83;
2025;06;08;35;-4.40;-5.67;
2025;06;08;36;-5.00;-14.17;
2025;06;08;37;22.19;-.50;
2025;06;08;38;22.19;-7.00;
2025;06;08;39;6.00;-12.50;
2025;06;08;40;6.00;-18.00;
2025;06;08;41;1.98;-2.00;
2025;06;08;42;1.98;-7.95;
2025;06;08;43;1.98;-13.91;
2025;06;08;44;1.98;-18.88;
2025;06;08;45;1.98;-6.69;
2025;06;08;46;1.98;-9.90;
2025;06;08;47;1.98;-15.06;
2025;06;08;48;1.98;-15.08;
2025;06;08;49;1.98;-9.00;
2025;06;08;50;1.98;-17.50;
2025;06;08;51;1.98;-17.50;
2025;06;08;52;1.98;-17.50;
2025;06;08;53;4.31;-18.00;
2025;06;08;54;4.31;-18.00;
2025;06;08;55;4.31;-17.99;
2025;06;08;56;4.31;-17.99;
2025;06;08;57;4.31;-18.00;
2025;06;08;58;3.93;-17.99;
2025;06;08;59;1.98;-18.00;
2025;06;08;60;1.93;-18.00;
2025;06;08;61;1.51;-18.00;
2025;06;08;62;1.51;-18.00;
2025;06;08;63;1.51;-18.00;
2025;06;08;64;1.51;-18.00;
2025;06;08;65;1.04;-18.00;
2025;06;08;66;1.04;-17.99;
2025;06;08;67;1.04;-17.80;
2025;06;08;68;1.04;-9.93;
2025;06;08;69;1.50;-17.10;
2025;06;08;70;1.55;-12.09;
2025;06;08;71;3.50;-3.02;
2025;06;08;72;4.31;-.67;
2025;06;08;73;2.18;-12.07;
2025;06;08;74;2.23;-8.00;
2025;06;08;75;4.31;.25;
2025;06;08;76;5.76;.85;
2025;06;08;77;9.90;-17.10;
2025;06;08;78;12.26;-8.00;
2025;06;08;79;62.80;14.64;
2025;06;08;80;62.80;54.90;
2025;06;08;81;37.70;37.70;
2025;06;08;82;78.79;78.79;
2025;06;08;83;85.00;85.00;
2025;06;08;84;89.50;89.50;
2025;06;08;85;95.34;95.34;
2025;06;08;86;97.78;97.78;
2025;06;08;87;99.50;99.50;
2025;06;08;88;98.78;98.78;
2025;06;08;89;101.30;101.30;
2025;06;08;90;98.29;98.29;
2025;06;08;91;97.57;97.57;
2025;06;08;92;92.61;92.61;
2025;06;08;93;93.80;93.80;
2025;06;08;94;90.81;90.81;
2025;06;08;95;87.80;87.80;
2025;06;08;96;85.00;85.00;
*
