MARGINALPIBC;
2025;06;21;1;132.32;132.32;
2025;06;21;2;128.89;128.89;
2025;06;21;3;127.90;127.90;
2025;06;21;4;126.74;126.74;
2025;06;21;5;126.93;126.93;
2025;06;21;6;126.51;126.51;
2025;06;21;7;124.81;124.81;
2025;06;21;8;123.12;123.12;
2025;06;21;9;125.45;125.45;
2025;06;21;10;123.77;123.77;
2025;06;21;11;122.09;122.09;
2025;06;21;12;122.09;122.09;
2025;06;21;13;121.76;121.76;
2025;06;21;14;120.81;120.81;
2025;06;21;15;120.81;120.81;
2025;06;21;16;120.17;120.17;
2025;06;21;17;119.47;119.47;
2025;06;21;18;118.75;118.75;
2025;06;21;19;118.75;118.75;
2025;06;21;20;118.92;118.92;
2025;06;21;21;117.43;117.43;
2025;06;21;22;117.80;117.80;
2025;06;21;23;117.80;117.80;
2025;06;21;24;118.75;118.75;
2025;06;21;25;119.17;119.17;
2025;06;21;26;119.91;119.91;
2025;06;21;27;120.81;120.81;
2025;06;21;28;121.61;121.61;
2025;06;21;29;115.56;115.56;
2025;06;21;30;115.18;115.18;
2025;06;21;31;111.12;111.12;
2025;06;21;32;101.92;101.92;
2025;06;21;33;109.24;109.24;
2025;06;21;34;103.60;103.60;
2025;06;21;35;98.50;98.50;
2025;06;21;36;88.60;88.60;
2025;06;21;37;64.19;64.19;
2025;06;21;38;41.60;41.60;
2025;06;21;39;30.00;30.00;
2025;06;21;40;11.93;11.93;
2025;06;21;41;37.14;37.14;
2025;06;21;42;11.62;11.62;
2025;06;21;43;2.51;.00;
2025;06;21;44;1.51;-.65;
2025;06;21;45;6.35;6.35;
2025;06;21;46;4.31;-.01;
2025;06;21;47;1.89;-4.65;
2025;06;21;48;1.21;-7.00;
2025;06;21;49;4.31;-.01;
2025;06;21;50;0.15;-3.62;
2025;06;21;51;0.01;-3.62;
2025;06;21;52;0.01;-1.25;
2025;06;21;53;4.31;-.65;
2025;06;21;54;4.31;-.65;
2025;06;21;55;0.05;-.65;
2025;06;21;56;0.01;-.65;
2025;06;21;57;4.31;-3.96;
2025;06;21;58;0.01;-3.62;
2025;06;21;59;0.01;-1.25;
2025;06;21;60;0.00;-1.21;
2025;06;21;61;0.15;-3.62;
2025;06;21;62;0.69;-5.00;
2025;06;21;63;0.01;.00;
2025;06;21;64;2.69;2.69;
2025;06;21;65;4.31;-7.95;
2025;06;21;66;4.31;-5.81;
2025;06;21;67;4.31;.65;
2025;06;21;68;4.31;4.31;
2025;06;21;69;4.31;-8.00;
2025;06;21;70;4.33;2.15;
2025;06;21;71;9.31;9.31;
2025;06;21;72;28.24;28.24;
2025;06;21;73;24.27;24.27;
2025;06;21;74;54.84;54.84;
2025;06;21;75;74.27;74.27;
2025;06;21;76;84.99;84.99;
2025;06;21;77;90.09;90.09;
2025;06;21;78;103.40;103.40;
2025;06;21;79;112.17;112.17;
2025;06;21;80;124.98;124.98;
2025;06;21;81;105.38;105.38;
2025;06;21;82;120.84;120.84;
2025;06;21;83;126.84;126.84;
2025;06;21;84;135.01;135.01;
2025;06;21;85;127.93;132.68;
2025;06;21;86;129.93;134.83;
2025;06;21;87;129.93;137.83;
2025;06;21;88;129.93;134.93;
2025;06;21;89;133.81;140.31;
2025;06;21;90;135.81;140.01;
2025;06;21;91;136.12;137.93;
2025;06;21;92;130.81;130.81;
2025;06;21;93;132.37;132.37;
2025;06;21;94;124.00;124.00;
2025;06;21;95;120.97;120.97;
2025;06;21;96;120.38;120.38;
*
