MARGINALPIBC;
2025;12;03;1;86.07;86.07;
2025;12;03;2;83.99;83.99;
2025;12;03;3;82.37;82.37;
2025;12;03;4;80.00;80.00;
2025;12;03;5;81.31;81.31;
2025;12;03;6;78.80;78.80;
2025;12;03;7;77.29;77.29;
2025;12;03;8;76.58;76.58;
2025;12;03;9;78.80;78.80;
2025;12;03;10;75.95;75.95;
2025;12;03;11;75.00;75.00;
2025;12;03;12;76.58;76.58;
2025;12;03;13;74.37;74.37;
2025;12;03;14;72.72;72.72;
2025;12;03;15;72.37;72.37;
2025;12;03;16;72.24;72.24;
2025;12;03;17;72.24;72.24;
2025;12;03;18;71.98;71.98;
2025;12;03;19;72.11;72.11;
2025;12;03;20;72.24;72.24;
2025;12;03;21;75.00;75.00;
2025;12;03;22;74.76;74.76;
2025;12;03;23;74.89;74.89;
2025;12;03;24;73.27;73.27;
2025;12;03;25;78.33;78.33;
2025;12;03;26;80.66;80.66;
2025;12;03;27;81.31;81.31;
2025;12;03;28;80.49;80.49;
2025;12;03;29;81.67;81.67;
2025;12;03;30;89.46;89.46;
2025;12;03;31;90.31;90.31;
2025;12;03;32;91.30;91.30;
2025;12;03;33;95.43;95.43;
2025;12;03;34;95.86;95.86;
2025;12;03;35;93.54;93.54;
2025;12;03;36;91.98;91.98;
2025;12;03;37;91.40;91.40;
2025;12;03;38;87.04;87.04;
2025;12;03;39;81.80;81.80;
2025;12;03;40;62.07;62.07;
2025;12;03;41;80.56;80.56;
2025;12;03;42;75.56;75.56;
2025;12;03;43;69.90;69.90;
2025;12;03;44;57.20;57.20;
2025;12;03;45;66.13;66.13;
2025;12;03;46;58.90;58.90;
2025;12;03;47;46.30;46.30;
2025;12;03;48;35.63;35.63;
2025;12;03;49;33.00;33.00;
2025;12;03;50;25.00;25.00;
2025;12;03;51;28.00;28.00;
2025;12;03;52;23.30;23.30;
2025;12;03;53;21.67;21.67;
2025;12;03;54;21.20;21.20;
2025;12;03;55;20.00;20.00;
2025;12;03;56;14.50;14.50;
2025;12;03;57;14.00;14.00;
2025;12;03;58;14.00;14.00;
2025;12;03;59;15.50;15.50;
2025;12;03;60;20.33;20.33;
2025;12;03;61;21.68;21.68;
2025;12;03;62;31.17;31.17;
2025;12;03;63;51.17;51.17;
2025;12;03;64;68.75;68.75;
2025;12;03;65;56.53;56.53;
2025;12;03;66;65.90;65.90;
2025;12;03;67;76.58;76.58;
2025;12;03;68;81.61;81.61;
2025;12;03;69;78.30;78.30;
2025;12;03;70;81.95;81.95;
2025;12;03;71;84.55;84.55;
2025;12;03;72;85.12;85.12;
2025;12;03;73;87.04;87.04;
2025;12;03;74;87.02;87.02;
2025;12;03;75;88.38;88.38;
2025;12;03;76;88.92;88.92;
2025;12;03;77;82.39;82.39;
2025;12;03;78;83.18;83.18;
2025;12;03;79;83.94;83.94;
2025;12;03;80;83.24;83.24;
2025;12;03;81;89.95;89.95;
2025;12;03;82;88.98;88.98;
2025;12;03;83;86.45;86.45;
2025;12;03;84;85.20;85.20;
2025;12;03;85;87.00;87.00;
2025;12;03;86;86.47;86.47;
2025;12;03;87;82.01;82.01;
2025;12;03;88;76.92;76.92;
2025;12;03;89;82.21;82.21;
2025;12;03;90;82.37;82.37;
2025;12;03;91;81.80;81.80;
2025;12;03;92;78.26;78.26;
2025;12;03;93;78.84;78.84;
2025;12;03;94;77.70;77.70;
2025;12;03;95;73.46;73.46;
2025;12;03;96;66.00;66.00;
*
