MARGINALPIBC;
2026;06;26;1;127.29;127.29;
2026;06;26;2;125.69;125.69;
2026;06;26;3;122.72;122.72;
2026;06;26;4;117.34;117.34;
2026;06;26;5;119.28;119.28;
2026;06;26;6;117.17;117.17;
2026;06;26;7;117.80;117.80;
2026;06;26;8;115.00;115.00;
2026;06;26;9;120.41;120.41;
2026;06;26;10;121.83;121.83;
2026;06;26;11;119.00;119.00;
2026;06;26;12;116.59;116.59;
2026;06;26;13;118.44;118.44;
2026;06;26;14;115.19;115.19;
2026;06;26;15;115.01;115.01;
2026;06;26;16;115.76;115.76;
2026;06;26;17;115.00;115.00;
2026;06;26;18;117.02;117.02;
2026;06;26;19;116.63;116.63;
2026;06;26;20;116.34;116.34;
2026;06;26;21;117.02;117.02;
2026;06;26;22;117.90;117.90;
2026;06;26;23;117.70;117.70;
2026;06;26;24;122.07;122.07;
2026;06;26;25;122.09;122.09;
2026;06;26;26;122.61;122.61;
2026;06;26;27;124.59;124.59;
2026;06;26;28;124.59;124.59;
2026;06;26;29;142.50;142.50;
2026;06;26;30;136.28;136.28;
2026;06;26;31;127.11;127.11;
2026;06;26;32;116.25;116.25;
2026;06;26;33;125.43;125.43;
2026;06;26;34;119.17;119.17;
2026;06;26;35;112.35;112.35;
2026;06;26;36;103.88;103.88;
2026;06;26;37;107.17;107.17;
2026;06;26;38;98.00;98.00;
2026;06;26;39;82.44;82.44;
2026;06;26;40;79.30;79.30;
2026;06;26;41;102.64;102.64;
2026;06;26;42;97.79;97.79;
2026;06;26;43;97.08;97.08;
2026;06;26;44;95.00;95.00;
2026;06;26;45;90.01;90.01;
2026;06;26;46;85.59;85.59;
2026;06;26;47;72.39;72.39;
2026;06;26;48;71.86;71.86;
2026;06;26;49;61.84;61.84;
2026;06;26;50;57.39;57.39;
2026;06;26;51;54.56;54.56;
2026;06;26;52;53.86;53.86;
2026;06;26;53;51.51;51.51;
2026;06;26;54;48.41;48.41;
2026;06;26;55;37.41;37.41;
2026;06;26;56;34.06;34.06;
2026;06;26;57;29.99;29.99;
2026;06;26;58;29.99;29.99;
2026;06;26;59;28.56;28.56;
2026;06;26;60;22.41;22.41;
2026;06;26;61;20.33;20.33;
2026;06;26;62;19.08;19.08;
2026;06;26;63;20.00;20.00;
2026;06;26;64;20.25;20.25;
2026;06;26;65;20.41;20.41;
2026;06;26;66;21.41;21.41;
2026;06;26;67;27.01;27.01;
2026;06;26;68;31.33;31.33;
2026;06;26;69;35.00;35.00;
2026;06;26;70;46.45;46.45;
2026;06;26;71;50.06;50.06;
2026;06;26;72;57.00;57.00;
2026;06;26;73;51.41;51.41;
2026;06;26;74;68.56;68.56;
2026;06;26;75;75.34;75.34;
2026;06;26;76;95.54;95.54;
2026;06;26;77;96.19;96.19;
2026;06;26;78;97.27;97.27;
2026;06;26;79;96.48;96.48;
2026;06;26;80;116.78;116.78;
2026;06;26;81;100.10;100.10;
2026;06;26;82;115.01;115.01;
2026;06;26;83;121.99;121.99;
2026;06;26;84;124.39;124.39;
2026;06;26;85;136.00;136.00;
2026;06;26;86;151.50;151.50;
2026;06;26;87;155.50;155.50;
2026;06;26;88;155.44;155.44;
2026;06;26;89;150.06;150.06;
2026;06;26;90;150.11;150.11;
2026;06;26;91;147.44;147.44;
2026;06;26;92;140.02;140.02;
2026;06;26;93;136.17;136.17;
2026;06;26;94;132.98;132.98;
2026;06;26;95;129.47;129.47;
2026;06;26;96;118.39;118.39;
*
