MARGINALPIBC;
2025;09;29;1;75.00;75.00;
2025;09;29;2;66.98;66.98;
2025;09;29;3;51.78;51.78;
2025;09;29;4;47.49;47.49;
2025;09;29;5;66.98;66.98;
2025;09;29;6;49.99;49.99;
2025;09;29;7;47.70;47.70;
2025;09;29;8;44.75;44.75;
2025;09;29;9;66.98;66.98;
2025;09;29;10;54.81;54.81;
2025;09;29;11;45.90;45.90;
2025;09;29;12;43.99;43.99;
2025;09;29;13;49.99;49.99;
2025;09;29;14;46.00;46.00;
2025;09;29;15;34.50;34.50;
2025;09;29;16;34.50;34.50;
2025;09;29;17;43.48;43.48;
2025;09;29;18;41.91;41.91;
2025;09;29;19;49.99;49.99;
2025;09;29;20;44.62;44.62;
2025;09;29;21;34.50;34.50;
2025;09;29;22;46.85;46.85;
2025;09;29;23;49.99;49.99;
2025;09;29;24;66.98;66.98;
2025;09;29;25;43.99;43.99;
2025;09;29;26;50.00;50.00;
2025;09;29;27;66.98;66.98;
2025;09;29;28;80.65;80.65;
2025;09;29;29;70.90;70.90;
2025;09;29;30;76.40;76.40;
2025;09;29;31;83.70;83.70;
2025;09;29;32;85.44;85.44;
2025;09;29;33;82.08;82.08;
2025;09;29;34;83.70;83.70;
2025;09;29;35;78.30;78.30;
2025;09;29;36;76.00;76.00;
2025;09;29;37;89.20;89.20;
2025;09;29;38;83.97;83.97;
2025;09;29;39;69.98;69.98;
2025;09;29;40;40.09;40.09;
2025;09;29;41;67.01;67.01;
2025;09;29;42;59.13;59.13;
2025;09;29;43;39.33;39.33;
2025;09;29;44;28.98;28.98;
2025;09;29;45;40.14;40.14;
2025;09;29;46;32.24;32.24;
2025;09;29;47;25.14;25.14;
2025;09;29;48;22.88;22.88;
2025;09;29;49;29.99;29.99;
2025;09;29;50;23.00;23.00;
2025;09;29;51;24.92;24.92;
2025;09;29;52;23.07;23.07;
2025;09;29;53;23.29;23.29;
2025;09;29;54;23.06;23.06;
2025;09;29;55;22.55;22.55;
2025;09;29;56;20.30;20.30;
2025;09;29;57;16.98;16.98;
2025;09;29;58;16.98;16.98;
2025;09;29;59;16.99;16.99;
2025;09;29;60;18.09;18.09;
2025;09;29;61;22.55;22.55;
2025;09;29;62;22.55;22.55;
2025;09;29;63;22.55;22.55;
2025;09;29;64;24.32;24.32;
2025;09;29;65;22.55;22.55;
2025;09;29;66;22.88;22.88;
2025;09;29;67;34.80;34.80;
2025;09;29;68;37.18;37.18;
2025;09;29;69;24.60;24.60;
2025;09;29;70;31.99;31.99;
2025;09;29;71;52.00;52.00;
2025;09;29;72;72.00;72.00;
2025;09;29;73;58.81;58.81;
2025;09;29;74;69.01;69.01;
2025;09;29;75;89.97;89.97;
2025;09;29;76;96.57;96.57;
2025;09;29;77;80.90;80.90;
2025;09;29;78;91.78;91.78;
2025;09;29;79;101.13;101.13;
2025;09;29;80;111.24;111.24;
2025;09;29;81;128.16;128.16;
2025;09;29;82;126.36;126.36;
2025;09;29;83;123.36;123.36;
2025;09;29;84;120.26;120.26;
2025;09;29;85;104.37;104.37;
2025;09;29;86;100.98;100.98;
2025;09;29;87;98.37;98.37;
2025;09;29;88;95.68;95.68;
2025;09;29;89;91.29;91.29;
2025;09;29;90;89.90;89.90;
2025;09;29;91;88.70;88.70;
2025;09;29;92;86.54;86.54;
2025;09;29;93;89.70;89.70;
2025;09;29;94;88.40;88.40;
2025;09;29;95;87.35;87.35;
2025;09;29;96;80.10;80.10;
*
