MARGINALPIBC;
2025;06;02;1;56.81;56.81;
2025;06;02;2;50.24;50.24;
2025;06;02;3;31.24;31.24;
2025;06;02;4;26.23;26.23;
2025;06;02;5;37.25;37.25;
2025;06;02;6;29.98;29.98;
2025;06;02;7;27.25;27.25;
2025;06;02;8;21.25;21.25;
2025;06;02;9;39.99;39.99;
2025;06;02;10;36.54;36.54;
2025;06;02;11;28.66;28.66;
2025;06;02;12;26.65;26.65;
2025;06;02;13;31.07;31.07;
2025;06;02;14;28.99;28.99;
2025;06;02;15;24.10;24.10;
2025;06;02;16;19.10;19.10;
2025;06;02;17;28.89;28.89;
2025;06;02;18;28.89;28.89;
2025;06;02;19;28.89;28.89;
2025;06;02;20;30.01;30.01;
2025;06;02;21;19.89;19.89;
2025;06;02;22;23.89;23.89;
2025;06;02;23;27.89;27.89;
2025;06;02;24;28.89;28.89;
2025;06;02;25;35.01;35.01;
2025;06;02;26;45.01;45.01;
2025;06;02;27;50.30;50.30;
2025;06;02;28;50.54;50.54;
2025;06;02;29;45.60;45.60;
2025;06;02;30;59.60;59.60;
2025;06;02;31;59.60;59.60;
2025;06;02;32;51.03;51.03;
2025;06;02;33;70.08;70.08;
2025;06;02;34;62.94;62.94;
2025;06;02;35;47.96;47.96;
2025;06;02;36;38.90;38.90;
2025;06;02;37;67.76;67.76;
2025;06;02;38;52.78;52.78;
2025;06;02;39;35.01;35.01;
2025;06;02;40;20.01;16.49;
2025;06;02;41;30.00;30.00;
2025;06;02;42;22.55;22.55;
2025;06;02;43;17.01;17.01;
2025;06;02;44;16.89;10.80;
2025;06;02;45;16.68;12.09;
2025;06;02;46;16.68;5.94;
2025;06;02;47;16.68;3.52;
2025;06;02;48;16.43;2.95;
2025;06;02;49;16.43;3.52;
2025;06;02;50;15.69;3.52;
2025;06;02;51;15.01;1.72;
2025;06;02;52;15.01;1.72;
2025;06;02;53;13.76;.85;
2025;06;02;54;12.76;.85;
2025;06;02;55;12.02;.69;
2025;06;02;56;12.02;.65;
2025;06;02;57;6.45;.65;
2025;06;02;58;5.76;.65;
2025;06;02;59;5.76;.65;
2025;06;02;60;5.75;.65;
2025;06;02;61;13.76;.00;
2025;06;02;62;13.76;.00;
2025;06;02;63;13.76;.00;
2025;06;02;64;13.76;.00;
2025;06;02;65;6.56;.00;
2025;06;02;66;6.56;.00;
2025;06;02;67;6.00;.65;
2025;06;02;68;6.00;.85;
2025;06;02;69;6.56;1.72;
2025;06;02;70;6.56;3.52;
2025;06;02;71;6.56;4.65;
2025;06;02;72;9.46;9.46;
2025;06;02;73;12.65;9.90;
2025;06;02;74;14.90;14.90;
2025;06;02;75;24.64;24.64;
2025;06;02;76;35.00;35.00;
2025;06;02;77;14.88;14.88;
2025;06;02;78;30.30;30.30;
2025;06;02;79;57.99;57.99;
2025;06;02;80;81.99;81.99;
2025;06;02;81;60.06;60.06;
2025;06;02;82;80.06;80.06;
2025;06;02;83;89.81;89.81;
2025;06;02;84;98.05;98.05;
2025;06;02;85;97.00;97.00;
2025;06;02;86;100.00;100.00;
2025;06;02;87;100.00;100.00;
2025;06;02;88;100.00;100.00;
2025;06;02;89;99.42;99.42;
2025;06;02;90;98.21;98.21;
2025;06;02;91;98.21;98.21;
2025;06;02;92;95.26;95.26;
2025;06;02;93;89.81;89.81;
2025;06;02;94;84.60;84.60;
2025;06;02;95;77.50;77.50;
2025;06;02;96;66.50;66.50;
*
