MARGINALPIBC;
2025;01;21;1;135.50;135.50;
2025;01;21;2;128.72;128.72;
2025;01;21;3;121.35;121.35;
2025;01;21;4;116.84;116.84;
2025;01;21;5;115.30;115.30;
2025;01;21;6;118.83;118.83;
2025;01;21;7;136.85;136.85;
2025;01;21;8;147.90;147.90;
2025;01;21;9;148.51;159.50;
2025;01;21;10;155.00;155.10;
2025;01;21;11;147.78;147.78;
2025;01;21;12;146.69;146.69;
2025;01;21;13;144.57;144.57;
2025;01;21;14;137.84;137.84;
2025;01;21;15;131.24;131.24;
2025;01;21;16;131.61;131.61;
2025;01;21;17;140.10;140.10;
2025;01;21;18;145.55;145.55;
2025;01;21;19;148.99;148.99;
2025;01;21;20;159.01;159.24;
2025;01;21;21;156.50;156.50;
2025;01;21;22;145.55;145.55;
2025;01;21;23;137.00;137.00;
2025;01;21;24;125.74;125.74;
*
