MARGINALPIBC;
2025;01;14;1;119.62;119.62;
2025;01;14;2;117.67;117.67;
2025;01;14;3;114.67;114.67;
2025;01;14;4;114.00;114.00;
2025;01;14;5;113.08;113.08;
2025;01;14;6;113.21;113.21;
2025;01;14;7;134.84;134.84;
2025;01;14;8;151.00;155.99;
2025;01;14;9;157.31;186.44;
2025;01;14;10;151.81;151.81;
2025;01;14;11;132.04;132.04;
2025;01;14;12;114.53;114.53;
2025;01;14;13;112.37;112.37;
2025;01;14;14;111.63;111.63;
2025;01;14;15;114.27;114.27;
2025;01;14;16;115.03;115.03;
2025;01;14;17;132.53;132.53;
2025;01;14;18;160.37;160.37;
2025;01;14;19;187.11;187.11;
2025;01;14;20;186.40;186.40;
2025;01;14;21;170.57;160.57;
2025;01;14;22;164.39;150.00;
2025;01;14;23;147.58;147.58;
2025;01;14;24;139.79;139.79;
*
