MARGINALPIBC;
2026;01;23;1;38.99;38.99;
2026;01;23;2;34.53;34.53;
2026;01;23;3;30.00;30.00;
2026;01;23;4;24.75;24.75;
2026;01;23;5;25.22;25.22;
2026;01;23;6;24.90;24.90;
2026;01;23;7;24.80;24.80;
2026;01;23;8;19.75;19.75;
2026;01;23;9;21.29;21.29;
2026;01;23;10;20.99;20.99;
2026;01;23;11;21.48;21.48;
2026;01;23;12;20.15;20.15;
2026;01;23;13;21.00;21.00;
2026;01;23;14;17.47;17.47;
2026;01;23;15;20.20;20.20;
2026;01;23;16;19.66;19.66;
2026;01;23;17;21.00;21.00;
2026;01;23;18;21.00;21.00;
2026;01;23;19;22.82;22.82;
2026;01;23;20;25.46;25.46;
2026;01;23;21;25.66;25.66;
2026;01;23;22;25.68;25.68;
2026;01;23;23;27.92;27.92;
2026;01;23;24;33.67;33.67;
2026;01;23;25;31.30;31.30;
2026;01;23;26;38.00;38.00;
2026;01;23;27;40.24;40.24;
2026;01;23;28;37.70;37.70;
2026;01;23;29;50.27;50.27;
2026;01;23;30;57.52;57.52;
2026;01;23;31;63.72;63.72;
2026;01;23;32;72.40;72.40;
2026;01;23;33;53.55;53.55;
2026;01;23;34;64.62;64.62;
2026;01;23;35;66.69;66.69;
2026;01;23;36;65.89;65.89;
2026;01;23;37;53.73;53.73;
2026;01;23;38;41.98;41.98;
2026;01;23;39;30.01;30.01;
2026;01;23;40;14.00;14.00;
2026;01;23;41;35.05;35.05;
2026;01;23;42;19.24;19.24;
2026;01;23;43;6.10;6.10;
2026;01;23;44;1.50;1.50;
2026;01;23;45;9.57;9.57;
2026;01;23;46;5.37;5.37;
2026;01;23;47;5.37;5.37;
2026;01;23;48;0.91;.91;
2026;01;23;49;0.91;.91;
2026;01;23;50;0.91;.91;
2026;01;23;51;0.91;.91;
2026;01;23;52;0.91;.91;
2026;01;23;53;0.91;.91;
2026;01;23;54;0.92;.92;
2026;01;23;55;0.92;.92;
2026;01;23;56;0.92;.92;
2026;01;23;57;0.92;.92;
2026;01;23;58;3.32;3.32;
2026;01;23;59;5.37;5.37;
2026;01;23;60;9.12;9.12;
2026;01;23;61;5.37;5.37;
2026;01;23;62;6.10;6.10;
2026;01;23;63;19.87;19.87;
2026;01;23;64;45.00;45.00;
2026;01;23;65;17.94;17.94;
2026;01;23;66;30.00;30.00;
2026;01;23;67;20.62;20.62;
2026;01;23;68;40.00;40.00;
2026;01;23;69;30.00;30.00;
2026;01;23;70;40.20;40.20;
2026;01;23;71;50.00;50.00;
2026;01;23;72;67.50;67.50;
2026;01;23;73;57.69;57.69;
2026;01;23;74;69.11;72.81;
2026;01;23;75;75.28;79.38;
2026;01;23;76;90.49;90.50;
2026;01;23;77;85.80;85.80;
2026;01;23;78;92.00;92.00;
2026;01;23;79;95.00;95.00;
2026;01;23;80;103.00;103.00;
2026;01;23;81;98.00;103.01;
2026;01;23;82;102.00;107.10;
2026;01;23;83;95.69;102.69;
2026;01;23;84;92.69;98.94;
2026;01;23;85;95.00;101.25;
2026;01;23;86;95.00;102.18;
2026;01;23;87;89.00;94.00;
2026;01;23;88;80.99;90.99;
2026;01;23;89;83.20;93.20;
2026;01;23;90;76.36;83.41;
2026;01;23;91;67.77;77.87;
2026;01;23;92;65.00;70.00;
2026;01;23;93;59.94;69.94;
2026;01;23;94;64.00;64.00;
2026;01;23;95;55.10;55.10;
2026;01;23;96;50.00;50.00;
*
