MARGINALPIBC;
2025;06;06;1;127.88;127.88;
2025;06;06;2;125.72;125.72;
2025;06;06;3;124.78;124.78;
2025;06;06;4;123.55;123.55;
2025;06;06;5;125.80;125.80;
2025;06;06;6;123.67;123.67;
2025;06;06;7;122.68;122.68;
2025;06;06;8;122.68;122.68;
2025;06;06;9;118.14;118.14;
2025;06;06;10;116.27;116.27;
2025;06;06;11;116.27;116.27;
2025;06;06;12;116.24;116.24;
2025;06;06;13;110.99;110.99;
2025;06;06;14;110.99;110.99;
2025;06;06;15;110.99;110.99;
2025;06;06;16;110.99;110.99;
2025;06;06;17;110.99;110.99;
2025;06;06;18;110.99;110.99;
2025;06;06;19;110.99;110.99;
2025;06;06;20;110.99;110.99;
2025;06;06;21;111.77;111.77;
2025;06;06;22;111.77;111.77;
2025;06;06;23;111.77;111.77;
2025;06;06;24;112.77;112.77;
2025;06;06;25;118.41;118.41;
2025;06;06;26;119.15;119.15;
2025;06;06;27;121.20;121.20;
2025;06;06;28;123.26;123.26;
2025;06;06;29;124.83;124.83;
2025;06;06;30;124.72;124.72;
2025;06;06;31;122.68;122.68;
2025;06;06;32;122.60;122.60;
2025;06;06;33;123.26;123.26;
2025;06;06;34;121.20;121.20;
2025;06;06;35;110.99;110.99;
2025;06;06;36;97.17;97.17;
2025;06;06;37;86.61;86.61;
2025;06;06;38;64.43;64.43;
2025;06;06;39;56.78;40.05;
2025;06;06;40;56.78;15.22;
2025;06;06;41;36.19;27.26;
2025;06;06;42;17.03;9.77;
2025;06;06;43;17.03;.00;
2025;06;06;44;16.74;-1.61;
2025;06;06;45;20.73;11.72;
2025;06;06;46;15.78;3.52;
2025;06;06;47;15.78;1.72;
2025;06;06;48;15.73;1.72;
2025;06;06;49;16.78;2.91;
2025;06;06;50;5.84;.77;
2025;06;06;51;5.84;.77;
2025;06;06;52;5.84;.77;
2025;06;06;53;10.76;.50;
2025;06;06;54;5.91;.50;
2025;06;06;55;5.81;.11;
2025;06;06;56;5.77;.11;
2025;06;06;57;4.36;.11;
2025;06;06;58;4.32;.11;
2025;06;06;59;4.32;.01;
2025;06;06;60;4.32;.00;
2025;06;06;61;4.36;.00;
2025;06;06;62;4.32;.00;
2025;06;06;63;4.32;.01;
2025;06;06;64;4.32;.11;
2025;06;06;65;4.32;.11;
2025;06;06;66;4.32;.50;
2025;06;06;67;4.32;1.92;
2025;06;06;68;4.31;4.00;
2025;06;06;69;4.32;-3.32;
2025;06;06;70;4.32;.65;
2025;06;06;71;4.32;2.00;
2025;06;06;72;4.32;3.52;
2025;06;06;73;10.67;-1.66;
2025;06;06;74;10.67;10.67;
2025;06;06;75;14.39;14.39;
2025;06;06;76;36.08;36.08;
2025;06;06;77;14.98;14.98;
2025;06;06;78;19.20;19.20;
2025;06;06;79;61.92;61.92;
2025;06;06;80;88.17;88.17;
2025;06;06;81;75.69;75.69;
2025;06;06;82;97.50;97.50;
2025;06;06;83;105.00;105.00;
2025;06;06;84;120.99;120.99;
2025;06;06;85;130.25;130.25;
2025;06;06;86;132.01;132.01;
2025;06;06;87;132.76;132.76;
2025;06;06;88;132.51;132.51;
2025;06;06;89;138.00;138.00;
2025;06;06;90;137.34;137.34;
2025;06;06;91;133.33;133.33;
2025;06;06;92;130.54;130.54;
2025;06;06;93;120.10;120.10;
2025;06;06;94;118.41;118.41;
2025;06;06;95;116.83;116.83;
2025;06;06;96;115.35;115.35;
*
