MARGINALPIBC;
2025;11;29;1;94.29;94.29;
2025;11;29;2;91.97;91.97;
2025;11;29;3;91.39;91.39;
2025;11;29;4;89.73;89.73;
2025;11;29;5;87.42;87.42;
2025;11;29;6;87.26;87.26;
2025;11;29;7;87.05;87.05;
2025;11;29;8;85.46;85.46;
2025;11;29;9;87.05;87.05;
2025;11;29;10;85.75;85.75;
2025;11;29;11;84.56;84.56;
2025;11;29;12;83.50;83.50;
2025;11;29;13;85.75;85.75;
2025;11;29;14;84.34;84.34;
2025;11;29;15;83.69;83.69;
2025;11;29;16;83.69;83.69;
2025;11;29;17;80.20;80.20;
2025;11;29;18;80.17;80.17;
2025;11;29;19;79.70;79.70;
2025;11;29;20;79.82;79.82;
2025;11;29;21;79.11;79.11;
2025;11;29;22;79.18;79.18;
2025;11;29;23;79.70;79.70;
2025;11;29;24;80.15;80.15;
2025;11;29;25;81.11;81.11;
2025;11;29;26;81.60;81.60;
2025;11;29;27;82.49;82.49;
2025;11;29;28;84.14;84.14;
2025;11;29;29;85.46;85.46;
2025;11;29;30;86.29;86.29;
2025;11;29;31;87.00;87.00;
2025;11;29;32;92.00;92.00;
2025;11;29;33;95.00;95.00;
2025;11;29;34;90.52;90.52;
2025;11;29;35;87.84;87.84;
2025;11;29;36;85.74;85.74;
2025;11;29;37;88.27;88.27;
2025;11;29;38;84.74;84.74;
2025;11;29;39;81.80;81.80;
2025;11;29;40;74.20;74.20;
2025;11;29;41;76.01;76.01;
2025;11;29;42;78.22;78.22;
2025;11;29;43;67.12;67.12;
2025;11;29;44;55.95;55.95;
2025;11;29;45;57.99;57.99;
2025;11;29;46;51.18;51.18;
2025;11;29;47;49.35;49.35;
2025;11;29;48;46.48;46.48;
2025;11;29;49;59.50;59.50;
2025;11;29;50;54.00;54.00;
2025;11;29;51;55.22;55.22;
2025;11;29;52;52.00;52.00;
2025;11;29;53;46.20;46.20;
2025;11;29;54;44.34;44.34;
2025;11;29;55;43.38;43.38;
2025;11;29;56;44.46;44.46;
2025;11;29;57;44.20;44.20;
2025;11;29;58;48.84;48.84;
2025;11;29;59;51.85;51.85;
2025;11;29;60;52.86;52.86;
2025;11;29;61;51.23;51.23;
2025;11;29;62;57.44;57.44;
2025;11;29;63;59.61;59.61;
2025;11;29;64;75.29;75.29;
2025;11;29;65;66.72;66.72;
2025;11;29;66;68.82;68.82;
2025;11;29;67;80.54;80.54;
2025;11;29;68;86.80;86.80;
2025;11;29;69;85.60;85.60;
2025;11;29;70;92.14;92.14;
2025;11;29;71;98.41;98.41;
2025;11;29;72;102.05;102.05;
2025;11;29;73;93.82;93.82;
2025;11;29;74;94.80;94.80;
2025;11;29;75;96.02;96.02;
2025;11;29;76;97.89;97.89;
2025;11;29;77;93.95;93.95;
2025;11;29;78;94.29;94.29;
2025;11;29;79;93.73;93.73;
2025;11;29;80;93.32;93.32;
2025;11;29;81;90.84;90.84;
2025;11;29;82;90.80;90.80;
2025;11;29;83;90.50;90.50;
2025;11;29;84;90.52;90.52;
2025;11;29;85;102.20;102.20;
2025;11;29;86;100.52;100.52;
2025;11;29;87;100.15;100.15;
2025;11;29;88;96.16;96.16;
2025;11;29;89;96.07;96.07;
2025;11;29;90;95.84;95.84;
2025;11;29;91;92.78;92.78;
2025;11;29;92;90.20;90.20;
2025;11;29;93;91.85;91.85;
2025;11;29;94;88.92;88.92;
2025;11;29;95;85.60;85.60;
2025;11;29;96;85.60;85.60;
*
