MARGINALPIBC;
2025;04;28;1;22.63;22.63;
2025;04;28;2;21.63;21.63;
2025;04;28;3;21.18;21.18;
2025;04;28;4;19.63;19.63;
2025;04;28;5;13.35;13.35;
2025;04;28;6;13.30;13.30;
2025;04;28;7;13.30;13.30;
2025;04;28;8;12.65;12.65;
2025;04;28;9;3.33;3.33;
2025;04;28;10;3.33;3.33;
2025;04;28;11;3.33;3.33;
2025;04;28;12;3.33;3.33;
2025;04;28;13;3.33;3.33;
2025;04;28;14;3.33;3.33;
2025;04;28;15;3.33;3.33;
2025;04;28;16;3.33;3.33;
2025;04;28;17;3.33;3.33;
2025;04;28;18;3.33;3.33;
2025;04;28;19;3.33;3.33;
2025;04;28;20;3.33;3.33;
2025;04;28;21;5.90;5.90;
2025;04;28;22;7.00;7.00;
2025;04;28;23;8.83;8.83;
2025;04;28;24;10.20;10.20;
2025;04;28;25;20.00;20.00;
2025;04;28;26;22.00;22.00;
2025;04;28;27;22.00;22.00;
2025;04;28;28;23.00;23.00;
2025;04;28;29;37.25;44.94;
2025;04;28;30;38.70;44.94;
2025;04;28;31;38.70;39.95;
2025;04;28;32;34.04;34.04;
2025;04;28;33;38.88;39.78;
2025;04;28;34;33.00;33.00;
2025;04;28;35;15.00;15.00;
2025;04;28;36;3.32;3.32;
2025;04;28;37;3.52;3.52;
2025;04;28;38;1.53;1.53;
2025;04;28;39;-4.88;-4.88;
2025;04;28;40;-4.47;-4.47;
2025;04;28;41;-2.00;-2.00;
2025;04;28;42;-5.99;-5.99;
2025;04;28;43;-8.41;-8.41;
2025;04;28;44;-9.99;-9.99;
2025;04;28;45;0.00;.00;
2025;04;28;46;0.00;.00;
2025;04;28;47;-3.97;-3.97;
2025;04;28;48;-5.55;-9.98;
2025;04;28;49;-0.01;-.01;
2025;04;28;50;-1.01;-1.01;
2025;04;28;51;-0.69;-4.01;
2025;04;28;52;-0.69;-5.10;
2025;04;28;53;-2.00;-2.50;
2025;04;28;54;-2.00;-5.31;
2025;04;28;55;-2.00;-7.12;
2025;04;28;56;0.00;-9.30;
2025;04;28;57;-1.18;-8.47;
2025;04;28;58;-1.19;-8.47;
2025;04;28;59;0.00;-6.00;
2025;04;28;60;0.00;-2.27;
2025;04;28;61;-1.19;-11.12;
2025;04;28;62;0.00;-5.84;
2025;04;28;63;0.00;-1.54;
2025;04;28;64;0.00;.00;
2025;04;28;65;0.00;-26.85;
2025;04;28;66;0.00;-12.94;
2025;04;28;67;0.00;-5.77;
2025;04;28;68;0.00;-5.77;
2025;04;28;69;0.00;-5.00;
2025;04;28;70;0.00;-3.01;
2025;04;28;71;0.31;-2.01;
2025;04;28;72;0.00;-1.01;
2025;04;28;73;-6.71;-6.71;
2025;04;28;74;-5.55;-5.55;
2025;04;28;75;-2.83;-2.83;
2025;04;28;76;0.65;.65;
2025;04;28;77;-7.77;-7.77;
2025;04;28;78;-2.79;-2.79;
2025;04;28;79;5.20;5.20;
2025;04;28;80;15.20;15.20;
2025;04;28;81;20.70;20.70;
2025;04;28;82;35.36;35.36;
2025;04;28;83;40.70;40.70;
2025;04;28;84;47.37;47.37;
2025;04;28;85;80.79;80.79;
2025;04;28;86;80.26;80.26;
2025;04;28;87;77.80;77.80;
2025;04;28;88;73.05;73.05;
2025;04;28;89;60.65;60.65;
2025;04;28;90;59.86;59.86;
2025;04;28;91;59.15;59.15;
2025;04;28;92;56.49;56.49;
2025;04;28;93;33.00;33.00;
2025;04;28;94;28.45;28.45;
2025;04;28;95;21.00;21.00;
2025;04;28;96;20.00;20.00;
*
