MARGINALPIBC;
2026;02;01;1;0.00;.00;
2026;02;01;2;0.00;2.00;
2026;02;01;3;0.00;2.00;
2026;02;01;4;0.00;1.98;
2026;02;01;5;-0.20;-.20;
2026;02;01;6;-0.30;-.30;
2026;02;01;7;-1.00;-1.00;
2026;02;01;8;-1.00;-1.00;
2026;02;01;9;0.00;.00;
2026;02;01;10;0.00;.00;
2026;02;01;11;0.00;.00;
2026;02;01;12;-0.40;-.40;
2026;02;01;13;-0.50;-.50;
2026;02;01;14;-1.00;-1.00;
2026;02;01;15;-1.00;-1.00;
2026;02;01;16;-1.00;-1.00;
2026;02;01;17;-1.90;-1.90;
2026;02;01;18;-1.91;-1.91;
2026;02;01;19;-1.90;-1.90;
2026;02;01;20;-1.90;-1.90;
2026;02;01;21;-1.84;-1.84;
2026;02;01;22;-1.79;-1.79;
2026;02;01;23;-1.69;-1.69;
2026;02;01;24;-1.00;-1.00;
2026;02;01;25;-1.00;-1.00;
2026;02;01;26;-1.00;-1.00;
2026;02;01;27;-1.00;-1.00;
2026;02;01;28;-0.16;-.16;
2026;02;01;29;-0.02;-.02;
2026;02;01;30;0.00;1.78;
2026;02;01;31;0.00;1.78;
2026;02;01;32;0.00;1.78;
2026;02;01;33;-0.50;-.50;
2026;02;01;34;-0.20;-.20;
2026;02;01;35;0.00;2.00;
2026;02;01;36;0.00;3.37;
2026;02;01;37;0.00;10.00;
2026;02;01;38;0.00;9.90;
2026;02;01;39;0.00;10.00;
2026;02;01;40;0.00;7.93;
2026;02;01;41;0.00;8.78;
2026;02;01;42;0.00;7.46;
2026;02;01;43;0.00;5.58;
2026;02;01;44;0.00;3.78;
2026;02;01;45;0.00;5.81;
2026;02;01;46;0.00;4.00;
2026;02;01;47;0.00;3.78;
2026;02;01;48;1.14;2.80;
2026;02;01;49;1.54;2.58;
2026;02;01;50;1.54;2.58;
2026;02;01;51;1.54;2.58;
2026;02;01;52;2.58;2.58;
2026;02;01;53;3.29;3.78;
2026;02;01;54;3.29;3.78;
2026;02;01;55;1.54;3.78;
2026;02;01;56;1.95;3.78;
2026;02;01;57;1.54;3.78;
2026;02;01;58;0.00;3.78;
2026;02;01;59;0.10;3.78;
2026;02;01;60;0.00;3.78;
2026;02;01;61;0.00;3.78;
2026;02;01;62;0.00;3.78;
2026;02;01;63;0.00;3.78;
2026;02;01;64;1.14;3.78;
2026;02;01;65;1.14;3.78;
2026;02;01;66;0.00;4.16;
2026;02;01;67;0.00;8.96;
2026;02;01;68;0.00;15.44;
2026;02;01;69;0.00;20.78;
2026;02;01;70;0.00;31.20;
2026;02;01;71;0.00;37.23;
2026;02;01;72;0.00;53.52;
2026;02;01;73;0.00;45.70;
2026;02;01;74;0.00;50.00;
2026;02;01;75;0.00;103.23;
2026;02;01;76;0.00;109.17;
2026;02;01;77;0.00;109.75;
2026;02;01;78;0.00;103.94;
2026;02;01;79;0.00;106.60;
2026;02;01;80;0.00;106.60;
2026;02;01;81;0.00;108.60;
2026;02;01;82;0.00;109.80;
2026;02;01;83;0.00;118.70;
2026;02;01;84;0.00;107.69;
2026;02;01;85;0.00;108.66;
2026;02;01;86;0.00;113.35;
2026;02;01;87;0.00;111.79;
2026;02;01;88;0.00;100.15;
2026;02;01;89;0.00;62.15;
2026;02;01;90;0.00;47.24;
2026;02;01;91;0.00;35.22;
2026;02;01;92;0.00;30.02;
2026;02;01;93;0.00;23.00;
2026;02;01;94;0.00;18.68;
2026;02;01;95;0.00;6.64;
2026;02;01;96;0.00;.01;
*
