MARGINALPIBC;
2025;01;01;1;129.89;129.89;
2025;01;01;2;126.59;126.59;
2025;01;01;3;123.92;123.92;
2025;01;01;4;121.42;121.42;
2025;01;01;5;115.49;115.49;
2025;01;01;6;108.09;108.09;
2025;01;01;7;109.30;109.30;
2025;01;01;8;105.12;105.12;
2025;01;01;9;106.27;106.27;
2025;01;01;10;95.00;95.00;
2025;01;01;11;48.99;35.00;
2025;01;01;12;20.21;20.21;
2025;01;01;13;25.99;25.99;
2025;01;01;14;35.63;30.00;
2025;01;01;15;25.50;25.50;
2025;01;01;16;38.51;11.75;
2025;01;01;17;75.60;75.60;
2025;01;01;18;131.80;131.80;
2025;01;01;19;152.78;152.78;
2025;01;01;20;152.78;152.78;
2025;01;01;21;153.50;153.50;
2025;01;01;22;152.78;152.78;
2025;01;01;23;151.20;151.20;
2025;01;01;24;137.62;137.62;
*
