MARGINALPIBC;
2025;08;16;1;120.32;120.32;
2025;08;16;2;118.92;118.92;
2025;08;16;3;118.82;118.82;
2025;08;16;4;118.82;118.82;
2025;08;16;5;116.36;116.36;
2025;08;16;6;114.42;114.42;
2025;08;16;7;114.32;114.32;
2025;08;16;8;114.32;114.32;
2025;08;16;9;109.79;109.79;
2025;08;16;10;109.69;109.69;
2025;08;16;11;109.69;109.69;
2025;08;16;12;109.69;109.69;
2025;08;16;13;105.00;105.00;
2025;08;16;14;105.00;105.00;
2025;08;16;15;105.00;105.00;
2025;08;16;16;105.00;105.00;
2025;08;16;17;104.38;104.38;
2025;08;16;18;104.38;104.38;
2025;08;16;19;104.28;104.28;
2025;08;16;20;104.28;104.28;
2025;08;16;21;105.40;105.40;
2025;08;16;22;105.35;105.35;
2025;08;16;23;105.35;105.35;
2025;08;16;24;105.45;105.45;
2025;08;16;25;108.43;108.43;
2025;08;16;26;108.53;108.53;
2025;08;16;27;108.63;108.63;
2025;08;16;28;108.43;108.43;
2025;08;16;29;111.19;111.19;
2025;08;16;30;111.29;111.29;
2025;08;16;31;111.19;111.19;
2025;08;16;32;111.19;111.19;
2025;08;16;33;110.87;110.87;
2025;08;16;34;104.41;104.41;
2025;08;16;35;98.85;98.85;
2025;08;16;36;78.67;78.67;
2025;08;16;37;81.60;81.60;
2025;08;16;38;61.91;61.91;
2025;08;16;39;45.01;45.01;
2025;08;16;40;27.20;27.20;
2025;08;16;41;52.99;52.99;
2025;08;16;42;32.69;32.69;
2025;08;16;43;26.27;26.27;
2025;08;16;44;23.28;21.28;
2025;08;16;45;18.80;18.80;
2025;08;16;46;6.30;6.30;
2025;08;16;47;4.31;-1.20;
2025;08;16;48;4.31;-6.85;
2025;08;16;49;7.01;7.01;
2025;08;16;50;4.31;1.04;
2025;08;16;51;4.31;.65;
2025;08;16;52;4.31;.65;
2025;08;16;53;9.13;9.13;
2025;08;16;54;4.31;4.31;
2025;08;16;55;3.51;3.51;
2025;08;16;56;3.01;3.01;
2025;08;16;57;4.31;.86;
2025;08;16;58;4.31;1.59;
2025;08;16;59;1.72;1.72;
2025;08;16;60;1.72;1.72;
2025;08;16;61;3.32;1.10;
2025;08;16;62;3.32;1.10;
2025;08;16;63;3.52;3.52;
2025;08;16;64;5.11;5.11;
2025;08;16;65;4.31;.00;
2025;08;16;66;5.01;1.10;
2025;08;16;67;5.01;4.60;
2025;08;16;68;15.47;15.47;
2025;08;16;69;10.52;10.52;
2025;08;16;70;16.52;13.53;
2025;08;16;71;33.52;33.52;
2025;08;16;72;56.32;56.32;
2025;08;16;73;43.80;43.80;
2025;08;16;74;67.20;67.20;
2025;08;16;75;76.07;76.07;
2025;08;16;76;88.37;88.37;
2025;08;16;77;58.94;58.94;
2025;08;16;78;84.66;84.66;
2025;08;16;79;100.50;100.50;
2025;08;16;80;120.10;120.10;
2025;08;16;81;94.18;94.18;
2025;08;16;82;108.54;108.54;
2025;08;16;83;133.04;133.04;
2025;08;16;84;143.12;143.12;
2025;08;16;85;138.86;138.86;
2025;08;16;86;139.00;139.00;
2025;08;16;87;140.00;140.00;
2025;08;16;88;139.00;139.00;
2025;08;16;89;137.00;137.00;
2025;08;16;90;136.00;136.00;
2025;08;16;91;131.90;131.90;
2025;08;16;92;129.17;129.17;
2025;08;16;93;120.15;120.15;
2025;08;16;94;117.65;117.65;
2025;08;16;95;115.65;115.65;
2025;08;16;96;112.65;112.65;
*
