MARGINALPIBC;
2026;01;05;1;89.87;89.87;
2026;01;05;2;87.61;87.61;
2026;01;05;3;82.07;82.07;
2026;01;05;4;80.01;80.01;
2026;01;05;5;76.26;76.26;
2026;01;05;6;70.25;70.25;
2026;01;05;7;70.01;70.01;
2026;01;05;8;78.26;78.26;
2026;01;05;9;84.70;84.70;
2026;01;05;10;82.50;82.50;
2026;01;05;11;82.32;82.32;
2026;01;05;12;83.50;83.50;
2026;01;05;13;83.50;83.50;
2026;01;05;14;84.87;84.87;
2026;01;05;15;83.50;83.50;
2026;01;05;16;81.87;81.87;
2026;01;05;17;84.70;84.70;
2026;01;05;18;82.07;82.07;
2026;01;05;19;84.87;84.87;
2026;01;05;20;85.76;85.76;
2026;01;05;21;85.86;85.86;
2026;01;05;22;85.60;85.60;
2026;01;05;23;88.00;88.00;
2026;01;05;24;88.12;88.12;
2026;01;05;25;86.78;86.78;
2026;01;05;26;78.50;78.50;
2026;01;05;27;86.19;86.19;
2026;01;05;28;86.84;86.84;
2026;01;05;29;90.90;90.90;
2026;01;05;30;93.71;93.71;
2026;01;05;31;95.40;95.40;
2026;01;05;32;95.46;95.46;
2026;01;05;33;98.47;98.47;
2026;01;05;34;101.72;101.72;
2026;01;05;35;107.00;107.00;
2026;01;05;36;110.98;110.98;
2026;01;05;37;111.73;111.73;
2026;01;05;38;110.50;110.50;
2026;01;05;39;108.17;108.17;
2026;01;05;40;100.64;100.64;
2026;01;05;41;108.51;108.51;
2026;01;05;42;103.93;103.93;
2026;01;05;43;99.31;99.31;
2026;01;05;44;95.17;95.17;
2026;01;05;45;97.19;97.19;
2026;01;05;46;96.18;96.18;
2026;01;05;47;94.95;94.95;
2026;01;05;48;93.22;93.22;
2026;01;05;49;93.22;93.22;
2026;01;05;50;92.75;92.75;
2026;01;05;51;92.56;92.56;
2026;01;05;52;93.06;93.06;
2026;01;05;53;92.99;92.99;
2026;01;05;54;93.21;93.21;
2026;01;05;55;92.99;92.99;
2026;01;05;56;92.98;92.98;
2026;01;05;57;92.98;92.98;
2026;01;05;58;92.98;92.98;
2026;01;05;59;92.98;92.98;
2026;01;05;60;92.98;92.98;
2026;01;05;61;91.78;91.78;
2026;01;05;62;92.50;92.50;
2026;01;05;63;92.74;92.74;
2026;01;05;64;93.36;93.36;
2026;01;05;65;93.22;93.22;
2026;01;05;66;94.88;94.88;
2026;01;05;67;97.51;97.51;
2026;01;05;68;103.54;103.54;
2026;01;05;69;99.65;99.65;
2026;01;05;70;105.75;105.75;
2026;01;05;71;114.05;114.05;
2026;01;05;72;126.04;126.04;
2026;01;05;73;121.34;121.34;
2026;01;05;74;125.89;125.89;
2026;01;05;75;129.32;129.32;
2026;01;05;76;134.50;134.50;
2026;01;05;77;120.35;122.25;
2026;01;05;78;120.86;123.22;
2026;01;05;79;122.82;125.19;
2026;01;05;80;123.57;123.58;
2026;01;05;81;122.74;122.74;
2026;01;05;82;122.74;122.74;
2026;01;05;83;122.33;122.33;
2026;01;05;84;120.36;120.36;
2026;01;05;85;121.61;121.61;
2026;01;05;86;119.01;119.01;
2026;01;05;87;116.63;116.63;
2026;01;05;88;114.94;114.94;
2026;01;05;89;115.87;115.87;
2026;01;05;90;110.02;110.02;
2026;01;05;91;109.01;109.01;
2026;01;05;92;104.41;104.41;
2026;01;05;93;108.00;108.00;
2026;01;05;94;102.35;102.35;
2026;01;05;95;100.49;100.49;
2026;01;05;96;98.71;98.71;
*
