MARGINALPIBC;
2026;02;23;1;28.90;28.90;
2026;02;23;2;25.74;25.74;
2026;02;23;3;25.55;25.55;
2026;02;23;4;24.66;24.66;
2026;02;23;5;24.31;24.31;
2026;02;23;6;22.80;22.80;
2026;02;23;7;21.28;21.28;
2026;02;23;8;20.57;20.57;
2026;02;23;9;28.94;28.94;
2026;02;23;10;30.01;30.01;
2026;02;23;11;28.81;28.81;
2026;02;23;12;28.02;28.02;
2026;02;23;13;25.00;25.00;
2026;02;23;14;22.99;22.99;
2026;02;23;15;21.33;21.33;
2026;02;23;16;21.30;21.30;
2026;02;23;17;20.23;20.23;
2026;02;23;18;20.00;20.00;
2026;02;23;19;21.00;21.00;
2026;02;23;20;20.30;20.30;
2026;02;23;21;26.32;26.32;
2026;02;23;22;27.68;27.68;
2026;02;23;23;27.81;27.81;
2026;02;23;24;29.07;29.07;
2026;02;23;25;23.75;26.00;
2026;02;23;26;23.75;26.00;
2026;02;23;27;25.75;28.96;
2026;02;23;28;27.45;36.90;
2026;02;23;29;29.20;33.00;
2026;02;23;30;30.78;46.60;
2026;02;23;31;33.04;62.20;
2026;02;23;32;33.04;76.60;
2026;02;23;33;36.04;83.01;
2026;02;23;34;36.36;73.00;
2026;02;23;35;36.36;52.57;
2026;02;23;36;34.01;34.01;
2026;02;23;37;42.50;42.50;
2026;02;23;38;27.29;27.29;
2026;02;23;39;22.31;22.31;
2026;02;23;40;4.00;4.00;
2026;02;23;41;13.00;13.00;
2026;02;23;42;2.50;2.50;
2026;02;23;43;1.00;.91;
2026;02;23;44;3.17;1.00;
2026;02;23;45;1.00;.91;
2026;02;23;46;1.00;.91;
2026;02;23;47;0.99;.91;
2026;02;23;48;1.00;.91;
2026;02;23;49;0.99;.63;
2026;02;23;50;0.99;.91;
2026;02;23;51;0.99;.91;
2026;02;23;52;0.99;.91;
2026;02;23;53;0.99;.00;
2026;02;23;54;0.99;.00;
2026;02;23;55;0.44;.00;
2026;02;23;56;1.00;.00;
2026;02;23;57;1.00;.00;
2026;02;23;58;1.00;.00;
2026;02;23;59;0.44;.00;
2026;02;23;60;0.99;.00;
2026;02;23;61;0.99;.91;
2026;02;23;62;1.00;.91;
2026;02;23;63;1.00;.91;
2026;02;23;64;1.00;.91;
2026;02;23;65;1.00;.91;
2026;02;23;66;1.44;.99;
2026;02;23;67;1.44;.91;
2026;02;23;68;9.38;5.53;
2026;02;23;69;15.53;15.53;
2026;02;23;70;19.63;19.63;
2026;02;23;71;25.00;25.00;
2026;02;23;72;31.29;31.29;
2026;02;23;73;24.21;28.30;
2026;02;23;74;27.00;60.22;
2026;02;23;75;27.00;80.85;
2026;02;23;76;27.00;96.44;
2026;02;23;77;31.46;105.01;
2026;02;23;78;53.53;105.80;
2026;02;23;79;54.53;104.12;
2026;02;23;80;54.53;116.26;
2026;02;23;81;121.16;138.16;
2026;02;23;82;145.10;162.10;
2026;02;23;83;145.10;162.10;
2026;02;23;84;121.16;138.16;
2026;02;23;85;108.00;125.00;
2026;02;23;86;65.73;84.76;
2026;02;23;87;56.50;73.66;
2026;02;23;88;42.81;69.09;
2026;02;23;89;35.70;65.70;
2026;02;23;90;47.00;51.02;
2026;02;23;91;8.57;48.77;
2026;02;23;92;29.36;45.56;
2026;02;23;93;28.94;52.59;
2026;02;23;94;34.01;38.35;
2026;02;23;95;30.89;35.41;
2026;02;23;96;26.14;26.14;
*
