MARGINALPIBC;
2026;01;07;1;96.48;96.48;
2026;01;07;2;92.59;92.59;
2026;01;07;3;86.66;86.66;
2026;01;07;4;82.99;82.99;
2026;01;07;5;88.43;88.43;
2026;01;07;6;85.23;85.23;
2026;01;07;7;79.95;79.95;
2026;01;07;8;81.00;81.00;
2026;01;07;9;83.00;83.00;
2026;01;07;10;78.66;78.66;
2026;01;07;11;77.93;77.93;
2026;01;07;12;75.78;75.78;
2026;01;07;13;77.11;77.11;
2026;01;07;14;72.50;72.50;
2026;01;07;15;74.13;74.13;
2026;01;07;16;73.28;73.28;
2026;01;07;17;74.13;74.13;
2026;01;07;18;74.30;74.30;
2026;01;07;19;74.13;74.13;
2026;01;07;20;74.00;74.00;
2026;01;07;21;76.74;76.74;
2026;01;07;22;76.59;76.59;
2026;01;07;23;81.00;81.00;
2026;01;07;24;83.50;83.50;
2026;01;07;25;80.04;80.04;
2026;01;07;26;85.23;85.23;
2026;01;07;27;88.90;88.90;
2026;01;07;28;89.54;89.54;
2026;01;07;29;100.02;100.02;
2026;01;07;30;102.45;102.45;
2026;01;07;31;106.46;106.46;
2026;01;07;32;103.03;103.03;
2026;01;07;33;95.05;95.05;
2026;01;07;34;100.00;100.00;
2026;01;07;35;106.11;106.11;
2026;01;07;36;102.00;102.00;
2026;01;07;37;102.00;102.00;
2026;01;07;38;96.35;96.35;
2026;01;07;39;93.90;93.90;
2026;01;07;40;87.20;87.20;
2026;01;07;41;99.08;99.08;
2026;01;07;42;95.00;95.00;
2026;01;07;43;90.17;90.17;
2026;01;07;44;85.01;85.01;
2026;01;07;45;94.70;94.70;
2026;01;07;46;91.96;91.96;
2026;01;07;47;91.96;91.96;
2026;01;07;48;90.93;90.93;
2026;01;07;49;88.79;88.79;
2026;01;07;50;86.00;86.00;
2026;01;07;51;85.34;85.34;
2026;01;07;52;85.30;85.30;
2026;01;07;53;85.23;85.23;
2026;01;07;54;85.00;85.00;
2026;01;07;55;84.26;84.26;
2026;01;07;56;82.88;82.88;
2026;01;07;57;78.91;78.91;
2026;01;07;58;80.01;80.01;
2026;01;07;59;80.28;80.28;
2026;01;07;60;81.00;81.00;
2026;01;07;61;84.90;84.90;
2026;01;07;62;85.40;85.40;
2026;01;07;63;89.45;89.45;
2026;01;07;64;92.07;92.07;
2026;01;07;65;91.01;91.01;
2026;01;07;66;89.45;89.45;
2026;01;07;67;97.20;97.20;
2026;01;07;68;98.62;98.62;
2026;01;07;69;89.20;89.20;
2026;01;07;70;92.13;92.13;
2026;01;07;71;95.06;95.06;
2026;01;07;72;102.89;102.89;
2026;01;07;73;113.72;113.72;
2026;01;07;74;114.31;114.31;
2026;01;07;75;119.73;119.73;
2026;01;07;76;132.55;132.55;
2026;01;07;77;123.14;123.14;
2026;01;07;78;124.31;124.31;
2026;01;07;79;116.33;116.33;
2026;01;07;80;112.46;112.46;
2026;01;07;81;112.97;112.97;
2026;01;07;82;115.55;115.55;
2026;01;07;83;103.87;103.87;
2026;01;07;84;99.01;99.01;
2026;01;07;85;96.36;96.36;
2026;01;07;86;100.67;100.67;
2026;01;07;87;99.51;99.51;
2026;01;07;88;94.93;94.93;
2026;01;07;89;94.88;94.88;
2026;01;07;90;92.17;92.17;
2026;01;07;91;89.45;89.45;
2026;01;07;92;91.71;91.71;
2026;01;07;93;87.94;87.94;
2026;01;07;94;83.83;83.83;
2026;01;07;95;81.50;81.50;
2026;01;07;96;79.10;79.10;
*
