MARGINALPIBC;
2025;12;07;1;47.38;47.38;
2025;12;07;2;44.19;44.19;
2025;12;07;3;41.70;41.70;
2025;12;07;4;32.01;32.01;
2025;12;07;5;35.96;35.96;
2025;12;07;6;34.27;34.27;
2025;12;07;7;32.65;32.65;
2025;12;07;8;25.99;25.99;
2025;12;07;9;30.00;30.00;
2025;12;07;10;30.00;30.00;
2025;12;07;11;24.04;24.04;
2025;12;07;12;20.01;20.01;
2025;12;07;13;28.02;28.02;
2025;12;07;14;22.51;22.51;
2025;12;07;15;17.69;17.69;
2025;12;07;16;16.00;16.00;
2025;12;07;17;14.68;14.68;
2025;12;07;18;10.89;10.89;
2025;12;07;19;9.57;9.57;
2025;12;07;20;5.82;5.82;
2025;12;07;21;13.79;13.79;
2025;12;07;22;14.05;14.05;
2025;12;07;23;14.52;14.52;
2025;12;07;24;15.97;15.97;
2025;12;07;25;20.68;20.68;
2025;12;07;26;22.82;22.82;
2025;12;07;27;19.98;19.98;
2025;12;07;28;24.73;24.73;
2025;12;07;29;22.63;22.63;
2025;12;07;30;24.90;24.90;
2025;12;07;31;24.33;24.33;
2025;12;07;32;28.00;28.00;
2025;12;07;33;33.21;33.21;
2025;12;07;34;21.99;21.99;
2025;12;07;35;26.37;26.37;
2025;12;07;36;25.03;25.03;
2025;12;07;37;34.50;34.50;
2025;12;07;38;23.46;23.46;
2025;12;07;39;42.60;42.60;
2025;12;07;40;8.34;8.34;
2025;12;07;41;36.28;36.28;
2025;12;07;42;21.51;21.51;
2025;12;07;43;13.01;13.01;
2025;12;07;44;8.96;8.96;
2025;12;07;45;21.18;21.18;
2025;12;07;46;16.14;16.14;
2025;12;07;47;11.96;11.96;
2025;12;07;48;6.60;6.60;
2025;12;07;49;8.00;8.00;
2025;12;07;50;5.80;5.80;
2025;12;07;51;5.00;5.00;
2025;12;07;52;5.11;5.11;
2025;12;07;53;4.50;4.50;
2025;12;07;54;5.00;5.00;
2025;12;07;55;5.00;5.00;
2025;12;07;56;5.50;5.50;
2025;12;07;57;5.80;5.80;
2025;12;07;58;7.66;7.66;
2025;12;07;59;7.90;7.90;
2025;12;07;60;8.00;8.00;
2025;12;07;61;5.30;5.30;
2025;12;07;62;6.81;6.81;
2025;12;07;63;17.53;17.53;
2025;12;07;64;28.35;28.35;
2025;12;07;65;14.96;14.96;
2025;12;07;66;20.00;20.00;
2025;12;07;67;30.39;30.39;
2025;12;07;68;30.17;30.17;
2025;12;07;69;32.50;32.50;
2025;12;07;70;51.00;51.00;
2025;12;07;71;64.35;64.35;
2025;12;07;72;79.93;79.93;
2025;12;07;73;81.42;81.42;
2025;12;07;74;80.74;80.74;
2025;12;07;75;82.46;82.46;
2025;12;07;76;83.90;83.90;
2025;12;07;77;83.70;83.70;
2025;12;07;78;83.70;83.70;
2025;12;07;79;83.70;83.70;
2025;12;07;80;84.92;84.92;
2025;12;07;81;88.45;88.45;
2025;12;07;82;88.57;88.57;
2025;12;07;83;88.89;88.89;
2025;12;07;84;88.71;88.71;
2025;12;07;85;90.53;90.53;
2025;12;07;86;90.47;90.47;
2025;12;07;87;87.58;87.58;
2025;12;07;88;85.12;85.12;
2025;12;07;89;83.42;83.42;
2025;12;07;90;82.78;82.78;
2025;12;07;91;82.78;82.78;
2025;12;07;92;79.19;79.19;
2025;12;07;93;78.90;78.90;
2025;12;07;94;74.31;74.31;
2025;12;07;95;73.21;73.21;
2025;12;07;96;73.98;73.98;
*
