MARGINALPIBC;
2026;01;19;1;116.25;116.25;
2026;01;19;2;113.53;113.53;
2026;01;19;3;112.74;112.74;
2026;01;19;4;107.88;107.88;
2026;01;19;5;107.88;107.88;
2026;01;19;6;105.11;105.11;
2026;01;19;7;103.40;103.40;
2026;01;19;8;104.70;104.70;
2026;01;19;9;105.00;105.00;
2026;01;19;10;103.48;103.48;
2026;01;19;11;100.55;100.55;
2026;01;19;12;100.02;100.02;
2026;01;19;13;100.49;100.49;
2026;01;19;14;100.64;100.64;
2026;01;19;15;100.56;100.56;
2026;01;19;16;101.32;101.32;
2026;01;19;17;100.44;100.44;
2026;01;19;18;101.02;101.02;
2026;01;19;19;101.32;101.32;
2026;01;19;20;101.15;101.15;
2026;01;19;21;98.70;98.70;
2026;01;19;22;101.32;101.32;
2026;01;19;23;102.81;102.81;
2026;01;19;24;104.19;104.19;
2026;01;19;25;106.81;106.81;
2026;01;19;26;113.95;113.95;
2026;01;19;27;118.87;118.87;
2026;01;19;28;134.69;134.69;
2026;01;19;29;129.29;129.29;
2026;01;19;30;136.86;143.36;
2026;01;19;31;134.94;143.36;
2026;01;19;32;138.00;153.40;
2026;01;19;33;154.48;154.48;
2026;01;19;34;173.28;173.28;
2026;01;19;35;167.21;167.21;
2026;01;19;36;157.30;157.30;
2026;01;19;37;173.52;173.52;
2026;01;19;38;132.31;132.31;
2026;01;19;39;125.80;125.80;
2026;01;19;40;119.56;119.56;
2026;01;19;41;126.27;126.27;
2026;01;19;42;119.53;119.53;
2026;01;19;43;116.51;116.51;
2026;01;19;44;114.30;114.30;
2026;01;19;45;108.77;108.77;
2026;01;19;46;106.84;106.84;
2026;01;19;47;106.19;106.19;
2026;01;19;48;106.00;106.00;
2026;01;19;49;107.80;107.80;
2026;01;19;50;106.15;106.15;
2026;01;19;51;106.00;106.00;
2026;01;19;52;105.11;105.11;
2026;01;19;53;106.00;106.00;
2026;01;19;54;105.80;105.80;
2026;01;19;55;105.29;105.29;
2026;01;19;56;105.11;105.11;
2026;01;19;57;102.33;102.33;
2026;01;19;58;102.33;102.33;
2026;01;19;59;102.33;102.33;
2026;01;19;60;102.33;102.33;
2026;01;19;61;102.31;102.31;
2026;01;19;62;102.33;102.33;
2026;01;19;63;102.42;102.42;
2026;01;19;64;106.00;106.00;
2026;01;19;65;103.26;103.26;
2026;01;19;66;106.70;106.70;
2026;01;19;67;111.64;111.64;
2026;01;19;68;118.06;118.06;
2026;01;19;69;117.45;117.45;
2026;01;19;70;123.26;123.26;
2026;01;19;71;128.48;128.48;
2026;01;19;72;148.11;148.11;
2026;01;19;73;144.10;144.10;
2026;01;19;74;178.73;178.73;
2026;01;19;75;193.85;193.85;
2026;01;19;76;195.00;195.00;
2026;01;19;77;188.46;189.13;
2026;01;19;78;179.50;184.49;
2026;01;19;79;172.91;173.87;
2026;01;19;80;165.41;165.41;
2026;01;19;81;159.54;159.54;
2026;01;19;82;143.78;143.78;
2026;01;19;83;140.00;140.00;
2026;01;19;84;135.04;135.04;
2026;01;19;85;134.42;134.42;
2026;01;19;86;131.07;131.07;
2026;01;19;87;131.20;131.20;
2026;01;19;88;122.97;122.97;
2026;01;19;89;131.84;131.84;
2026;01;19;90;125.90;125.90;
2026;01;19;91;123.52;123.52;
2026;01;19;92;119.92;119.92;
2026;01;19;93;119.53;119.53;
2026;01;19;94;113.85;113.85;
2026;01;19;95;108.29;108.29;
2026;01;19;96;104.29;104.29;
*
