MARGINALPIBC;
2026;02;19;1;0.00;.00;
2026;02;19;2;0.50;.50;
2026;02;19;3;-0.10;-.10;
2026;02;19;4;-0.44;-.44;
2026;02;19;5;-0.44;-.44;
2026;02;19;6;-0.04;-.04;
2026;02;19;7;-0.01;-.01;
2026;02;19;8;0.00;.00;
2026;02;19;9;-0.44;-.44;
2026;02;19;10;-0.44;-.44;
2026;02;19;11;-0.54;-.54;
2026;02;19;12;-0.54;-.54;
2026;02;19;13;-3.00;-3.00;
2026;02;19;14;-3.00;-3.00;
2026;02;19;15;-3.00;-3.00;
2026;02;19;16;-3.00;-3.00;
2026;02;19;17;-3.00;-3.00;
2026;02;19;18;-3.00;-3.00;
2026;02;19;19;-2.00;-2.00;
2026;02;19;20;-1.99;-1.99;
2026;02;19;21;-0.30;-.30;
2026;02;19;22;-0.04;-.04;
2026;02;19;23;-0.01;-.01;
2026;02;19;24;-0.04;-.04;
2026;02;19;25;-0.01;-.01;
2026;02;19;26;0.00;.00;
2026;02;19;27;3.63;3.63;
2026;02;19;28;3.78;3.78;
2026;02;19;29;5.08;5.08;
2026;02;19;30;6.44;13.70;
2026;02;19;31;6.58;17.06;
2026;02;19;32;6.58;21.93;
2026;02;19;33;8.01;18.90;
2026;02;19;34;9.00;16.32;
2026;02;19;35;8.00;8.00;
2026;02;19;36;5.00;5.00;
2026;02;19;37;3.78;3.78;
2026;02;19;38;1.98;1.98;
2026;02;19;39;-0.04;-.04;
2026;02;19;40;0.58;-.44;
2026;02;19;41;0.50;-.01;
2026;02;19;42;0.50;-.06;
2026;02;19;43;0.51;-.42;
2026;02;19;44;0.60;-.58;
2026;02;19;45;1.00;-.62;
2026;02;19;46;1.00;-.54;
2026;02;19;47;1.00;-.80;
2026;02;19;48;1.00;-1.04;
2026;02;19;49;1.00;-1.16;
2026;02;19;50;1.00;-1.24;
2026;02;19;51;1.00;-2.51;
2026;02;19;52;1.00;-2.80;
2026;02;19;53;0.99;-2.51;
2026;02;19;54;0.00;-2.51;
2026;02;19;55;0.00;-2.80;
2026;02;19;56;-0.02;-2.80;
2026;02;19;57;0.00;-1.73;
2026;02;19;58;1.00;-1.74;
2026;02;19;59;1.00;-1.78;
2026;02;19;60;1.00;-1.85;
2026;02;19;61;1.21;-1.01;
2026;02;19;62;1.21;-1.01;
2026;02;19;63;1.45;-1.11;
2026;02;19;64;1.46;-2.22;
2026;02;19;65;1.45;-2.10;
2026;02;19;66;1.46;-.60;
2026;02;19;67;1.82;-.44;
2026;02;19;68;2.18;-.11;
2026;02;19;69;2.91;-.10;
2026;02;19;70;4.13;.01;
2026;02;19;71;5.09;3.78;
2026;02;19;72;5.37;5.37;
2026;02;19;73;5.22;5.22;
2026;02;19;74;-0.04;-.04;
2026;02;19;75;-0.01;-.01;
2026;02;19;76;13.01;23.01;
2026;02;19;77;23.57;51.45;
2026;02;19;78;37.25;70.25;
2026;02;19;79;52.00;73.84;
2026;02;19;80;54.97;78.07;
2026;02;19;81;62.22;81.36;
2026;02;19;82;58.84;77.85;
2026;02;19;83;57.60;74.61;
2026;02;19;84;54.53;68.00;
2026;02;19;85;50.84;67.94;
2026;02;19;86;47.71;59.00;
2026;02;19;87;61.25;63.55;
2026;02;19;88;40.00;40.00;
2026;02;19;89;56.54;56.54;
2026;02;19;90;33.00;33.00;
2026;02;19;91;34.57;34.57;
2026;02;19;92;15.02;23.86;
2026;02;19;93;35.52;35.52;
2026;02;19;94;25.01;25.01;
2026;02;19;95;5.00;5.00;
2026;02;19;96;14.29;14.29;
*
