MARGINALPIBC;
2026;01;12;1;75.41;75.41;
2026;01;12;2;73.71;73.71;
2026;01;12;3;72.28;72.28;
2026;01;12;4;70.87;70.87;
2026;01;12;5;75.23;75.23;
2026;01;12;6;72.61;72.61;
2026;01;12;7;71.50;71.50;
2026;01;12;8;70.00;70.00;
2026;01;12;9;74.10;74.10;
2026;01;12;10;72.37;72.37;
2026;01;12;11;68.98;68.98;
2026;01;12;12;67.91;67.91;
2026;01;12;13;65.00;65.00;
2026;01;12;14;63.80;63.80;
2026;01;12;15;59.17;59.17;
2026;01;12;16;62.68;62.68;
2026;01;12;17;56.46;56.46;
2026;01;12;18;55.00;55.00;
2026;01;12;19;56.50;56.50;
2026;01;12;20;59.17;59.17;
2026;01;12;21;65.22;65.22;
2026;01;12;22;59.18;59.18;
2026;01;12;23;67.01;67.01;
2026;01;12;24;69.34;69.34;
2026;01;12;25;71.12;71.12;
2026;01;12;26;69.85;69.85;
2026;01;12;27;76.72;76.72;
2026;01;12;28;82.07;82.07;
2026;01;12;29;90.30;90.30;
2026;01;12;30;93.87;93.87;
2026;01;12;31;96.07;96.07;
2026;01;12;32;99.28;99.28;
2026;01;12;33;93.99;93.99;
2026;01;12;34;97.74;97.74;
2026;01;12;35;99.01;99.01;
2026;01;12;36;98.24;98.24;
2026;01;12;37;112.20;112.20;
2026;01;12;38;101.98;101.98;
2026;01;12;39;91.60;91.60;
2026;01;12;40;81.15;81.15;
2026;01;12;41;99.50;99.50;
2026;01;12;42;94.03;94.03;
2026;01;12;43;87.71;87.71;
2026;01;12;44;78.31;78.31;
2026;01;12;45;86.99;86.99;
2026;01;12;46;79.01;79.01;
2026;01;12;47;77.10;77.10;
2026;01;12;48;68.09;68.09;
2026;01;12;49;77.39;77.39;
2026;01;12;50;76.33;76.33;
2026;01;12;51;74.00;74.00;
2026;01;12;52;72.66;72.66;
2026;01;12;53;77.10;77.10;
2026;01;12;54;75.51;75.51;
2026;01;12;55;77.91;77.91;
2026;01;12;56;73.32;73.32;
2026;01;12;57;74.15;74.15;
2026;01;12;58;77.76;77.76;
2026;01;12;59;72.70;72.70;
2026;01;12;60;75.00;75.00;
2026;01;12;61;61.50;61.50;
2026;01;12;62;76.14;76.14;
2026;01;12;63;77.39;77.39;
2026;01;12;64;86.29;86.29;
2026;01;12;65;74.72;74.72;
2026;01;12;66;81.64;81.64;
2026;01;12;67;90.00;90.00;
2026;01;12;68;92.69;92.69;
2026;01;12;69;92.85;92.85;
2026;01;12;70;96.09;96.09;
2026;01;12;71;105.65;105.65;
2026;01;12;72;112.52;112.52;
2026;01;12;73;108.40;108.40;
2026;01;12;74;109.70;109.70;
2026;01;12;75;118.61;118.61;
2026;01;12;76;125.69;125.69;
2026;01;12;77;111.55;111.55;
2026;01;12;78;113.79;113.79;
2026;01;12;79;107.66;107.66;
2026;01;12;80;103.18;103.18;
2026;01;12;81;108.47;108.47;
2026;01;12;82;106.85;106.85;
2026;01;12;83;106.36;106.36;
2026;01;12;84;105.65;105.65;
2026;01;12;85;109.20;109.20;
2026;01;12;86;109.86;109.86;
2026;01;12;87;108.39;108.39;
2026;01;12;88;103.89;103.89;
2026;01;12;89;106.60;106.60;
2026;01;12;90;99.91;99.91;
2026;01;12;91;97.23;97.23;
2026;01;12;92;95.12;95.12;
2026;01;12;93;92.04;92.04;
2026;01;12;94;90.72;90.72;
2026;01;12;95;85.10;85.10;
2026;01;12;96;80.01;80.01;
*
