MARGINALPIBC;
2025;03;05;1;86.86;86.86;
2025;03;05;2;86.50;86.50;
2025;03;05;3;86.96;86.96;
2025;03;05;4;79.85;79.85;
2025;03;05;5;79.19;79.19;
2025;03;05;6;81.00;81.00;
2025;03;05;7;88.66;88.66;
2025;03;05;8;109.14;109.14;
2025;03;05;9;104.69;104.69;
2025;03;05;10;82.00;82.00;
2025;03;05;11;70.20;70.20;
2025;03;05;12;56.00;56.00;
2025;03;05;13;42.39;42.39;
2025;03;05;14;41.20;41.20;
2025;03;05;15;41.30;41.30;
2025;03;05;16;54.53;54.53;
2025;03;05;17;73.65;73.65;
2025;03;05;18;86.00;86.00;
2025;03;05;19;90.43;90.43;
2025;03;05;20;109.31;109.31;
2025;03;05;21;112.77;112.77;
2025;03;05;22;103.71;103.71;
2025;03;05;23;92.83;92.83;
2025;03;05;24;75.46;75.46;
*
