MARGINALPIBC;
2026;03;06;1;75.00;75.00;
2026;03;06;2;71.04;71.04;
2026;03;06;3;69.99;69.99;
2026;03;06;4;59.99;59.99;
2026;03;06;5;69.99;69.99;
2026;03;06;6;68.60;68.60;
2026;03;06;7;63.18;63.18;
2026;03;06;8;62.96;62.96;
2026;03;06;9;58.92;58.92;
2026;03;06;10;57.00;57.00;
2026;03;06;11;55.55;55.55;
2026;03;06;12;52.48;52.48;
2026;03;06;13;60.00;60.00;
2026;03;06;14;54.08;54.08;
2026;03;06;15;49.50;49.50;
2026;03;06;16;38.23;38.23;
2026;03;06;17;36.75;36.75;
2026;03;06;18;34.80;34.80;
2026;03;06;19;35.00;35.00;
2026;03;06;20;35.00;35.00;
2026;03;06;21;34.65;34.65;
2026;03;06;22;34.70;34.70;
2026;03;06;23;36.75;36.75;
2026;03;06;24;45.00;45.00;
2026;03;06;25;40.17;40.17;
2026;03;06;26;52.61;52.61;
2026;03;06;27;58.50;58.50;
2026;03;06;28;61.50;61.50;
2026;03;06;29;70.67;70.67;
2026;03;06;30;78.60;78.60;
2026;03;06;31;69.99;69.99;
2026;03;06;32;75.00;75.00;
2026;03;06;33;78.98;78.98;
2026;03;06;34;78.98;78.98;
2026;03;06;35;75.00;75.00;
2026;03;06;36;65.83;65.83;
2026;03;06;37;66.90;66.90;
2026;03;06;38;60.00;60.00;
2026;03;06;39;55.80;55.80;
2026;03;06;40;51.66;51.66;
2026;03;06;41;62.81;62.81;
2026;03;06;42;55.37;55.37;
2026;03;06;43;52.57;52.57;
2026;03;06;44;48.00;48.00;
2026;03;06;45;62.94;62.94;
2026;03;06;46;51.86;51.86;
2026;03;06;47;45.00;45.00;
2026;03;06;48;45.61;45.61;
2026;03;06;49;47.50;47.50;
2026;03;06;50;47.36;47.36;
2026;03;06;51;45.75;45.75;
2026;03;06;52;48.68;48.68;
2026;03;06;53;52.94;52.94;
2026;03;06;54;51.80;51.80;
2026;03;06;55;51.35;51.35;
2026;03;06;56;46.24;46.24;
2026;03;06;57;50.39;50.39;
2026;03;06;58;47.01;47.01;
2026;03;06;59;48.23;48.23;
2026;03;06;60;49.98;49.98;
2026;03;06;61;45.26;45.26;
2026;03;06;62;50.00;50.00;
2026;03;06;63;50.10;50.10;
2026;03;06;64;51.00;51.00;
2026;03;06;65;45.00;45.00;
2026;03;06;66;45.08;45.08;
2026;03;06;67;51.00;51.00;
2026;03;06;68;54.64;54.64;
2026;03;06;69;45.90;45.90;
2026;03;06;70;50.63;50.63;
2026;03;06;71;51.09;51.09;
2026;03;06;72;58.60;58.60;
2026;03;06;73;55.55;55.55;
2026;03;06;74;60.00;60.00;
2026;03;06;75;65.20;65.20;
2026;03;06;76;88.49;88.49;
2026;03;06;77;91.62;91.62;
2026;03;06;78;97.01;97.01;
2026;03;06;79;100.10;100.10;
2026;03;06;80;95.69;101.68;
2026;03;06;81;86.34;86.34;
2026;03;06;82;91.05;91.05;
2026;03;06;83;94.11;94.11;
2026;03;06;84;88.82;88.82;
2026;03;06;85;94.31;94.31;
2026;03;06;86;92.50;92.50;
2026;03;06;87;89.74;89.74;
2026;03;06;88;77.45;77.45;
2026;03;06;89;78.87;78.87;
2026;03;06;90;76.80;76.80;
2026;03;06;91;86.37;86.37;
2026;03;06;92;77.00;77.00;
2026;03;06;93;76.26;76.26;
2026;03;06;94;68.00;68.00;
2026;03;06;95;69.00;69.00;
2026;03;06;96;55.03;55.03;
*
