MARGINALPIBC;
2025;09;17;1;113.41;113.41;
2025;09;17;2;110.00;110.00;
2025;09;17;3;107.12;107.12;
2025;09;17;4;107.12;107.12;
2025;09;17;5;111.64;111.64;
2025;09;17;6;109.98;109.98;
2025;09;17;7;107.78;107.78;
2025;09;17;8;105.55;105.55;
2025;09;17;9;105.55;105.55;
2025;09;17;10;105.00;105.00;
2025;09;17;11;102.91;102.91;
2025;09;17;12;102.90;102.90;
2025;09;17;13;101.01;101.01;
2025;09;17;14;101.01;101.01;
2025;09;17;15;100.32;100.32;
2025;09;17;16;101.01;101.01;
2025;09;17;17;100.00;100.00;
2025;09;17;18;99.99;99.99;
2025;09;17;19;100.00;100.00;
2025;09;17;20;100.47;100.47;
2025;09;17;21;102.00;102.00;
2025;09;17;22;102.41;102.41;
2025;09;17;23;105.00;105.00;
2025;09;17;24;107.00;107.00;
2025;09;17;25;105.55;105.55;
2025;09;17;26;110.30;110.30;
2025;09;17;27;114.20;114.20;
2025;09;17;28;117.39;117.39;
2025;09;17;29;118.76;118.76;
2025;09;17;30;125.55;125.55;
2025;09;17;31;127.56;127.56;
2025;09;17;32;130.00;130.00;
2025;09;17;33;127.08;127.08;
2025;09;17;34;125.01;125.01;
2025;09;17;35;117.08;117.08;
2025;09;17;36;106.58;106.58;
2025;09;17;37;120.00;120.00;
2025;09;17;38;109.01;109.01;
2025;09;17;39;92.54;92.54;
2025;09;17;40;67.30;67.30;
2025;09;17;41;87.77;87.77;
2025;09;17;42;62.90;62.90;
2025;09;17;43;45.55;45.55;
2025;09;17;44;38.99;36.00;
2025;09;17;45;67.03;67.03;
2025;09;17;46;47.60;47.60;
2025;09;17;47;38.15;38.15;
2025;09;17;48;37.62;37.62;
2025;09;17;49;27.68;27.68;
2025;09;17;50;25.20;25.20;
2025;09;17;51;24.18;24.18;
2025;09;17;52;24.68;24.68;
2025;09;17;53;26.57;26.57;
2025;09;17;54;26.57;26.57;
2025;09;17;55;26.57;26.57;
2025;09;17;56;23.95;23.95;
2025;09;17;57;22.10;22.10;
2025;09;17;58;21.54;21.54;
2025;09;17;59;21.02;21.02;
2025;09;17;60;18.12;18.12;
2025;09;17;61;20.33;20.33;
2025;09;17;62;21.40;21.40;
2025;09;17;63;23.40;23.40;
2025;09;17;64;24.40;24.40;
2025;09;17;65;20.88;20.88;
2025;09;17;66;21.33;21.33;
2025;09;17;67;28.23;28.23;
2025;09;17;68;50.29;50.29;
2025;09;17;69;48.99;38.00;
2025;09;17;70;48.99;48.99;
2025;09;17;71;68.39;68.39;
2025;09;17;72;87.65;87.65;
2025;09;17;73;53.12;53.12;
2025;09;17;74;76.12;76.12;
2025;09;17;75;99.99;99.99;
2025;09;17;76;117.01;117.01;
2025;09;17;77;91.24;91.24;
2025;09;17;78;111.72;111.72;
2025;09;17;79;126.20;126.20;
2025;09;17;80;145.55;145.55;
2025;09;17;81;152.49;152.49;
2025;09;17;82;165.00;165.00;
2025;09;17;83;184.15;184.15;
2025;09;17;84;193.17;193.17;
2025;09;17;85;232.20;232.20;
2025;09;17;86;235.00;235.00;
2025;09;17;87;230.00;230.00;
2025;09;17;88;215.04;215.04;
2025;09;17;89;138.88;138.88;
2025;09;17;90;132.11;132.11;
2025;09;17;91;125.01;125.01;
2025;09;17;92;119.45;119.45;
2025;09;17;93;117.01;117.01;
2025;09;17;94;114.20;114.20;
2025;09;17;95;109.01;109.01;
2025;09;17;96;104.99;104.99;
*
