MARGINALPIBC;
2026;03;25;1;55.80;55.80;
2026;03;25;2;49.20;49.20;
2026;03;25;3;45.10;45.10;
2026;03;25;4;37.52;37.52;
2026;03;25;5;44.02;44.02;
2026;03;25;6;35.02;35.02;
2026;03;25;7;33.23;33.23;
2026;03;25;8;25.01;25.01;
2026;03;25;9;50.00;50.00;
2026;03;25;10;45.10;45.10;
2026;03;25;11;45.10;45.10;
2026;03;25;12;43.52;43.52;
2026;03;25;13;41.96;41.96;
2026;03;25;14;40.22;40.22;
2026;03;25;15;36.77;36.77;
2026;03;25;16;35.12;35.12;
2026;03;25;17;37.52;37.52;
2026;03;25;18;35.01;35.01;
2026;03;25;19;35.01;35.01;
2026;03;25;20;35.01;35.01;
2026;03;25;21;6.50;6.50;
2026;03;25;22;7.00;7.00;
2026;03;25;23;10.01;10.01;
2026;03;25;24;18.75;18.75;
2026;03;25;25;17.94;17.94;
2026;03;25;26;24.76;24.76;
2026;03;25;27;30.00;30.00;
2026;03;25;28;37.51;37.51;
2026;03;25;29;45.10;45.10;
2026;03;25;30;43.51;43.51;
2026;03;25;31;31.57;31.57;
2026;03;25;32;7.00;7.00;
2026;03;25;33;29.05;29.05;
2026;03;25;34;15.41;15.41;
2026;03;25;35;10.22;10.22;
2026;03;25;36;2.00;2.00;
2026;03;25;37;3.51;3.51;
2026;03;25;38;1.60;.84;
2026;03;25;39;1.50;-2.50;
2026;03;25;40;0.40;-7.05;
2026;03;25;41;0.00;.00;
2026;03;25;42;0.00;-.21;
2026;03;25;43;0.00;-.91;
2026;03;25;44;-0.91;-.91;
2026;03;25;45;0.00;-.99;
2026;03;25;46;-0.41;-.99;
2026;03;25;47;-1.01;-1.01;
2026;03;25;48;-0.66;-1.01;
2026;03;25;49;-0.42;-1.02;
2026;03;25;50;-0.42;-1.02;
2026;03;25;51;-0.42;-1.02;
2026;03;25;52;-1.06;-1.06;
2026;03;25;53;-0.42;-1.02;
2026;03;25;54;-0.42;-1.02;
2026;03;25;55;-1.06;-1.06;
2026;03;25;56;-1.20;-1.20;
2026;03;25;57;-0.46;-1.06;
2026;03;25;58;-1.19;-1.19;
2026;03;25;59;-1.02;-1.02;
2026;03;25;60;-1.02;-1.02;
2026;03;25;61;-0.46;-1.06;
2026;03;25;62;-0.42;-1.02;
2026;03;25;63;-0.42;-1.02;
2026;03;25;64;0.00;-1.01;
2026;03;25;65;-1.50;-5.31;
2026;03;25;66;-1.50;-10.55;
2026;03;25;67;-1.50;-8.32;
2026;03;25;68;0.00;-7.82;
2026;03;25;69;0.00;-.91;
2026;03;25;70;0.00;.00;
2026;03;25;71;1.84;1.84;
2026;03;25;72;3.51;3.51;
2026;03;25;73;7.15;.84;
2026;03;25;74;14.00;14.00;
2026;03;25;75;14.00;14.00;
2026;03;25;76;24.09;24.09;
2026;03;25;77;29.69;29.69;
2026;03;25;78;24.02;24.02;
2026;03;25;79;40.30;40.30;
2026;03;25;80;45.10;45.10;
2026;03;25;81;47.53;47.53;
2026;03;25;82;53.01;53.01;
2026;03;25;83;55.49;55.49;
2026;03;25;84;48.27;48.27;
2026;03;25;85;49.92;49.92;
2026;03;25;86;45.10;45.10;
2026;03;25;87;45.10;45.10;
2026;03;25;88;39.42;39.42;
2026;03;25;89;35.50;35.50;
2026;03;25;90;30.59;30.59;
2026;03;25;91;25.40;25.40;
2026;03;25;92;23.88;23.88;
2026;03;25;93;34.39;34.39;
2026;03;25;94;28.94;28.94;
2026;03;25;95;20.30;20.30;
2026;03;25;96;14.20;14.20;
*
