MARGINALPIBC;
2026;07;02;1;112.68;112.68;
2026;07;02;2;105.50;105.50;
2026;07;02;3;96.62;96.62;
2026;07;02;4;90.01;90.01;
2026;07;02;5;101.74;101.74;
2026;07;02;6;92.84;92.84;
2026;07;02;7;87.99;87.99;
2026;07;02;8;82.33;82.33;
2026;07;02;9;88.93;88.93;
2026;07;02;10;86.59;86.59;
2026;07;02;11;81.56;81.56;
2026;07;02;12;77.92;77.92;
2026;07;02;13;72.57;72.57;
2026;07;02;14;66.68;66.68;
2026;07;02;15;66.33;66.33;
2026;07;02;16;60.35;60.35;
2026;07;02;17;61.14;61.14;
2026;07;02;18;51.00;51.00;
2026;07;02;19;59.81;59.81;
2026;07;02;20;59.05;59.05;
2026;07;02;21;60.97;60.97;
2026;07;02;22;59.14;59.14;
2026;07;02;23;61.36;61.36;
2026;07;02;24;71.01;71.01;
2026;07;02;25;59.50;59.50;
2026;07;02;26;71.92;71.92;
2026;07;02;27;67.00;67.00;
2026;07;02;28;78.46;78.46;
2026;07;02;29;90.37;90.37;
2026;07;02;30;89.73;89.73;
2026;07;02;31;83.92;83.92;
2026;07;02;32;65.03;65.03;
2026;07;02;33;88.53;88.53;
2026;07;02;34;64.13;64.13;
2026;07;02;35;38.77;38.77;
2026;07;02;36;0.00;.00;
2026;07;02;37;0.00;.00;
2026;07;02;38;-8.00;-8.00;
2026;07;02;39;-8.05;-8.05;
2026;07;02;40;-4.02;-13.12;
2026;07;02;41;-9.23;-9.23;
2026;07;02;42;-6.71;-6.71;
2026;07;02;43;-9.90;-9.90;
2026;07;02;44;-5.02;-10.82;
2026;07;02;45;-5.02;-10.82;
2026;07;02;46;-0.01;-.01;
2026;07;02;47;-0.01;-.01;
2026;07;02;48;-0.51;-.51;
2026;07;02;49;-0.23;-.23;
2026;07;02;50;-1.85;-1.85;
2026;07;02;51;-1.01;-1.01;
2026;07;02;52;-2.51;-2.51;
2026;07;02;53;-0.21;-.21;
2026;07;02;54;-0.21;-.21;
2026;07;02;55;-0.21;-.21;
2026;07;02;56;-0.21;-.21;
2026;07;02;57;-1.01;-1.01;
2026;07;02;58;-0.50;-.50;
2026;07;02;59;-0.50;-.50;
2026;07;02;60;-1.01;-1.01;
2026;07;02;61;-1.01;-1.01;
2026;07;02;62;-1.01;-1.01;
2026;07;02;63;-0.01;-.01;
2026;07;02;64;-0.01;-.01;
2026;07;02;65;-0.23;-.23;
2026;07;02;66;-0.01;-.01;
2026;07;02;67;0.00;.00;
2026;07;02;68;0.00;.00;
2026;07;02;69;-5.02;-13.88;
2026;07;02;70;-3.66;-3.66;
2026;07;02;71;-3.00;-3.00;
2026;07;02;72;-2.00;-2.00;
2026;07;02;73;0.00;.00;
2026;07;02;74;0.00;.00;
2026;07;02;75;0.17;.17;
2026;07;02;76;0.85;.85;
2026;07;02;77;1.08;1.08;
2026;07;02;78;3.43;3.43;
2026;07;02;79;7.96;7.96;
2026;07;02;80;36.91;36.91;
2026;07;02;81;40.67;40.67;
2026;07;02;82;67.98;67.98;
2026;07;02;83;91.33;91.33;
2026;07;02;84;110.17;110.17;
2026;07;02;85;104.52;104.52;
2026;07;02;86;112.99;112.99;
2026;07;02;87;120.33;120.33;
2026;07;02;88;120.97;120.97;
2026;07;02;89;121.64;121.64;
2026;07;02;90;117.90;117.90;
2026;07;02;91;114.41;114.41;
2026;07;02;92;110.50;110.50;
2026;07;02;93;112.31;112.31;
2026;07;02;94;105.25;105.25;
2026;07;02;95;108.01;108.01;
2026;07;02;96;107.21;107.21;
*
