MARGINALPIBC;
2025;06;23;1;127.63;127.63;
2025;06;23;2;122.63;122.63;
2025;06;23;3;117.73;117.73;
2025;06;23;4;116.25;116.25;
2025;06;23;5;123.08;123.08;
2025;06;23;6;118.48;118.48;
2025;06;23;7;116.25;116.25;
2025;06;23;8;115.00;115.00;
2025;06;23;9;116.00;116.00;
2025;06;23;10;115.43;115.43;
2025;06;23;11;113.94;113.94;
2025;06;23;12;112.68;112.68;
2025;06;23;13;114.43;114.43;
2025;06;23;14;112.67;112.67;
2025;06;23;15;112.25;112.25;
2025;06;23;16;112.20;112.20;
2025;06;23;17;112.19;112.19;
2025;06;23;18;111.17;111.17;
2025;06;23;19;111.72;111.72;
2025;06;23;20;112.72;112.72;
2025;06;23;21;109.96;109.96;
2025;06;23;22;110.48;110.48;
2025;06;23;23;111.95;111.95;
2025;06;23;24;114.46;114.46;
2025;06;23;25;115.43;115.43;
2025;06;23;26;116.75;116.75;
2025;06;23;27;117.83;117.83;
2025;06;23;28;120.99;120.99;
2025;06;23;29;126.58;126.58;
2025;06;23;30;125.75;125.75;
2025;06;23;31;122.00;122.00;
2025;06;23;32;121.90;121.90;
2025;06;23;33;122.07;122.07;
2025;06;23;34;117.35;117.35;
2025;06;23;35;113.54;113.54;
2025;06;23;36;106.52;106.52;
2025;06;23;37;113.10;113.10;
2025;06;23;38;108.96;108.96;
2025;06;23;39;98.86;98.86;
2025;06;23;40;98.86;98.86;
2025;06;23;41;94.75;94.75;
2025;06;23;42;89.54;89.54;
2025;06;23;43;81.78;81.78;
2025;06;23;44;71.75;71.75;
2025;06;23;45;78.58;78.58;
2025;06;23;46;75.48;75.48;
2025;06;23;47;70.48;70.48;
2025;06;23;48;70.48;70.48;
2025;06;23;49;76.27;76.27;
2025;06;23;50;74.27;74.27;
2025;06;23;51;71.27;71.27;
2025;06;23;52;71.27;71.27;
2025;06;23;53;70.75;70.75;
2025;06;23;54;70.75;70.75;
2025;06;23;55;70.25;70.25;
2025;06;23;56;65.75;65.75;
2025;06;23;57;55.47;55.47;
2025;06;23;58;55.47;55.47;
2025;06;23;59;56.76;56.76;
2025;06;23;60;55.47;55.47;
2025;06;23;61;65.75;65.75;
2025;06;23;62;65.75;65.75;
2025;06;23;63;65.75;65.75;
2025;06;23;64;70.75;70.75;
2025;06;23;65;71.40;71.40;
2025;06;23;66;71.40;71.40;
2025;06;23;67;76.92;76.92;
2025;06;23;68;85.97;85.97;
2025;06;23;69;70.55;70.55;
2025;06;23;70;84.01;84.01;
2025;06;23;71;90.00;90.00;
2025;06;23;72;99.99;99.99;
2025;06;23;73;94.30;94.30;
2025;06;23;74;103.00;103.00;
2025;06;23;75;112.00;112.00;
2025;06;23;76;119.99;119.99;
2025;06;23;77;104.82;104.82;
2025;06;23;78;118.34;118.34;
2025;06;23;79;132.53;132.53;
2025;06;23;80;146.71;146.71;
2025;06;23;81;120.46;120.46;
2025;06;23;82;133.46;133.46;
2025;06;23;83;146.71;146.71;
2025;06;23;84;157.63;157.63;
2025;06;23;85;195.67;195.67;
2025;06;23;86;195.77;195.77;
2025;06;23;87;195.77;195.77;
2025;06;23;88;195.77;195.77;
2025;06;23;89;180.14;180.14;
2025;06;23;90;175.77;175.77;
2025;06;23;91;174.94;174.94;
2025;06;23;92;170.04;170.04;
2025;06;23;93;145.81;145.81;
2025;06;23;94;138.03;138.03;
2025;06;23;95;135.72;135.72;
2025;06;23;96;132.09;132.09;
*
