MARGINALPIBC;
2025;12;14;1;87.63;87.63;
2025;12;14;2;85.61;85.61;
2025;12;14;3;81.18;81.18;
2025;12;14;4;77.70;77.70;
2025;12;14;5;81.67;81.67;
2025;12;14;6;77.22;77.22;
2025;12;14;7;77.70;77.70;
2025;12;14;8;78.34;78.34;
2025;12;14;9;78.87;78.87;
2025;12;14;10;77.78;77.78;
2025;12;14;11;77.50;77.50;
2025;12;14;12;77.78;77.78;
2025;12;14;13;77.70;77.70;
2025;12;14;14;78.00;78.00;
2025;12;14;15;77.10;77.10;
2025;12;14;16;77.10;77.10;
2025;12;14;17;75.22;75.22;
2025;12;14;18;75.22;75.22;
2025;12;14;19;75.22;75.22;
2025;12;14;20;77.10;77.10;
2025;12;14;21;75.01;75.01;
2025;12;14;22;75.22;75.22;
2025;12;14;23;77.10;77.10;
2025;12;14;24;77.99;77.99;
2025;12;14;25;78.38;78.38;
2025;12;14;26;78.34;78.34;
2025;12;14;27;78.40;78.40;
2025;12;14;28;78.92;78.92;
2025;12;14;29;80.00;80.00;
2025;12;14;30;80.63;80.63;
2025;12;14;31;81.53;81.53;
2025;12;14;32;82.04;82.04;
2025;12;14;33;80.12;80.12;
2025;12;14;34;80.63;80.63;
2025;12;14;35;82.04;82.04;
2025;12;14;36;81.53;81.53;
2025;12;14;37;80.50;80.50;
2025;12;14;38;80.09;80.09;
2025;12;14;39;78.84;78.84;
2025;12;14;40;77.26;77.26;
2025;12;14;41;83.20;83.20;
2025;12;14;42;80.00;80.00;
2025;12;14;43;75.22;75.22;
2025;12;14;44;65.00;65.00;
2025;12;14;45;73.46;73.46;
2025;12;14;46;65.00;65.00;
2025;12;14;47;66.01;66.01;
2025;12;14;48;65.00;65.00;
2025;12;14;49;71.19;71.19;
2025;12;14;50;67.09;67.09;
2025;12;14;51;71.32;71.32;
2025;12;14;52;69.20;69.20;
2025;12;14;53;70.00;70.00;
2025;12;14;54;67.85;67.85;
2025;12;14;55;63.65;63.65;
2025;12;14;56;64.10;64.10;
2025;12;14;57;63.55;63.55;
2025;12;14;58;66.01;66.01;
2025;12;14;59;65.00;65.00;
2025;12;14;60;70.00;70.00;
2025;12;14;61;65.00;65.00;
2025;12;14;62;68.56;68.56;
2025;12;14;63;70.87;70.87;
2025;12;14;64;77.17;77.17;
2025;12;14;65;76.50;76.50;
2025;12;14;66;78.40;78.40;
2025;12;14;67;78.17;78.17;
2025;12;14;68;81.36;81.36;
2025;12;14;69;84.20;84.20;
2025;12;14;70;88.58;88.58;
2025;12;14;71;95.22;95.22;
2025;12;14;72;96.00;96.00;
2025;12;14;73;103.32;103.32;
2025;12;14;74;106.50;106.50;
2025;12;14;75;106.98;106.98;
2025;12;14;76;106.48;106.48;
2025;12;14;77;104.85;104.85;
2025;12;14;78;105.45;105.45;
2025;12;14;79;106.35;106.35;
2025;12;14;80;106.69;106.69;
2025;12;14;81;105.74;105.74;
2025;12;14;82;105.75;105.75;
2025;12;14;83;106.14;106.14;
2025;12;14;84;105.51;105.51;
2025;12;14;85;106.83;106.83;
2025;12;14;86;106.59;106.59;
2025;12;14;87;106.35;106.35;
2025;12;14;88;101.01;101.01;
2025;12;14;89;105.50;105.50;
2025;12;14;90;100.56;100.56;
2025;12;14;91;96.00;96.00;
2025;12;14;92;94.53;94.53;
2025;12;14;93;97.02;97.02;
2025;12;14;94;94.88;94.88;
2025;12;14;95;91.00;91.00;
2025;12;14;96;83.42;83.42;
*
