MARGINALPIBC;
2025;10;31;1;77.80;77.80;
2025;10;31;2;72.90;72.90;
2025;10;31;3;57.84;57.84;
2025;10;31;4;54.00;54.00;
2025;10;31;5;51.75;51.75;
2025;10;31;6;50.12;50.12;
2025;10;31;7;49.86;49.86;
2025;10;31;8;46.93;46.93;
2025;10;31;9;49.88;49.88;
2025;10;31;10;46.93;46.93;
2025;10;31;11;46.20;46.20;
2025;10;31;12;48.52;48.52;
2025;10;31;13;50.94;50.94;
2025;10;31;14;50.81;50.81;
2025;10;31;15;45.81;45.81;
2025;10;31;16;50.68;50.68;
2025;10;31;17;50.55;50.55;
2025;10;31;18;50.40;50.40;
2025;10;31;19;50.10;50.10;
2025;10;31;20;50.55;50.55;
2025;10;31;21;50.55;50.55;
2025;10;31;22;50.68;50.68;
2025;10;31;23;50.81;50.81;
2025;10;31;24;51.20;51.20;
2025;10;31;25;55.33;55.33;
2025;10;31;26;45.00;45.00;
2025;10;31;27;65.20;65.20;
2025;10;31;28;73.45;73.45;
2025;10;31;29;72.80;72.80;
2025;10;31;30;79.40;79.40;
2025;10;31;31;84.76;84.76;
2025;10;31;32;84.92;84.92;
2025;10;31;33;81.41;81.41;
2025;10;31;34;79.36;79.36;
2025;10;31;35;78.44;78.44;
2025;10;31;36;61.00;61.00;
2025;10;31;37;75.89;75.89;
2025;10;31;38;62.38;62.38;
2025;10;31;39;52.10;52.10;
2025;10;31;40;50.81;50.81;
2025;10;31;41;64.00;64.00;
2025;10;31;42;55.05;55.05;
2025;10;31;43;43.00;43.00;
2025;10;31;44;31.79;31.79;
2025;10;31;45;30.10;30.10;
2025;10;31;46;29.00;29.00;
2025;10;31;47;23.46;23.46;
2025;10;31;48;26.90;26.90;
2025;10;31;49;23.00;23.00;
2025;10;31;50;17.60;17.60;
2025;10;31;51;37.31;37.31;
2025;10;31;52;33.00;33.00;
2025;10;31;53;26.62;26.62;
2025;10;31;54;26.79;26.79;
2025;10;31;55;21.00;21.00;
2025;10;31;56;25.71;25.71;
2025;10;31;57;25.00;25.00;
2025;10;31;58;25.00;25.00;
2025;10;31;59;26.01;26.01;
2025;10;31;60;28.00;28.00;
2025;10;31;61;26.47;26.47;
2025;10;31;62;32.17;32.17;
2025;10;31;63;31.80;31.80;
2025;10;31;64;51.22;51.22;
2025;10;31;65;33.81;33.81;
2025;10;31;66;71.05;71.05;
2025;10;31;67;65.72;65.72;
2025;10;31;68;70.33;70.33;
2025;10;31;69;60.26;60.26;
2025;10;31;70;70.00;70.00;
2025;10;31;71;78.68;78.68;
2025;10;31;72;86.26;86.26;
2025;10;31;73;82.49;82.49;
2025;10;31;74;83.20;83.20;
2025;10;31;75;84.14;84.14;
2025;10;31;76;86.79;86.79;
2025;10;31;77;85.15;85.15;
2025;10;31;78;87.57;87.57;
2025;10;31;79;88.67;88.67;
2025;10;31;80;89.87;89.87;
2025;10;31;81;89.42;89.42;
2025;10;31;82;89.42;89.42;
2025;10;31;83;89.42;89.42;
2025;10;31;84;88.30;88.30;
2025;10;31;85;94.32;94.32;
2025;10;31;86;91.72;91.72;
2025;10;31;87;85.25;85.25;
2025;10;31;88;85.01;85.01;
2025;10;31;89;83.20;83.20;
2025;10;31;90;85.01;85.01;
2025;10;31;91;82.50;82.50;
2025;10;31;92;78.00;78.00;
2025;10;31;93;82.07;82.07;
2025;10;31;94;77.80;77.80;
2025;10;31;95;67.08;67.08;
2025;10;31;96;67.08;67.08;
*
