MARGINALPIBC;
2025;05;18;1;40.00;40.00;
2025;05;18;2;37.00;37.00;
2025;05;18;3;32.00;32.00;
2025;05;18;4;26.43;26.43;
2025;05;18;5;28.13;28.13;
2025;05;18;6;21.73;21.73;
2025;05;18;7;17.75;17.75;
2025;05;18;8;12.05;12.05;
2025;05;18;9;15.49;15.49;
2025;05;18;10;15.49;15.49;
2025;05;18;11;10.80;10.80;
2025;05;18;12;9.39;9.39;
2025;05;18;13;15.00;15.00;
2025;05;18;14;15.00;15.00;
2025;05;18;15;13.00;13.00;
2025;05;18;16;11.09;11.09;
2025;05;18;17;13.90;13.90;
2025;05;18;18;13.90;13.90;
2025;05;18;19;13.90;13.90;
2025;05;18;20;13.90;13.90;
2025;05;18;21;15.64;15.64;
2025;05;18;22;15.70;15.70;
2025;05;18;23;14.86;14.86;
2025;05;18;24;15.79;15.79;
2025;05;18;25;12.81;12.81;
2025;05;18;26;14.50;14.50;
2025;05;18;27;14.50;14.50;
2025;05;18;28;14.50;14.50;
2025;05;18;29;12.20;12.20;
2025;05;18;30;11.50;11.50;
2025;05;18;31;10.49;10.49;
2025;05;18;32;9.30;9.30;
2025;05;18;33;10.01;10.01;
2025;05;18;34;3.52;3.52;
2025;05;18;35;0.65;.65;
2025;05;18;36;0.00;.00;
2025;05;18;37;12.20;.00;
2025;05;18;38;12.20;-.04;
2025;05;18;39;12.20;-1.54;
2025;05;18;40;12.20;-8.00;
2025;05;18;41;12.20;-3.62;
2025;05;18;42;12.20;-4.00;
2025;05;18;43;12.20;-7.94;
2025;05;18;44;12.20;-13.06;
2025;05;18;45;11.50;-9.04;
2025;05;18;46;11.50;-9.04;
2025;05;18;47;11.50;-9.04;
2025;05;18;48;10.20;-10.00;
2025;05;18;49;10.00;-12.00;
2025;05;18;50;0.31;-12.00;
2025;05;18;51;0.00;-12.00;
2025;05;18;52;0.00;-12.00;
2025;05;18;53;4.31;-10.90;
2025;05;18;54;0.00;-10.00;
2025;05;18;55;-0.69;-11.00;
2025;05;18;56;-0.69;-13.02;
2025;05;18;57;0.01;-15.01;
2025;05;18;58;0.00;-15.00;
2025;05;18;59;-1.10;-15.00;
2025;05;18;60;-1.10;-14.90;
2025;05;18;61;0.00;-17.72;
2025;05;18;62;-0.27;-14.05;
2025;05;18;63;-1.10;-14.05;
2025;05;18;64;-5.02;-14.05;
2025;05;18;65;-8.20;-19.50;
2025;05;18;66;-8.20;-13.00;
2025;05;18;67;-8.20;-12.00;
2025;05;18;68;-8.80;-10.00;
2025;05;18;69;-8.20;-13.67;
2025;05;18;70;-8.20;-10.00;
2025;05;18;71;-8.20;-8.20;
2025;05;18;72;-5.02;-5.80;
2025;05;18;73;-5.01;-5.01;
2025;05;18;74;-3.00;-3.00;
2025;05;18;75;-1.50;-1.50;
2025;05;18;76;-0.04;-.04;
2025;05;18;77;-7.00;-7.00;
2025;05;18;78;-1.41;-1.41;
2025;05;18;79;3.52;3.52;
2025;05;18;80;4.23;4.23;
2025;05;18;81;-8.80;-8.80;
2025;05;18;82;1.25;1.25;
2025;05;18;83;10.21;10.21;
2025;05;18;84;15.50;15.50;
2025;05;18;85;32.00;32.00;
2025;05;18;86;34.00;37.00;
2025;05;18;87;35.00;38.50;
2025;05;18;88;35.31;36.85;
2025;05;18;89;40.65;40.70;
2025;05;18;90;40.10;40.10;
2025;05;18;91;38.70;38.70;
2025;05;18;92;35.34;35.34;
2025;05;18;93;31.96;31.96;
2025;05;18;94;27.46;27.46;
2025;05;18;95;23.96;23.96;
2025;05;18;96;13.96;13.96;
*
