MARGINALPIBC;
2026;01;24;1;58.82;58.82;
2026;01;24;2;56.00;56.00;
2026;01;24;3;46.42;46.42;
2026;01;24;4;41.45;41.45;
2026;01;24;5;45.66;45.66;
2026;01;24;6;37.64;37.64;
2026;01;24;7;34.02;34.02;
2026;01;24;8;35.89;35.89;
2026;01;24;9;34.02;34.02;
2026;01;24;10;32.20;32.20;
2026;01;24;11;32.20;32.20;
2026;01;24;12;29.99;29.99;
2026;01;24;13;32.44;32.44;
2026;01;24;14;29.99;29.99;
2026;01;24;15;25.78;25.78;
2026;01;24;16;20.50;20.50;
2026;01;24;17;22.95;22.95;
2026;01;24;18;18.00;18.00;
2026;01;24;19;14.70;14.70;
2026;01;24;20;14.00;14.00;
2026;01;24;21;12.00;12.00;
2026;01;24;22;10.50;10.50;
2026;01;24;23;11.11;11.11;
2026;01;24;24;11.11;11.11;
2026;01;24;25;7.16;7.16;
2026;01;24;26;10.00;10.00;
2026;01;24;27;9.15;9.15;
2026;01;24;28;13.99;13.99;
2026;01;24;29;19.27;19.27;
2026;01;24;30;25.57;25.57;
2026;01;24;31;28.26;28.26;
2026;01;24;32;29.02;29.02;
2026;01;24;33;26.09;26.09;
2026;01;24;34;32.20;32.20;
2026;01;24;35;32.64;32.64;
2026;01;24;36;32.68;32.68;
2026;01;24;37;41.30;41.30;
2026;01;24;38;34.42;34.42;
2026;01;24;39;33.20;33.20;
2026;01;24;40;27.65;27.65;
2026;01;24;41;25.97;25.97;
2026;01;24;42;25.45;25.45;
2026;01;24;43;25.46;25.46;
2026;01;24;44;20.00;20.00;
2026;01;24;45;15.71;15.71;
2026;01;24;46;8.64;8.64;
2026;01;24;47;9.50;9.50;
2026;01;24;48;4.25;4.25;
2026;01;24;49;0.37;.37;
2026;01;24;50;0.50;.50;
2026;01;24;51;0.50;.50;
2026;01;24;52;0.50;.50;
2026;01;24;53;0.00;.00;
2026;01;24;54;0.50;.50;
2026;01;24;55;0.91;.91;
2026;01;24;56;1.84;1.84;
2026;01;24;57;3.02;3.02;
2026;01;24;58;3.02;3.02;
2026;01;24;59;2.84;2.84;
2026;01;24;60;0.50;.50;
2026;01;24;61;0.00;.00;
2026;01;24;62;0.00;.00;
2026;01;24;63;0.91;.91;
2026;01;24;64;3.02;3.02;
2026;01;24;65;2.34;2.34;
2026;01;24;66;0.00;.00;
2026;01;24;67;0.64;.64;
2026;01;24;68;5.55;5.55;
2026;01;24;69;10.10;10.10;
2026;01;24;70;20.79;20.79;
2026;01;24;71;28.42;28.42;
2026;01;24;72;33.03;33.03;
2026;01;24;73;14.00;14.00;
2026;01;24;74;31.10;31.10;
2026;01;24;75;32.44;32.44;
2026;01;24;76;37.17;37.17;
2026;01;24;77;34.00;34.00;
2026;01;24;78;37.90;37.90;
2026;01;24;79;40.00;40.00;
2026;01;24;80;40.65;40.65;
2026;01;24;81;44.81;44.81;
2026;01;24;82;45.00;45.00;
2026;01;24;83;45.00;45.00;
2026;01;24;84;44.99;44.99;
2026;01;24;85;48.64;48.64;
2026;01;24;86;48.64;48.64;
2026;01;24;87;44.81;44.81;
2026;01;24;88;40.00;40.00;
2026;01;24;89;35.99;35.99;
2026;01;24;90;32.68;32.68;
2026;01;24;91;32.20;32.20;
2026;01;24;92;19.70;19.70;
2026;01;24;93;32.20;32.20;
2026;01;24;94;30.14;30.14;
2026;01;24;95;15.00;15.00;
2026;01;24;96;10.02;10.02;
*
