MARGINALPIBC;
2025;09;26;1;100.09;100.09;
2025;09;26;2;99.55;99.55;
2025;09;26;3;97.43;97.43;
2025;09;26;4;96.50;96.50;
2025;09;26;5;99.02;99.02;
2025;09;26;6;97.25;97.25;
2025;09;26;7;96.50;96.50;
2025;09;26;8;96.50;96.50;
2025;09;26;9;96.41;96.41;
2025;09;26;10;95.13;95.13;
2025;09;26;11;95.07;95.07;
2025;09;26;12;95.00;95.00;
2025;09;26;13;94.81;94.81;
2025;09;26;14;93.71;93.71;
2025;09;26;15;93.71;93.71;
2025;09;26;16;93.72;93.72;
2025;09;26;17;93.78;93.78;
2025;09;26;18;93.82;93.82;
2025;09;26;19;94.00;94.00;
2025;09;26;20;94.49;94.49;
2025;09;26;21;95.92;95.92;
2025;09;26;22;96.50;96.50;
2025;09;26;23;97.20;97.20;
2025;09;26;24;98.61;98.61;
2025;09;26;25;93.67;93.67;
2025;09;26;26;97.47;97.47;
2025;09;26;27;100.79;100.79;
2025;09;26;28;104.96;104.96;
2025;09;26;29;113.37;113.37;
2025;09;26;30;119.37;119.37;
2025;09;26;31;123.40;123.40;
2025;09;26;32;126.75;126.75;
2025;09;26;33;134.28;134.28;
2025;09;26;34;128.28;128.28;
2025;09;26;35;118.28;118.28;
2025;09;26;36;102.28;102.28;
2025;09;26;37;135.42;135.42;
2025;09;26;38;116.97;116.97;
2025;09;26;39;90.35;90.35;
2025;09;26;40;55.80;55.80;
2025;09;26;41;92.90;92.90;
2025;09;26;42;88.59;88.59;
2025;09;26;43;82.25;82.25;
2025;09;26;44;52.61;52.61;
2025;09;26;45;54.98;54.98;
2025;09;26;46;40.68;40.68;
2025;09;26;47;36.15;36.15;
2025;09;26;48;34.99;34.99;
2025;09;26;49;45.00;45.00;
2025;09;26;50;41.52;41.52;
2025;09;26;51;40.69;40.69;
2025;09;26;52;34.76;34.76;
2025;09;26;53;49.20;49.20;
2025;09;26;54;49.20;49.20;
2025;09;26;55;44.58;44.58;
2025;09;26;56;36.20;36.20;
2025;09;26;57;31.85;31.85;
2025;09;26;58;30.61;30.61;
2025;09;26;59;31.56;31.56;
2025;09;26;60;29.40;29.40;
2025;09;26;61;48.56;48.56;
2025;09;26;62;50.00;50.00;
2025;09;26;63;50.00;50.00;
2025;09;26;64;52.06;52.06;
2025;09;26;65;53.00;53.00;
2025;09;26;66;55.50;55.50;
2025;09;26;67;70.49;70.49;
2025;09;26;68;79.72;79.72;
2025;09;26;69;39.28;39.28;
2025;09;26;70;44.91;44.91;
2025;09;26;71;73.19;73.19;
2025;09;26;72;85.26;85.26;
2025;09;26;73;39.91;39.91;
2025;09;26;74;69.08;69.08;
2025;09;26;75;94.10;94.10;
2025;09;26;76;114.08;114.08;
2025;09;26;77;83.00;83.00;
2025;09;26;78;93.60;115.18;
2025;09;26;79;143.60;143.60;
2025;09;26;80;152.39;152.39;
2025;09;26;81;145.00;150.00;
2025;09;26;82;150.00;153.68;
2025;09;26;83;157.36;157.36;
2025;09;26;84;157.36;157.36;
2025;09;26;85;174.10;174.10;
2025;09;26;86;176.00;176.00;
2025;09;26;87;163.00;163.00;
2025;09;26;88;160.00;160.00;
2025;09;26;89;135.42;135.42;
2025;09;26;90;127.01;127.01;
2025;09;26;91;121.01;121.01;
2025;09;26;92;116.59;116.59;
2025;09;26;93;131.42;131.42;
2025;09;26;94;116.00;116.00;
2025;09;26;95;113.92;113.92;
2025;09;26;96;110.92;110.92;
*
