MARGINALPIBC;
2025;06;20;1;130.05;130.05;
2025;06;20;2;126.38;126.38;
2025;06;20;3;124.37;124.37;
2025;06;20;4;122.14;122.14;
2025;06;20;5;124.35;124.35;
2025;06;20;6;121.51;121.51;
2025;06;20;7;117.89;117.89;
2025;06;20;8;116.95;116.95;
2025;06;20;9;123.16;123.16;
2025;06;20;10;122.24;122.24;
2025;06;20;11;120.25;120.25;
2025;06;20;12;120.15;120.15;
2025;06;20;13;119.22;119.22;
2025;06;20;14;118.99;118.99;
2025;06;20;15;120.15;120.15;
2025;06;20;16;118.75;118.75;
2025;06;20;17;119.84;119.84;
2025;06;20;18;118.69;118.69;
2025;06;20;19;118.69;118.69;
2025;06;20;20;119.84;119.84;
2025;06;20;21;116.20;116.20;
2025;06;20;22;118.05;118.05;
2025;06;20;23;117.66;117.66;
2025;06;20;24;119.33;119.33;
2025;06;20;25;122.47;122.47;
2025;06;20;26;122.99;122.99;
2025;06;20;27;125.96;125.96;
2025;06;20;28;127.97;127.97;
2025;06;20;29;128.79;128.79;
2025;06;20;30;128.08;128.08;
2025;06;20;31;126.08;126.08;
2025;06;20;32;122.98;122.98;
2025;06;20;33;131.56;131.56;
2025;06;20;34;123.25;123.25;
2025;06;20;35;112.57;112.57;
2025;06;20;36;94.00;94.00;
2025;06;20;37;113.94;113.94;
2025;06;20;38;108.84;108.84;
2025;06;20;39;90.00;90.00;
2025;06;20;40;80.84;80.84;
2025;06;20;41;85.90;85.90;
2025;06;20;42;85.01;85.01;
2025;06;20;43;81.90;81.90;
2025;06;20;44;77.51;77.51;
2025;06;20;45;86.40;86.40;
2025;06;20;46;84.42;84.42;
2025;06;20;47;83.10;83.10;
2025;06;20;48;81.05;81.05;
2025;06;20;49;77.06;77.06;
2025;06;20;50;77.05;77.05;
2025;06;20;51;77.04;77.04;
2025;06;20;52;77.04;77.04;
2025;06;20;53;75.00;75.00;
2025;06;20;54;75.00;75.00;
2025;06;20;55;75.00;75.00;
2025;06;20;56;72.50;72.50;
2025;06;20;57;71.06;71.06;
2025;06;20;58;71.08;71.08;
2025;06;20;59;71.14;71.14;
2025;06;20;60;71.08;71.08;
2025;06;20;61;70.05;70.05;
2025;06;20;62;70.06;70.06;
2025;06;20;63;70.08;70.08;
2025;06;20;64;73.68;73.68;
2025;06;20;65;76.00;76.00;
2025;06;20;66;77.51;77.51;
2025;06;20;67;80.01;80.01;
2025;06;20;68;81.65;81.65;
2025;06;20;69;75.01;75.01;
2025;06;20;70;77.79;77.79;
2025;06;20;71;93.00;93.00;
2025;06;20;72;98.08;98.08;
2025;06;20;73;81.08;81.08;
2025;06;20;74;98.99;98.99;
2025;06;20;75;109.93;109.93;
2025;06;20;76;114.90;114.90;
2025;06;20;77;92.18;92.18;
2025;06;20;78;113.73;113.73;
2025;06;20;79;125.16;125.16;
2025;06;20;80;130.01;130.01;
2025;06;20;81;126.00;126.00;
2025;06;20;82;135.00;135.00;
2025;06;20;83;139.99;139.99;
2025;06;20;84;142.33;142.33;
2025;06;20;85;158.49;158.49;
2025;06;20;86;160.77;160.77;
2025;06;20;87;162.48;162.48;
2025;06;20;88;162.58;162.58;
2025;06;20;89;159.10;159.10;
2025;06;20;90;157.32;157.32;
2025;06;20;91;153.77;153.77;
2025;06;20;92;150.99;150.99;
2025;06;20;93;135.86;135.86;
2025;06;20;94;128.54;128.54;
2025;06;20;95;125.60;125.60;
2025;06;20;96;123.57;123.57;
*
