MARGINALPIBC;
2025;03;19;1;36.68;36.68;
2025;03;19;2;30.01;30.01;
2025;03;19;3;29.18;29.18;
2025;03;19;4;20.80;20.80;
2025;03;19;5;44.02;44.02;
2025;03;19;6;39.02;39.02;
2025;03;19;7;30.01;30.01;
2025;03;19;8;30.00;30.00;
2025;03;19;9;27.84;27.84;
2025;03;19;10;20.80;20.80;
2025;03;19;11;20.46;20.46;
2025;03;19;12;20.46;20.46;
2025;03;19;13;19.08;19.08;
2025;03;19;14;18.97;18.97;
2025;03;19;15;18.97;18.97;
2025;03;19;16;18.97;18.97;
2025;03;19;17;18.97;18.97;
2025;03;19;18;18.97;18.97;
2025;03;19;19;18.97;18.97;
2025;03;19;20;18.97;18.97;
2025;03;19;21;18.97;18.97;
2025;03;19;22;18.75;18.75;
2025;03;19;23;18.97;18.97;
2025;03;19;24;18.97;18.97;
2025;03;19;25;23.00;23.00;
2025;03;19;26;23.00;23.00;
2025;03;19;27;25.99;29.00;
2025;03;19;28;25.99;30.01;
2025;03;19;29;29.42;87.38;
2025;03;19;30;29.42;87.38;
2025;03;19;31;29.42;87.38;
2025;03;19;32;24.42;75.38;
2025;03;19;33;31.29;35.01;
2025;03;19;34;23.00;23.00;
2025;03;19;35;0.00;.00;
2025;03;19;36;-0.24;-.24;
2025;03;19;37;11.10;11.10;
2025;03;19;38;10.68;10.68;
2025;03;19;39;10.43;10.43;
2025;03;19;40;10.10;10.10;
2025;03;19;41;2.00;2.00;
2025;03;19;42;-0.20;-.20;
2025;03;19;43;-2.00;-2.00;
2025;03;19;44;-3.62;-3.62;
2025;03;19;45;0.66;.66;
2025;03;19;46;0.00;.00;
2025;03;19;47;-3.62;-3.62;
2025;03;19;48;-3.62;-3.62;
2025;03;19;49;0.00;.00;
2025;03;19;50;-2.00;-2.00;
2025;03;19;51;-2.00;-2.00;
2025;03;19;52;-3.62;-3.62;
2025;03;19;53;-2.00;-2.00;
2025;03;19;54;-2.00;-2.00;
2025;03;19;55;-3.62;-3.62;
2025;03;19;56;-3.62;-3.62;
2025;03;19;57;-3.62;-3.62;
2025;03;19;58;-3.62;-3.62;
2025;03;19;59;-3.62;-3.62;
2025;03;19;60;-3.62;-3.62;
2025;03;19;61;-2.79;-2.79;
2025;03;19;62;-3.00;-3.00;
2025;03;19;63;-2.79;-2.79;
2025;03;19;64;-2.00;-2.00;
2025;03;19;65;-3.62;-3.62;
2025;03;19;66;-3.00;-3.00;
2025;03;19;67;-1.90;-1.90;
2025;03;19;68;0.00;.00;
2025;03;19;69;-2.00;-2.00;
2025;03;19;70;-0.24;-.24;
2025;03;19;71;1.06;1.06;
2025;03;19;72;3.96;3.96;
2025;03;19;73;-0.24;-.24;
2025;03;19;74;-0.20;-.20;
2025;03;19;75;20.00;20.00;
2025;03;19;76;31.10;31.10;
2025;03;19;77;35.68;35.68;
2025;03;19;78;36.68;36.68;
2025;03;19;79;36.68;36.68;
2025;03;19;80;36.68;36.68;
2025;03;19;81;52.96;52.96;
2025;03;19;82;52.96;52.96;
2025;03;19;83;52.96;52.96;
2025;03;19;84;52.96;52.96;
2025;03;19;85;38.26;38.26;
2025;03;19;86;38.26;38.26;
2025;03;19;87;38.26;38.26;
2025;03;19;88;37.16;37.16;
2025;03;19;89;30.34;30.34;
2025;03;19;90;25.44;25.44;
2025;03;19;91;23.78;23.78;
2025;03;19;92;20.63;20.63;
2025;03;19;93;16.09;16.09;
2025;03;19;94;16.09;16.09;
2025;03;19;95;12.30;12.30;
2025;03;19;96;11.10;11.10;
*
