MARGINALPIBC;
2025;09;02;1;95.86;95.86;
2025;09;02;2;94.79;94.79;
2025;09;02;3;89.34;89.34;
2025;09;02;4;84.87;84.87;
2025;09;02;5;87.00;87.00;
2025;09;02;6;85.00;85.00;
2025;09;02;7;83.02;83.02;
2025;09;02;8;80.49;80.49;
2025;09;02;9;86.20;86.20;
2025;09;02;10;85.38;85.38;
2025;09;02;11;84.70;84.70;
2025;09;02;12;84.24;84.24;
2025;09;02;13;82.08;82.08;
2025;09;02;14;81.88;81.88;
2025;09;02;15;80.85;80.85;
2025;09;02;16;79.88;79.88;
2025;09;02;17;81.08;81.08;
2025;09;02;18;80.50;80.50;
2025;09;02;19;80.36;80.36;
2025;09;02;20;80.30;80.30;
2025;09;02;21;81.30;81.30;
2025;09;02;22;81.30;81.30;
2025;09;02;23;82.71;82.71;
2025;09;02;24;84.24;84.24;
2025;09;02;25;81.55;81.55;
2025;09;02;26;84.05;84.05;
2025;09;02;27;86.90;86.90;
2025;09;02;28;90.19;90.19;
2025;09;02;29;86.25;86.25;
2025;09;02;30;90.15;90.15;
2025;09;02;31;93.16;93.16;
2025;09;02;32;93.66;93.66;
2025;09;02;33;99.97;99.97;
2025;09;02;34;93.20;93.20;
2025;09;02;35;77.30;77.30;
2025;09;02;36;49.10;49.10;
2025;09;02;37;85.98;85.98;
2025;09;02;38;54.89;54.89;
2025;09;02;39;14.12;14.12;
2025;09;02;40;7.51;.25;
2025;09;02;41;19.11;19.11;
2025;09;02;42;7.96;7.96;
2025;09;02;43;6.65;3.03;
2025;09;02;44;4.31;-3.62;
2025;09;02;45;4.31;1.50;
2025;09;02;46;4.31;-.80;
2025;09;02;47;4.01;-1.80;
2025;09;02;48;4.01;-3.62;
2025;09;02;49;4.31;-1.10;
2025;09;02;50;4.29;-1.83;
2025;09;02;51;4.29;-1.53;
2025;09;02;52;4.29;-1.94;
2025;09;02;53;4.31;-1.35;
2025;09;02;54;4.01;-2.00;
2025;09;02;55;3.99;-2.35;
2025;09;02;56;3.99;-2.35;
2025;09;02;57;4.31;-2.79;
2025;09;02;58;3.99;-2.00;
2025;09;02;59;3.99;-2.79;
2025;09;02;60;3.99;-2.79;
2025;09;02;61;4.31;1.50;
2025;09;02;62;4.31;1.25;
2025;09;02;63;4.31;1.30;
2025;09;02;64;4.31;1.50;
2025;09;02;65;3.80;-1.21;
2025;09;02;66;3.99;.52;
2025;09;02;67;4.31;3.52;
2025;09;02;68;4.31;3.52;
2025;09;02;69;8.01;.00;
2025;09;02;70;9.01;9.01;
2025;09;02;71;15.00;15.00;
2025;09;02;72;38.93;38.93;
2025;09;02;73;1.00;1.00;
2025;09;02;74;10.00;10.00;
2025;09;02;75;41.91;41.91;
2025;09;02;76;77.33;77.33;
2025;09;02;77;24.03;24.03;
2025;09;02;78;64.00;64.00;
2025;09;02;79;98.02;98.02;
2025;09;02;80;113.12;113.12;
2025;09;02;81;79.03;79.03;
2025;09;02;82;99.52;99.52;
2025;09;02;83;114.52;114.52;
2025;09;02;84;120.01;126.58;
2025;09;02;85;152.01;152.01;
2025;09;02;86;155.00;155.00;
2025;09;02;87;152.89;152.89;
2025;09;02;88;148.01;148.01;
2025;09;02;89;115.72;115.72;
2025;09;02;90;111.72;111.72;
2025;09;02;91;105.53;105.53;
2025;09;02;92;99.59;99.59;
2025;09;02;93;104.22;104.22;
2025;09;02;94;99.22;99.22;
2025;09;02;95;93.23;93.23;
2025;09;02;96;88.23;88.23;
*
