MARGINALPIBC;
2025;04;02;1;43.21;43.21;
2025;04;02;2;38.11;38.11;
2025;04;02;3;35.03;35.03;
2025;04;02;4;22.88;22.88;
2025;04;02;5;26.34;26.34;
2025;04;02;6;23.80;23.80;
2025;04;02;7;23.80;23.80;
2025;04;02;8;21.33;21.33;
2025;04;02;9;29.23;29.23;
2025;04;02;10;25.95;25.95;
2025;04;02;11;26.05;26.05;
2025;04;02;12;20.33;20.33;
2025;04;02;13;22.00;22.00;
2025;04;02;14;17.49;17.49;
2025;04;02;15;17.99;17.99;
2025;04;02;16;14.10;14.10;
2025;04;02;17;15.68;15.68;
2025;04;02;18;17.99;17.99;
2025;04;02;19;18.00;18.00;
2025;04;02;20;17.99;17.99;
2025;04;02;21;21.34;21.34;
2025;04;02;22;24.96;24.96;
2025;04;02;23;25.33;25.33;
2025;04;02;24;29.58;29.58;
2025;04;02;25;34.86;34.86;
2025;04;02;26;39.87;39.87;
2025;04;02;27;39.98;39.98;
2025;04;02;28;55.86;55.86;
2025;04;02;29;80.00;80.00;
2025;04;02;30;88.77;88.77;
2025;04;02;31;89.08;89.08;
2025;04;02;32;90.08;90.08;
2025;04;02;33;104.90;110.00;
2025;04;02;34;104.90;104.90;
2025;04;02;35;99.90;99.90;
2025;04;02;36;84.00;84.00;
2025;04;02;37;87.48;87.48;
2025;04;02;38;69.33;69.33;
2025;04;02;39;49.33;49.33;
2025;04;02;40;24.33;24.33;
2025;04;02;41;34.82;34.82;
2025;04;02;42;30.54;30.54;
2025;04;02;43;20.08;20.08;
2025;04;02;44;15.14;15.14;
2025;04;02;45;10.30;10.30;
2025;04;02;46;4.31;3.52;
2025;04;02;47;1.62;1.00;
2025;04;02;48;0.99;.90;
2025;04;02;49;1.10;.65;
2025;04;02;50;1.00;-1.00;
2025;04;02;51;0.10;-2.00;
2025;04;02;52;0.00;-3.00;
2025;04;02;53;-0.01;-.50;
2025;04;02;54;-0.02;-3.62;
2025;04;02;55;-0.02;-3.62;
2025;04;02;56;-1.00;-3.62;
2025;04;02;57;0.00;.00;
2025;04;02;58;0.00;.00;
2025;04;02;59;-0.01;-.01;
2025;04;02;60;-0.01;-.01;
2025;04;02;61;-0.01;-.01;
2025;04;02;62;-0.01;-.01;
2025;04;02;63;-0.01;-.01;
2025;04;02;64;0.00;.00;
2025;04;02;65;0.00;.00;
2025;04;02;66;0.00;.00;
2025;04;02;67;0.00;.00;
2025;04;02;68;0.00;.00;
2025;04;02;69;-0.02;-.02;
2025;04;02;70;0.04;.04;
2025;04;02;71;0.14;.14;
2025;04;02;72;1.14;1.14;
2025;04;02;73;0.99;.99;
2025;04;02;74;5.45;5.45;
2025;04;02;75;14.00;14.00;
2025;04;02;76;32.34;32.34;
2025;04;02;77;23.80;23.80;
2025;04;02;78;32.96;32.96;
2025;04;02;79;49.44;49.44;
2025;04;02;80;67.22;67.22;
2025;04;02;81;53.11;53.11;
2025;04;02;82;53.11;53.11;
2025;04;02;83;58.42;58.42;
2025;04;02;84;51.11;51.11;
2025;04;02;85;66.61;66.61;
2025;04;02;86;50.77;50.77;
2025;04;02;87;49.15;49.15;
2025;04;02;88;31.83;31.83;
2025;04;02;89;36.06;36.06;
2025;04;02;90;28.99;28.99;
2025;04;02;91;35.94;35.94;
2025;04;02;92;32.95;32.95;
2025;04;02;93;37.30;37.30;
2025;04;02;94;31.86;31.86;
2025;04;02;95;36.06;36.06;
2025;04;02;96;27.30;27.30;
*
