MARGINALPIBC;
2025;04;09;1;52.13;52.13;
2025;04;09;2;53.96;53.96;
2025;04;09;3;49.63;49.63;
2025;04;09;4;34.12;34.12;
2025;04;09;5;40.00;40.00;
2025;04;09;6;37.00;37.00;
2025;04;09;7;37.00;37.00;
2025;04;09;8;32.00;32.00;
2025;04;09;9;33.68;33.68;
2025;04;09;10;31.99;31.99;
2025;04;09;11;33.53;33.53;
2025;04;09;12;25.98;25.98;
2025;04;09;13;32.06;32.06;
2025;04;09;14;32.06;32.06;
2025;04;09;15;32.06;32.06;
2025;04;09;16;31.06;31.06;
2025;04;09;17;28.46;28.46;
2025;04;09;18;28.46;28.46;
2025;04;09;19;28.46;28.46;
2025;04;09;20;28.46;28.46;
2025;04;09;21;25.90;25.90;
2025;04;09;22;28.90;28.90;
2025;04;09;23;28.90;28.90;
2025;04;09;24;28.90;28.90;
2025;04;09;25;31.00;31.00;
2025;04;09;26;42.00;42.00;
2025;04;09;27;43.37;43.37;
2025;04;09;28;52.42;52.42;
2025;04;09;29;76.96;76.96;
2025;04;09;30;86.36;86.36;
2025;04;09;31;86.96;86.96;
2025;04;09;32;89.46;89.46;
2025;04;09;33;100.41;100.41;
2025;04;09;34;98.21;98.21;
2025;04;09;35;91.26;91.26;
2025;04;09;36;78.20;78.20;
2025;04;09;37;70.00;70.00;
2025;04;09;38;53.96;53.96;
2025;04;09;39;36.68;36.68;
2025;04;09;40;33.68;33.68;
2025;04;09;41;35.11;35.11;
2025;04;09;42;25.95;25.95;
2025;04;09;43;5.80;5.80;
2025;04;09;44;0.80;.80;
2025;04;09;45;4.31;4.31;
2025;04;09;46;3.52;3.52;
2025;04;09;47;3.52;3.52;
2025;04;09;48;0.65;.65;
2025;04;09;49;0.00;.00;
2025;04;09;50;0.00;.00;
2025;04;09;51;0.00;.00;
2025;04;09;52;0.00;.00;
2025;04;09;53;0.00;.00;
2025;04;09;54;0.00;.00;
2025;04;09;55;0.00;.00;
2025;04;09;56;0.00;.00;
2025;04;09;57;0.00;.00;
2025;04;09;58;0.00;.00;
2025;04;09;59;0.00;.00;
2025;04;09;60;0.00;.00;
2025;04;09;61;0.00;.00;
2025;04;09;62;0.00;.00;
2025;04;09;63;0.00;.00;
2025;04;09;64;0.00;.00;
2025;04;09;65;0.00;.00;
2025;04;09;66;0.00;.00;
2025;04;09;67;0.00;.00;
2025;04;09;68;0.00;.00;
2025;04;09;69;-1.00;-1.00;
2025;04;09;70;0.00;.00;
2025;04;09;71;0.65;.65;
2025;04;09;72;3.52;3.52;
2025;04;09;73;0.00;.00;
2025;04;09;74;9.31;9.31;
2025;04;09;75;33.68;33.68;
2025;04;09;76;40.26;40.26;
2025;04;09;77;37.00;37.00;
2025;04;09;78;33.00;33.00;
2025;04;09;79;55.50;55.50;
2025;04;09;80;74.53;74.53;
2025;04;09;81;70.00;70.00;
2025;04;09;82;70.20;70.20;
2025;04;09;83;77.99;77.99;
2025;04;09;84;74.00;74.00;
2025;04;09;85;89.01;89.01;
2025;04;09;86;87.00;87.00;
2025;04;09;87;84.00;84.00;
2025;04;09;88;78.85;78.85;
2025;04;09;89;61.95;61.95;
2025;04;09;90;51.96;51.96;
2025;04;09;91;52.00;52.00;
2025;04;09;92;43.97;43.97;
2025;04;09;93;53.38;53.38;
2025;04;09;94;44.08;44.08;
2025;04;09;95;41.56;41.56;
2025;04;09;96;26.38;26.38;
*
