MARGINALPIBC;
2026;06;08;1;111.26;111.26;
2026;06;08;2;108.35;108.35;
2026;06;08;3;104.25;104.25;
2026;06;08;4;100.97;100.97;
2026;06;08;5;100.00;100.00;
2026;06;08;6;99.11;99.11;
2026;06;08;7;95.78;95.78;
2026;06;08;8;94.10;94.10;
2026;06;08;9;91.50;91.50;
2026;06;08;10;94.03;94.03;
2026;06;08;11;92.73;92.73;
2026;06;08;12;92.00;92.00;
2026;06;08;13;93.73;93.73;
2026;06;08;14;91.74;91.74;
2026;06;08;15;91.73;91.73;
2026;06;08;16;92.05;92.05;
2026;06;08;17;88.00;88.00;
2026;06;08;18;88.73;88.73;
2026;06;08;19;89.78;89.78;
2026;06;08;20;92.09;92.09;
2026;06;08;21;90.62;90.62;
2026;06;08;22;92.78;92.78;
2026;06;08;23;94.85;94.85;
2026;06;08;24;104.50;104.50;
2026;06;08;25;104.50;104.50;
2026;06;08;26;108.85;108.85;
2026;06;08;27;111.35;111.35;
2026;06;08;28;113.39;113.39;
2026;06;08;29;119.09;119.09;
2026;06;08;30;114.17;114.17;
2026;06;08;31;108.47;108.47;
2026;06;08;32;99.46;99.46;
2026;06;08;33;110.55;110.55;
2026;06;08;34;93.43;93.43;
2026;06;08;35;83.44;83.44;
2026;06;08;36;48.18;48.18;
2026;06;08;37;95.19;95.19;
2026;06;08;38;47.19;47.19;
2026;06;08;39;45.00;45.00;
2026;06;08;40;29.74;29.74;
2026;06;08;41;34.97;34.97;
2026;06;08;42;25.73;25.73;
2026;06;08;43;25.73;25.73;
2026;06;08;44;21.14;21.14;
2026;06;08;45;34.21;34.21;
2026;06;08;46;30.00;30.00;
2026;06;08;47;22.43;22.43;
2026;06;08;48;17.84;17.84;
2026;06;08;49;25.75;25.75;
2026;06;08;50;20.47;20.47;
2026;06;08;51;20.86;20.86;
2026;06;08;52;14.19;14.19;
2026;06;08;53;13.01;13.01;
2026;06;08;54;9.61;9.61;
2026;06;08;55;9.10;9.10;
2026;06;08;56;4.68;4.68;
2026;06;08;57;2.55;2.55;
2026;06;08;58;2.00;2.00;
2026;06;08;59;1.50;1.50;
2026;06;08;60;0.84;.84;
2026;06;08;61;-2.43;-5.00;
2026;06;08;62;-2.43;-3.99;
2026;06;08;63;-2.43;-4.70;
2026;06;08;64;-2.43;-4.86;
2026;06;08;65;-2.23;-4.78;
2026;06;08;66;-2.23;-7.00;
2026;06;08;67;-2.43;-4.07;
2026;06;08;68;-2.43;-4.15;
2026;06;08;69;-1.52;-1.52;
2026;06;08;70;-0.16;-.16;
2026;06;08;71;0.70;.70;
2026;06;08;72;1.75;1.75;
2026;06;08;73;2.09;2.09;
2026;06;08;74;5.41;5.41;
2026;06;08;75;8.54;8.54;
2026;06;08;76;22.75;22.75;
2026;06;08;77;11.33;11.33;
2026;06;08;78;33.90;33.90;
2026;06;08;79;45.00;45.00;
2026;06;08;80;58.94;58.94;
2026;06;08;81;36.13;36.13;
2026;06;08;82;55.50;55.50;
2026;06;08;83;89.86;89.86;
2026;06;08;84;107.71;107.71;
2026;06;08;85;113.66;113.66;
2026;06;08;86;129.35;129.35;
2026;06;08;87;132.14;132.14;
2026;06;08;88;128.00;128.00;
2026;06;08;89;119.57;119.57;
2026;06;08;90;115.97;115.97;
2026;06;08;91;108.90;108.90;
2026;06;08;92;106.39;106.39;
2026;06;08;93;105.77;105.77;
2026;06;08;94;103.10;103.10;
2026;06;08;95;98.34;98.34;
2026;06;08;96;90.64;90.64;
*
