MARGINALPIBC;
2026;02;11;1;0.00;.00;
2026;02;11;2;0.00;.00;
2026;02;11;3;-0.10;-.10;
2026;02;11;4;-0.15;-.15;
2026;02;11;5;-0.30;-.30;
2026;02;11;6;-0.40;-.40;
2026;02;11;7;-1.00;-1.00;
2026;02;11;8;-0.16;-.16;
2026;02;11;9;-0.25;-.25;
2026;02;11;10;-0.50;-.50;
2026;02;11;11;-0.52;-.52;
2026;02;11;12;-0.52;-.52;
2026;02;11;13;-0.57;-.57;
2026;02;11;14;-0.57;-.57;
2026;02;11;15;-0.57;-.57;
2026;02;11;16;-0.57;-.57;
2026;02;11;17;-0.50;-.50;
2026;02;11;18;-0.57;-.57;
2026;02;11;19;-0.57;-.57;
2026;02;11;20;-0.57;-.57;
2026;02;11;21;-0.57;-.57;
2026;02;11;22;-0.50;-.50;
2026;02;11;23;-0.50;-.50;
2026;02;11;24;-0.16;-.16;
2026;02;11;25;-1.00;-1.00;
2026;02;11;26;-0.50;-.50;
2026;02;11;27;-0.23;-.23;
2026;02;11;28;-0.15;-.15;
2026;02;11;29;-0.10;.98;
2026;02;11;30;-0.04;2.78;
2026;02;11;31;0.02;3.78;
2026;02;11;32;0.10;3.78;
2026;02;11;33;0.10;2.78;
2026;02;11;34;0.10;3.63;
2026;02;11;35;0.33;3.78;
2026;02;11;36;0.28;3.78;
2026;02;11;37;0.69;3.78;
2026;02;11;38;0.69;3.78;
2026;02;11;39;0.88;3.78;
2026;02;11;40;0.88;2.00;
2026;02;11;41;1.98;1.98;
2026;02;11;42;1.98;1.98;
2026;02;11;43;1.98;1.98;
2026;02;11;44;0.91;.91;
2026;02;11;45;0.91;.91;
2026;02;11;46;0.90;.90;
2026;02;11;47;0.38;.38;
2026;02;11;48;0.22;.22;
2026;02;11;49;0.21;.21;
2026;02;11;50;0.16;.16;
2026;02;11;51;0.16;.16;
2026;02;11;52;0.01;.01;
2026;02;11;53;0.01;.01;
2026;02;11;54;0.01;.01;
2026;02;11;55;0.00;.00;
2026;02;11;56;0.01;.01;
2026;02;11;57;0.10;.10;
2026;02;11;58;0.16;.16;
2026;02;11;59;0.37;.37;
2026;02;11;60;0.38;.38;
2026;02;11;61;0.90;.90;
2026;02;11;62;0.91;.91;
2026;02;11;63;0.91;.91;
2026;02;11;64;0.91;.91;
2026;02;11;65;0.62;.62;
2026;02;11;66;0.82;.91;
2026;02;11;67;1.00;1.47;
2026;02;11;68;1.02;1.98;
2026;02;11;69;0.59;3.78;
2026;02;11;70;0.59;3.78;
2026;02;11;71;0.60;3.78;
2026;02;11;72;0.80;4.28;
2026;02;11;73;0.20;5.37;
2026;02;11;74;0.20;6.00;
2026;02;11;75;0.33;8.00;
2026;02;11;76;0.50;10.00;
2026;02;11;77;0.55;20.79;
2026;02;11;78;0.59;32.05;
2026;02;11;79;0.79;34.00;
2026;02;11;80;0.79;34.00;
2026;02;11;81;2.34;35.00;
2026;02;11;82;2.34;33.00;
2026;02;11;83;2.39;26.00;
2026;02;11;84;2.34;13.50;
2026;02;11;85;2.34;11.05;
2026;02;11;86;2.01;5.04;
2026;02;11;87;0.98;6.05;
2026;02;11;88;0.97;2.11;
2026;02;11;89;0.79;2.26;
2026;02;11;90;0.79;2.11;
2026;02;11;91;0.55;1.79;
2026;02;11;92;0.33;1.28;
2026;02;11;93;0.33;.98;
2026;02;11;94;0.20;.90;
2026;02;11;95;0.03;.03;
2026;02;11;96;-0.14;-.14;
*
