MARGINALPIBC;
2025;03;03;1;77.51;77.51;
2025;03;03;2;74.01;74.01;
2025;03;03;3;70.00;70.00;
2025;03;03;4;70.01;70.01;
2025;03;03;5;71.57;71.57;
2025;03;03;6;77.51;77.51;
2025;03;03;7;96.00;96.00;
2025;03;03;8;103.66;103.66;
2025;03;03;9;113.04;113.04;
2025;03;03;10;104.63;104.63;
2025;03;03;11;104.13;104.13;
2025;03;03;12;100.80;100.80;
2025;03;03;13;89.58;89.58;
2025;03;03;14;89.34;89.34;
2025;03;03;15;69.06;69.06;
2025;03;03;16;89.44;89.44;
2025;03;03;17;98.50;98.50;
2025;03;03;18;99.14;99.14;
2025;03;03;19;106.03;106.03;
2025;03;03;20;131.70;131.70;
2025;03;03;21;141.55;141.55;
2025;03;03;22;119.91;119.91;
2025;03;03;23;112.01;112.01;
2025;03;03;24;98.41;98.41;
*
