MARGINALPIBC;
2026;06;22;1;118.60;118.60;
2026;06;22;2;117.64;117.64;
2026;06;22;3;112.42;112.42;
2026;06;22;4;115.94;115.94;
2026;06;22;5;117.51;117.51;
2026;06;22;6;116.48;116.48;
2026;06;22;7;113.91;113.91;
2026;06;22;8;110.90;110.90;
2026;06;22;9;111.90;111.90;
2026;06;22;10;108.62;108.62;
2026;06;22;11;106.34;106.34;
2026;06;22;12;105.88;105.88;
2026;06;22;13;104.10;104.10;
2026;06;22;14;103.70;103.70;
2026;06;22;15;103.46;103.46;
2026;06;22;16;103.70;103.70;
2026;06;22;17;104.10;104.10;
2026;06;22;18;103.28;103.28;
2026;06;22;19;105.84;105.84;
2026;06;22;20;104.87;104.87;
2026;06;22;21;104.87;104.87;
2026;06;22;22;93.59;93.59;
2026;06;22;23;99.10;99.10;
2026;06;22;24;105.17;105.17;
2026;06;22;25;108.00;108.00;
2026;06;22;26;113.91;113.91;
2026;06;22;27;107.38;107.38;
2026;06;22;28;109.29;109.29;
2026;06;22;29;125.41;125.41;
2026;06;22;30;125.08;125.08;
2026;06;22;31;121.91;121.91;
2026;06;22;32;115.00;115.00;
2026;06;22;33;115.41;115.41;
2026;06;22;34;112.29;112.29;
2026;06;22;35;112.29;112.29;
2026;06;22;36;100.15;100.15;
2026;06;22;37;111.70;111.70;
2026;06;22;38;93.65;93.65;
2026;06;22;39;90.70;90.70;
2026;06;22;40;81.78;81.78;
2026;06;22;41;93.34;93.34;
2026;06;22;42;80.10;80.10;
2026;06;22;43;78.95;78.95;
2026;06;22;44;65.00;65.00;
2026;06;22;45;71.01;71.01;
2026;06;22;46;62.21;62.21;
2026;06;22;47;53.66;53.66;
2026;06;22;48;46.20;46.20;
2026;06;22;49;66.65;66.65;
2026;06;22;50;56.60;56.60;
2026;06;22;51;53.11;53.11;
2026;06;22;52;47.33;47.33;
2026;06;22;53;46.79;46.79;
2026;06;22;54;44.23;44.23;
2026;06;22;55;44.58;44.58;
2026;06;22;56;44.68;44.68;
2026;06;22;57;54.90;54.90;
2026;06;22;58;66.69;66.69;
2026;06;22;59;72.06;72.06;
2026;06;22;60;72.06;72.06;
2026;06;22;61;73.56;73.56;
2026;06;22;62;76.41;76.41;
2026;06;22;63;76.55;76.55;
2026;06;22;64;79.69;79.69;
2026;06;22;65;81.68;81.68;
2026;06;22;66;88.00;88.00;
2026;06;22;67;95.01;95.01;
2026;06;22;68;100.55;100.55;
2026;06;22;69;94.42;94.42;
2026;06;22;70;98.35;98.35;
2026;06;22;71;100.00;100.00;
2026;06;22;72;96.04;96.04;
2026;06;22;73;75.98;75.98;
2026;06;22;74;75.14;75.14;
2026;06;22;75;66.91;66.91;
2026;06;22;76;77.30;77.30;
2026;06;22;77;72.32;72.32;
2026;06;22;78;98.00;98.00;
2026;06;22;79;110.07;110.07;
2026;06;22;80;110.82;110.82;
2026;06;22;81;116.70;116.70;
2026;06;22;82;128.81;128.81;
2026;06;22;83;145.09;145.09;
2026;06;22;84;171.99;171.99;
2026;06;22;85;170.39;170.39;
2026;06;22;86;178.17;178.17;
2026;06;22;87;177.19;177.19;
2026;06;22;88;155.38;155.38;
2026;06;22;89;176.13;176.13;
2026;06;22;90;164.16;164.16;
2026;06;22;91;162.59;162.59;
2026;06;22;92;141.92;141.92;
2026;06;22;93;143.88;143.88;
2026;06;22;94;134.73;134.73;
2026;06;22;95;135.01;135.01;
2026;06;22;96;121.03;121.03;
*
