MARGINALPIBC;
2026;06;14;1;111.83;111.83;
2026;06;14;2;110.43;110.43;
2026;06;14;3;108.88;108.88;
2026;06;14;4;108.01;108.01;
2026;06;14;5;107.43;107.43;
2026;06;14;6;108.06;108.06;
2026;06;14;7;106.14;106.14;
2026;06;14;8;106.14;106.14;
2026;06;14;9;106.14;106.14;
2026;06;14;10;107.09;107.09;
2026;06;14;11;105.62;105.62;
2026;06;14;12;104.00;104.00;
2026;06;14;13;103.41;103.41;
2026;06;14;14;103.41;103.41;
2026;06;14;15;103.36;103.36;
2026;06;14;16;103.41;103.41;
2026;06;14;17;103.47;103.47;
2026;06;14;18;103.47;103.47;
2026;06;14;19;103.47;103.47;
2026;06;14;20;103.88;103.88;
2026;06;14;21;103.47;103.47;
2026;06;14;22;103.47;103.47;
2026;06;14;23;103.50;103.50;
2026;06;14;24;104.01;104.01;
2026;06;14;25;106.40;106.40;
2026;06;14;26;105.45;105.45;
2026;06;14;27;105.45;105.45;
2026;06;14;28;105.88;105.88;
2026;06;14;29;104.27;104.27;
2026;06;14;30;101.96;101.96;
2026;06;14;31;90.53;90.53;
2026;06;14;32;84.49;84.49;
2026;06;14;33;66.03;66.03;
2026;06;14;34;30.18;30.18;
2026;06;14;35;18.36;18.36;
2026;06;14;36;6.01;1.92;
2026;06;14;37;5.85;3.08;
2026;06;14;38;3.35;.00;
2026;06;14;39;4.00;.00;
2026;06;14;40;2.86;-.69;
2026;06;14;41;2.53;-1.02;
2026;06;14;42;2.35;-1.62;
2026;06;14;43;2.86;-5.00;
2026;06;14;44;2.35;-1.11;
2026;06;14;45;4.91;-1.80;
2026;06;14;46;4.52;-2.00;
2026;06;14;47;4.52;-2.00;
2026;06;14;48;4.52;-2.10;
2026;06;14;49;4.52;-2.08;
2026;06;14;50;4.52;-2.00;
2026;06;14;51;4.52;-2.00;
2026;06;14;52;4.52;-2.00;
2026;06;14;53;4.52;-2.01;
2026;06;14;54;4.52;-2.00;
2026;06;14;55;4.02;-2.00;
2026;06;14;56;2.86;-2.00;
2026;06;14;57;2.35;-1.70;
2026;06;14;58;1.85;-1.50;
2026;06;14;59;1.54;-1.61;
2026;06;14;60;1.35;-1.50;
2026;06;14;61;1.35;-1.50;
2026;06;14;62;1.00;-1.50;
2026;06;14;63;1.00;-1.50;
2026;06;14;64;0.88;-1.11;
2026;06;14;65;1.07;-1.11;
2026;06;14;66;2.00;-.82;
2026;06;14;67;2.00;-1.20;
2026;06;14;68;2.00;-.97;
2026;06;14;69;2.06;-.81;
2026;06;14;70;2.38;-.30;
2026;06;14;71;2.83;.01;
2026;06;14;72;2.36;2.36;
2026;06;14;73;2.88;.00;
2026;06;14;74;4.52;4.52;
2026;06;14;75;10.02;10.02;
2026;06;14;76;25.04;25.04;
2026;06;14;77;32.96;32.96;
2026;06;14;78;55.33;55.33;
2026;06;14;79;86.77;86.77;
2026;06;14;80;95.63;95.63;
2026;06;14;81;87.90;87.90;
2026;06;14;82;101.80;101.80;
2026;06;14;83;120.06;120.06;
2026;06;14;84;126.54;126.54;
2026;06;14;85;121.93;121.93;
2026;06;14;86;130.01;130.01;
2026;06;14;87;130.51;130.51;
2026;06;14;88;131.93;131.93;
2026;06;14;89;129.90;129.90;
2026;06;14;90;130.03;130.03;
2026;06;14;91;123.02;123.02;
2026;06;14;92;124.05;124.05;
2026;06;14;93;122.39;122.39;
2026;06;14;94;121.00;121.00;
2026;06;14;95;126.36;126.36;
2026;06;14;96;125.21;125.21;
*
