MARGINALPIBC;
2025;08;08;1;106.54;106.54;
2025;08;08;2;106.49;106.49;
2025;08;08;3;103.20;103.20;
2025;08;08;4;101.08;101.08;
2025;08;08;5;103.60;103.60;
2025;08;08;6;103.40;103.40;
2025;08;08;7;101.00;101.00;
2025;08;08;8;100.40;100.40;
2025;08;08;9;104.40;104.40;
2025;08;08;10;104.30;104.30;
2025;08;08;11;101.90;101.90;
2025;08;08;12;101.40;101.40;
2025;08;08;13;104.57;104.57;
2025;08;08;14;104.50;104.50;
2025;08;08;15;104.32;104.32;
2025;08;08;16;104.02;104.02;
2025;08;08;17;102.89;102.89;
2025;08;08;18;102.89;102.89;
2025;08;08;19;103.40;103.40;
2025;08;08;20;104.52;104.52;
2025;08;08;21;104.62;104.62;
2025;08;08;22;104.72;104.72;
2025;08;08;23;105.22;105.22;
2025;08;08;24;108.16;108.16;
2025;08;08;25;102.68;102.68;
2025;08;08;26;105.88;105.88;
2025;08;08;27;110.78;110.78;
2025;08;08;28;112.46;112.46;
2025;08;08;29;108.46;108.46;
2025;08;08;30;110.56;110.56;
2025;08;08;31;110.96;110.96;
2025;08;08;32;110.46;110.46;
2025;08;08;33;130.67;130.67;
2025;08;08;34;118.40;118.40;
2025;08;08;35;93.73;93.73;
2025;08;08;36;69.60;69.60;
2025;08;08;37;98.65;98.65;
2025;08;08;38;90.67;90.67;
2025;08;08;39;70.98;68.65;
2025;08;08;40;69.98;40.65;
2025;08;08;41;69.00;69.00;
2025;08;08;42;56.13;56.13;
2025;08;08;43;42.46;42.46;
2025;08;08;44;41.13;30.41;
2025;08;08;45;106.66;39.00;
2025;08;08;46;50.75;24.99;
2025;08;08;47;27.35;19.00;
2025;08;08;48;27.35;14.37;
2025;08;08;49;106.66;27.26;
2025;08;08;50;32.35;20.00;
2025;08;08;51;26.95;20.00;
2025;08;08;52;26.95;19.91;
2025;08;08;53;106.66;13.05;
2025;08;08;54;18.00;11.00;
2025;08;08;55;10.50;10.50;
2025;08;08;56;8.55;8.55;
2025;08;08;57;35.79;2.50;
2025;08;08;58;35.79;4.50;
2025;08;08;59;35.79;5.11;
2025;08;08;60;35.79;3.30;
2025;08;08;61;26.95;5.00;
2025;08;08;62;26.95;4.97;
2025;08;08;63;70.35;6.78;
2025;08;08;64;106.66;20.73;
2025;08;08;65;26.95;.65;
2025;08;08;66;26.95;6.90;
2025;08;08;67;70.35;20.49;
2025;08;08;68;106.66;35.33;
2025;08;08;69;50.11;29.77;
2025;08;08;70;70.93;49.57;
2025;08;08;71;106.66;62.89;
2025;08;08;72;109.99;79.77;
2025;08;08;73;38.88;38.88;
2025;08;08;74;59.62;59.62;
2025;08;08;75;77.81;77.81;
2025;08;08;76;95.83;95.83;
2025;08;08;77;54.00;54.00;
2025;08;08;78;88.22;88.22;
2025;08;08;79;112.60;112.60;
2025;08;08;80;124.38;124.38;
2025;08;08;81;71.68;71.68;
2025;08;08;82;101.72;101.72;
2025;08;08;83;114.00;114.00;
2025;08;08;84;133.29;133.29;
2025;08;08;85;134.44;134.44;
2025;08;08;86;136.82;136.82;
2025;08;08;87;136.77;136.77;
2025;08;08;88;133.92;133.92;
2025;08;08;89;118.00;118.00;
2025;08;08;90;115.92;115.92;
2025;08;08;91;111.72;111.72;
2025;08;08;92;110.97;110.97;
2025;08;08;93;108.90;108.90;
2025;08;08;94;103.90;103.90;
2025;08;08;95;103.00;103.00;
2025;08;08;96;101.01;101.01;
*
