MARGINALPIBC;
2025;12;29;1;107.07;107.07;
2025;12;29;2;103.01;103.01;
2025;12;29;3;98.50;98.50;
2025;12;29;4;96.10;96.10;
2025;12;29;5;96.10;96.10;
2025;12;29;6;95.50;95.50;
2025;12;29;7;93.50;93.50;
2025;12;29;8;93.50;93.50;
2025;12;29;9;88.91;88.91;
2025;12;29;10;87.63;87.63;
2025;12;29;11;85.20;85.20;
2025;12;29;12;83.99;83.99;
2025;12;29;13;86.21;86.21;
2025;12;29;14;84.55;84.55;
2025;12;29;15;83.99;83.99;
2025;12;29;16;83.99;83.99;
2025;12;29;17;83.99;83.99;
2025;12;29;18;85.00;85.00;
2025;12;29;19;86.23;86.23;
2025;12;29;20;87.83;87.83;
2025;12;29;21;87.50;87.50;
2025;12;29;22;93.50;93.50;
2025;12;29;23;90.75;90.75;
2025;12;29;24;93.51;93.51;
2025;12;29;25;94.59;94.59;
2025;12;29;26;96.81;96.81;
2025;12;29;27;102.39;102.39;
2025;12;29;28;106.23;106.23;
2025;12;29;29;115.49;115.49;
2025;12;29;30;120.00;120.00;
2025;12;29;31;137.00;137.00;
2025;12;29;32;144.96;144.96;
2025;12;29;33;135.06;135.06;
2025;12;29;34;141.05;141.05;
2025;12;29;35;143.86;143.86;
2025;12;29;36;144.16;144.16;
2025;12;29;37;144.96;144.96;
2025;12;29;38;136.44;136.44;
2025;12;29;39;114.72;114.72;
2025;12;29;40;115.01;115.01;
2025;12;29;41;108.22;108.22;
2025;12;29;42;101.64;101.64;
2025;12;29;43;93.36;93.36;
2025;12;29;44;94.11;94.11;
2025;12;29;45;98.50;98.50;
2025;12;29;46;95.30;95.30;
2025;12;29;47;91.73;91.73;
2025;12;29;48;88.99;88.99;
2025;12;29;49;91.92;91.92;
2025;12;29;50;88.80;88.80;
2025;12;29;51;89.63;89.63;
2025;12;29;52;88.57;88.57;
2025;12;29;53;89.85;89.85;
2025;12;29;54;89.14;89.14;
2025;12;29;55;88.40;88.40;
2025;12;29;56;91.73;91.73;
2025;12;29;57;90.38;90.38;
2025;12;29;58;94.27;94.27;
2025;12;29;59;99.21;99.21;
2025;12;29;60;102.34;102.34;
2025;12;29;61;87.89;87.89;
2025;12;29;62;93.66;93.66;
2025;12;29;63;97.12;97.12;
2025;12;29;64;101.00;101.00;
2025;12;29;65;93.03;93.03;
2025;12;29;66;95.02;95.02;
2025;12;29;67;101.99;101.99;
2025;12;29;68;106.73;106.73;
2025;12;29;69;109.51;109.51;
2025;12;29;70;112.88;112.88;
2025;12;29;71;132.50;132.50;
2025;12;29;72;140.68;140.68;
2025;12;29;73;140.95;140.95;
2025;12;29;74;141.59;141.59;
2025;12;29;75;145.73;145.73;
2025;12;29;76;143.00;143.09;
2025;12;29;77;135.00;135.00;
2025;12;29;78;136.01;136.01;
2025;12;29;79;143.02;143.02;
2025;12;29;80;148.00;148.00;
2025;12;29;81;173.00;173.00;
2025;12;29;82;187.02;187.02;
2025;12;29;83;177.89;177.89;
2025;12;29;84;179.28;179.28;
2025;12;29;85;200.59;206.50;
2025;12;29;86;187.77;200.68;
2025;12;29;87;165.50;185.16;
2025;12;29;88;153.09;155.01;
2025;12;29;89;145.13;145.13;
2025;12;29;90;134.87;134.87;
2025;12;29;91;124.58;124.58;
2025;12;29;92;112.36;112.36;
2025;12;29;93;116.71;116.71;
2025;12;29;94;116.23;116.23;
2025;12;29;95;112.02;112.02;
2025;12;29;96;106.24;106.24;
*
