MARGINALPIBC;
2025;01;13;1;115.66;115.66;
2025;01;13;2;109.02;109.02;
2025;01;13;3;108.46;108.46;
2025;01;13;4;110.00;110.00;
2025;01;13;5;109.10;109.10;
2025;01;13;6;104.13;104.13;
2025;01;13;7;123.00;123.00;
2025;01;13;8;141.29;141.29;
2025;01;13;9;180.00;180.00;
2025;01;13;10;144.54;144.54;
2025;01;13;11;128.13;128.13;
2025;01;13;12;109.64;109.64;
2025;01;13;13;105.22;105.22;
2025;01;13;14;100.81;100.81;
2025;01;13;15;104.91;104.91;
2025;01;13;16;110.72;110.72;
2025;01;13;17;125.14;125.14;
2025;01;13;18;145.37;145.37;
2025;01;13;19;157.00;157.00;
2025;01;13;20;158.39;158.39;
2025;01;13;21;146.39;146.39;
2025;01;13;22;143.02;143.02;
2025;01;13;23;134.99;134.99;
2025;01;13;24;120.09;120.09;
*
