MARGINALPIBC;
2025;11;18;1;90.07;90.07;
2025;11;18;2;86.00;86.00;
2025;11;18;3;81.02;81.02;
2025;11;18;4;82.58;82.58;
2025;11;18;5;86.00;86.00;
2025;11;18;6;83.00;83.00;
2025;11;18;7;81.00;81.00;
2025;11;18;8;78.14;78.14;
2025;11;18;9;79.03;79.03;
2025;11;18;10;79.22;79.22;
2025;11;18;11;78.56;78.56;
2025;11;18;12;78.55;78.55;
2025;11;18;13;78.56;78.56;
2025;11;18;14;78.56;78.56;
2025;11;18;15;77.14;77.14;
2025;11;18;16;76.44;76.44;
2025;11;18;17;76.96;76.96;
2025;11;18;18;77.90;77.90;
2025;11;18;19;78.58;78.58;
2025;11;18;20;79.80;79.80;
2025;11;18;21;77.00;77.00;
2025;11;18;22;75.90;75.90;
2025;11;18;23;77.66;77.66;
2025;11;18;24;78.56;78.56;
2025;11;18;25;84.30;84.30;
2025;11;18;26;87.62;87.62;
2025;11;18;27;88.26;88.26;
2025;11;18;28;90.99;90.99;
2025;11;18;29;89.74;89.74;
2025;11;18;30;97.50;97.50;
2025;11;18;31;102.97;102.97;
2025;11;18;32;105.91;105.91;
2025;11;18;33;108.98;108.98;
2025;11;18;34;105.91;105.91;
2025;11;18;35;95.70;95.70;
2025;11;18;36;89.10;89.10;
2025;11;18;37;91.08;91.08;
2025;11;18;38;85.14;85.14;
2025;11;18;39;77.91;77.91;
2025;11;18;40;60.82;60.82;
2025;11;18;41;60.82;60.82;
2025;11;18;42;54.65;54.65;
2025;11;18;43;40.65;40.65;
2025;11;18;44;25.44;25.44;
2025;11;18;45;20.05;20.05;
2025;11;18;46;12.00;12.00;
2025;11;18;47;15.00;15.00;
2025;11;18;48;16.57;16.57;
2025;11;18;49;14.00;14.00;
2025;11;18;50;15.10;15.10;
2025;11;18;51;18.10;18.10;
2025;11;18;52;22.00;22.00;
2025;11;18;53;25.25;25.25;
2025;11;18;54;25.25;25.25;
2025;11;18;55;26.00;26.00;
2025;11;18;56;26.01;26.01;
2025;11;18;57;27.80;27.80;
2025;11;18;58;27.44;27.44;
2025;11;18;59;37.02;37.02;
2025;11;18;60;40.97;40.97;
2025;11;18;61;40.97;40.97;
2025;11;18;62;52.00;52.00;
2025;11;18;63;63.75;63.75;
2025;11;18;64;70.07;70.07;
2025;11;18;65;61.03;61.03;
2025;11;18;66;80.75;80.75;
2025;11;18;67;88.01;88.01;
2025;11;18;68;91.03;91.03;
2025;11;18;69;88.70;88.70;
2025;11;18;70;99.79;99.79;
2025;11;18;71;106.23;106.23;
2025;11;18;72;119.21;119.21;
2025;11;18;73;120.63;120.63;
2025;11;18;74;129.23;129.23;
2025;11;18;75;134.82;134.82;
2025;11;18;76;138.02;138.02;
2025;11;18;77;131.92;131.92;
2025;11;18;78;130.01;130.01;
2025;11;18;79;127.01;127.01;
2025;11;18;80;127.75;127.75;
2025;11;18;81;127.00;127.00;
2025;11;18;82;130.01;130.01;
2025;11;18;83;131.37;131.37;
2025;11;18;84;130.01;130.01;
2025;11;18;85;142.50;142.50;
2025;11;18;86;131.92;131.92;
2025;11;18;87;127.20;127.20;
2025;11;18;88;122.63;122.63;
2025;11;18;89;118.75;118.75;
2025;11;18;90;112.74;112.74;
2025;11;18;91;108.92;108.92;
2025;11;18;92;103.72;103.72;
2025;11;18;93;105.28;105.28;
2025;11;18;94;98.30;98.30;
2025;11;18;95;91.96;91.96;
2025;11;18;96;90.91;90.91;
*
