MARGINALPIBC;
2025;10;06;1;40.23;40.23;
2025;10;06;2;41.88;41.88;
2025;10;06;3;40.23;40.23;
2025;10;06;4;40.23;40.23;
2025;10;06;5;40.23;40.23;
2025;10;06;6;40.23;40.23;
2025;10;06;7;40.23;40.23;
2025;10;06;8;40.23;40.23;
2025;10;06;9;39.67;39.67;
2025;10;06;10;40.23;40.23;
2025;10;06;11;40.23;40.23;
2025;10;06;12;40.23;40.23;
2025;10;06;13;40.23;40.23;
2025;10;06;14;40.23;40.23;
2025;10;06;15;40.23;40.23;
2025;10;06;16;43.00;43.00;
2025;10;06;17;41.88;41.88;
2025;10;06;18;46.10;46.10;
2025;10;06;19;48.24;48.24;
2025;10;06;20;52.81;52.81;
2025;10;06;21;50.00;50.00;
2025;10;06;22;50.00;50.00;
2025;10;06;23;55.00;55.00;
2025;10;06;24;72.10;72.10;
2025;10;06;25;55.70;55.70;
2025;10;06;26;70.04;70.04;
2025;10;06;27;82.15;82.15;
2025;10;06;28;86.11;86.11;
2025;10;06;29;95.06;95.06;
2025;10;06;30;105.63;105.63;
2025;10;06;31;106.28;106.28;
2025;10;06;32;111.89;111.89;
2025;10;06;33;113.50;125.66;
2025;10;06;34;113.55;123.61;
2025;10;06;35;117.20;117.20;
2025;10;06;36;106.74;106.74;
2025;10;06;37;128.94;129.66;
2025;10;06;38;103.26;103.26;
2025;10;06;39;88.30;94.24;
2025;10;06;40;60.88;84.10;
2025;10;06;41;79.00;79.00;
2025;10;06;42;77.61;77.61;
2025;10;06;43;64.28;64.28;
2025;10;06;44;48.76;48.76;
2025;10;06;45;50.86;50.86;
2025;10;06;46;51.68;51.68;
2025;10;06;47;43.90;43.90;
2025;10;06;48;41.88;41.88;
2025;10;06;49;46.11;46.11;
2025;10;06;50;47.42;47.42;
2025;10;06;51;47.42;47.42;
2025;10;06;52;50.00;50.00;
2025;10;06;53;59.87;59.87;
2025;10;06;54;53.32;53.32;
2025;10;06;55;50.00;50.00;
2025;10;06;56;44.00;44.00;
2025;10;06;57;50.00;50.00;
2025;10;06;58;50.00;50.00;
2025;10;06;59;51.20;51.20;
2025;10;06;60;50.00;50.00;
2025;10;06;61;51.20;51.20;
2025;10;06;62;55.00;55.00;
2025;10;06;63;56.02;56.02;
2025;10;06;64;59.10;59.10;
2025;10;06;65;50.00;50.00;
2025;10;06;66;51.20;51.20;
2025;10;06;67;53.00;53.00;
2025;10;06;68;68.01;68.01;
2025;10;06;69;47.68;47.68;
2025;10;06;70;60.00;60.00;
2025;10;06;71;79.28;79.28;
2025;10;06;72;84.61;84.61;
2025;10;06;73;74.04;74.04;
2025;10;06;74;86.76;86.76;
2025;10;06;75;95.16;95.16;
2025;10;06;76;122.32;122.32;
2025;10;06;77;106.54;106.54;
2025;10;06;78;125.34;125.34;
2025;10;06;79;165.00;165.00;
2025;10;06;80;172.01;172.01;
2025;10;06;81;161.18;161.18;
2025;10;06;82;158.18;162.25;
2025;10;06;83;161.18;168.11;
2025;10;06;84;167.00;167.80;
2025;10;06;85;207.59;207.59;
2025;10;06;86;198.00;198.00;
2025;10;06;87;180.00;180.00;
2025;10;06;88;160.43;160.43;
2025;10;06;89;157.22;157.22;
2025;10;06;90;143.22;143.22;
2025;10;06;91;129.43;129.43;
2025;10;06;92;123.55;123.55;
2025;10;06;93;114.33;114.33;
2025;10;06;94;112.17;112.17;
2025;10;06;95;101.89;101.89;
2025;10;06;96;94.36;94.36;
*
