MARGINALPIBC;
2026;05;19;1;108.35;108.35;
2026;05;19;2;106.04;106.04;
2026;05;19;3;91.71;91.71;
2026;05;19;4;85.05;85.05;
2026;05;19;5;87.00;87.00;
2026;05;19;6;74.15;74.15;
2026;05;19;7;71.74;71.74;
2026;05;19;8;62.16;62.16;
2026;05;19;9;74.75;74.75;
2026;05;19;10;67.26;67.26;
2026;05;19;11;67.03;67.03;
2026;05;19;12;63.93;63.93;
2026;05;19;13;66.78;66.78;
2026;05;19;14;63.98;63.98;
2026;05;19;15;64.23;64.23;
2026;05;19;16;54.78;54.78;
2026;05;19;17;54.58;54.58;
2026;05;19;18;50.00;50.00;
2026;05;19;19;50.00;50.00;
2026;05;19;20;46.76;46.76;
2026;05;19;21;59.44;59.44;
2026;05;19;22;64.01;64.01;
2026;05;19;23;54.30;54.30;
2026;05;19;24;63.69;63.69;
2026;05;19;25;42.73;42.73;
2026;05;19;26;56.00;56.00;
2026;05;19;27;61.26;61.26;
2026;05;19;28;75.00;75.00;
2026;05;19;29;82.24;82.24;
2026;05;19;30;85.87;85.87;
2026;05;19;31;76.54;76.54;
2026;05;19;32;71.78;71.78;
2026;05;19;33;97.24;97.24;
2026;05;19;34;83.00;83.00;
2026;05;19;35;68.83;68.83;
2026;05;19;36;39.89;39.89;
2026;05;19;37;35.10;35.10;
2026;05;19;38;30.01;30.01;
2026;05;19;39;20.01;20.00;
2026;05;19;40;16.21;2.20;
2026;05;19;41;16.11;16.11;
2026;05;19;42;16.10;6.09;
2026;05;19;43;10.85;5.00;
2026;05;19;44;10.45;.84;
2026;05;19;45;12.01;.84;
2026;05;19;46;11.76;.44;
2026;05;19;47;11.45;.00;
2026;05;19;48;10.03;-.10;
2026;05;19;49;10.03;.84;
2026;05;19;50;10.03;.84;
2026;05;19;51;6.25;.01;
2026;05;19;52;5.01;.00;
2026;05;19;53;5.01;-5.48;
2026;05;19;54;4.00;-10.00;
2026;05;19;55;2.95;-10.82;
2026;05;19;56;2.00;-10.82;
2026;05;19;57;2.22;-10.00;
2026;05;19;58;2.00;-9.99;
2026;05;19;59;2.95;-10.82;
2026;05;19;60;2.95;-11.32;
2026;05;19;61;2.00;-15.19;
2026;05;19;62;2.95;-15.42;
2026;05;19;63;2.95;-17.75;
2026;05;19;64;2.00;-17.75;
2026;05;19;65;2.00;-19.99;
2026;05;19;66;2.00;-19.32;
2026;05;19;67;2.00;-19.32;
2026;05;19;68;2.00;-15.41;
2026;05;19;69;2.00;-25.00;
2026;05;19;70;2.00;-18.82;
2026;05;19;71;2.00;-10.00;
2026;05;19;72;3.05;-9.40;
2026;05;19;73;4.00;-9.15;
2026;05;19;74;2.00;-4.10;
2026;05;19;75;5.01;5.01;
2026;05;19;76;10.01;10.01;
2026;05;19;77;18.41;18.41;
2026;05;19;78;29.91;29.91;
2026;05;19;79;46.78;46.78;
2026;05;19;80;72.65;72.65;
2026;05;19;81;40.01;40.01;
2026;05;19;82;64.27;64.27;
2026;05;19;83;81.96;81.96;
2026;05;19;84;94.64;94.64;
2026;05;19;85;105.09;105.09;
2026;05;19;86;111.55;111.55;
2026;05;19;87;110.54;110.54;
2026;05;19;88;110.54;110.54;
2026;05;19;89;109.04;109.04;
2026;05;19;90;106.54;106.54;
2026;05;19;91;100.50;100.50;
2026;05;19;92;96.70;96.70;
2026;05;19;93;91.00;91.00;
2026;05;19;94;88.08;88.08;
2026;05;19;95;84.28;84.28;
2026;05;19;96;75.67;75.67;
*
