MARGINALPIBC;
2025;08;22;1;79.68;79.68;
2025;08;22;2;76.10;76.10;
2025;08;22;3;69.11;69.11;
2025;08;22;4;55.00;55.00;
2025;08;22;5;72.00;72.00;
2025;08;22;6;62.01;62.01;
2025;08;22;7;62.00;62.00;
2025;08;22;8;56.21;56.21;
2025;08;22;9;63.01;63.01;
2025;08;22;10;58.01;58.01;
2025;08;22;11;58.01;58.01;
2025;08;22;12;53.01;53.01;
2025;08;22;13;55.21;55.21;
2025;08;22;14;55.20;55.20;
2025;08;22;15;55.20;55.20;
2025;08;22;16;55.21;55.21;
2025;08;22;17;65.01;65.01;
2025;08;22;18;65.01;65.01;
2025;08;22;19;65.01;65.01;
2025;08;22;20;67.51;67.51;
2025;08;22;21;59.82;59.82;
2025;08;22;22;63.81;63.81;
2025;08;22;23;68.43;68.43;
2025;08;22;24;70.81;70.81;
2025;08;22;25;64.36;64.36;
2025;08;22;26;71.04;71.04;
2025;08;22;27;75.01;75.01;
2025;08;22;28;76.13;76.13;
2025;08;22;29;78.06;78.06;
2025;08;22;30;79.06;79.06;
2025;08;22;31;81.26;81.26;
2025;08;22;32;81.26;81.26;
2025;08;22;33;92.26;92.26;
2025;08;22;34;87.70;87.70;
2025;08;22;35;75.10;75.10;
2025;08;22;36;52.12;52.12;
2025;08;22;37;88.24;88.24;
2025;08;22;38;75.01;75.01;
2025;08;22;39;43.66;43.66;
2025;08;22;40;19.64;19.64;
2025;08;22;41;50.57;50.57;
2025;08;22;42;25.57;25.57;
2025;08;22;43;15.67;15.67;
2025;08;22;44;10.47;10.47;
2025;08;22;45;15.10;15.10;
2025;08;22;46;10.11;10.11;
2025;08;22;47;10.11;10.11;
2025;08;22;48;9.91;9.91;
2025;08;22;49;19.83;19.83;
2025;08;22;50;19.31;19.31;
2025;08;22;51;20.31;20.31;
2025;08;22;52;20.31;20.31;
2025;08;22;53;21.79;21.79;
2025;08;22;54;15.78;15.78;
2025;08;22;55;15.78;15.78;
2025;08;22;56;13.69;13.69;
2025;08;22;57;10.37;10.37;
2025;08;22;58;13.27;13.27;
2025;08;22;59;13.27;13.27;
2025;08;22;60;11.39;11.39;
2025;08;22;61;10.01;10.01;
2025;08;22;62;10.01;10.01;
2025;08;22;63;11.53;11.53;
2025;08;22;64;15.00;15.00;
2025;08;22;65;21.24;21.24;
2025;08;22;66;21.79;21.79;
2025;08;22;67;22.00;22.00;
2025;08;22;68;34.98;34.98;
2025;08;22;69;20.00;20.00;
2025;08;22;70;25.00;25.00;
2025;08;22;71;34.36;34.36;
2025;08;22;72;65.12;65.12;
2025;08;22;73;9.20;9.20;
2025;08;22;74;10.01;10.01;
2025;08;22;75;35.20;35.20;
2025;08;22;76;75.01;75.01;
2025;08;22;77;34.60;34.60;
2025;08;22;78;67.47;67.47;
2025;08;22;79;88.50;88.50;
2025;08;22;80;105.01;105.01;
2025;08;22;81;84.96;84.96;
2025;08;22;82;96.54;96.54;
2025;08;22;83;102.44;102.44;
2025;08;22;84;104.53;104.53;
2025;08;22;85;100.49;100.49;
2025;08;22;86;99.35;99.35;
2025;08;22;87;98.49;98.49;
2025;08;22;88;94.56;94.56;
2025;08;22;89;99.59;99.59;
2025;08;22;90;96.59;96.59;
2025;08;22;91;96.49;96.49;
2025;08;22;92;93.73;93.73;
2025;08;22;93;94.37;94.37;
2025;08;22;94;91.37;91.37;
2025;08;22;95;90.37;90.37;
2025;08;22;96;85.24;85.24;
*
