MARGINALPIBC;
2025;08;29;1;89.90;89.90;
2025;08;29;2;85.88;85.88;
2025;08;29;3;82.70;82.70;
2025;08;29;4;81.33;81.33;
2025;08;29;5;86.54;86.54;
2025;08;29;6;84.64;84.64;
2025;08;29;7;84.40;84.40;
2025;08;29;8;81.19;81.19;
2025;08;29;9;82.53;82.53;
2025;08;29;10;80.56;80.56;
2025;08;29;11;80.20;80.20;
2025;08;29;12;77.75;77.75;
2025;08;29;13;82.53;82.53;
2025;08;29;14;80.00;80.00;
2025;08;29;15;73.22;73.22;
2025;08;29;16;68.00;68.00;
2025;08;29;17;84.30;84.30;
2025;08;29;18;82.53;82.53;
2025;08;29;19;80.00;80.00;
2025;08;29;20;79.44;79.44;
2025;08;29;21;74.60;74.60;
2025;08;29;22;74.60;74.60;
2025;08;29;23;79.50;79.50;
2025;08;29;24;81.19;81.19;
2025;08;29;25;80.00;80.00;
2025;08;29;26;82.52;82.52;
2025;08;29;27;83.01;83.01;
2025;08;29;28;84.48;84.48;
2025;08;29;29;80.20;80.20;
2025;08;29;30;83.33;83.33;
2025;08;29;31;84.48;84.48;
2025;08;29;32;85.20;85.20;
2025;08;29;33;86.30;86.30;
2025;08;29;34;82.53;82.53;
2025;08;29;35;74.33;74.33;
2025;08;29;36;50.09;50.09;
2025;08;29;37;84.04;84.04;
2025;08;29;38;80.00;80.00;
2025;08;29;39;42.47;42.47;
2025;08;29;40;20.00;20.00;
2025;08;29;41;32.37;32.37;
2025;08;29;42;9.22;9.22;
2025;08;29;43;5.00;2.64;
2025;08;29;44;5.00;-3.18;
2025;08;29;45;2.33;1.72;
2025;08;29;46;1.93;.83;
2025;08;29;47;1.10;-.25;
2025;08;29;48;0.83;-1.87;
2025;08;29;49;4.31;.65;
2025;08;29;50;1.75;.25;
2025;08;29;51;1.75;.00;
2025;08;29;52;1.75;.00;
2025;08;29;53;4.31;.01;
2025;08;29;54;0.01;.01;
2025;08;29;55;0.00;.00;
2025;08;29;56;-1.00;-1.00;
2025;08;29;57;-2.95;-2.95;
2025;08;29;58;-0.92;-.92;
2025;08;29;59;-3.00;-3.00;
2025;08;29;60;-3.00;-3.00;
2025;08;29;61;0.00;-2.99;
2025;08;29;62;0.00;-3.00;
2025;08;29;63;-3.00;-3.00;
2025;08;29;64;-2.00;-2.00;
2025;08;29;65;-3.30;-4.48;
2025;08;29;66;-3.30;-3.50;
2025;08;29;67;-3.00;-3.00;
2025;08;29;68;-0.15;-.15;
2025;08;29;69;-3.30;-4.99;
2025;08;29;70;-0.77;-.77;
2025;08;29;71;0.00;.00;
2025;08;29;72;0.50;.50;
2025;08;29;73;3.30;-6.48;
2025;08;29;74;3.49;.02;
2025;08;29;75;3.52;3.52;
2025;08;29;76;5.00;5.00;
2025;08;29;77;22.70;22.70;
2025;08;29;78;53.55;53.55;
2025;08;29;79;86.30;86.30;
2025;08;29;80;97.00;97.00;
2025;08;29;81;61.80;61.80;
2025;08;29;82;79.17;79.17;
2025;08;29;83;86.91;86.91;
2025;08;29;84;91.78;91.78;
2025;08;29;85;88.19;88.19;
2025;08;29;86;92.55;92.55;
2025;08;29;87;95.01;95.01;
2025;08;29;88;93.74;93.74;
2025;08;29;89;92.84;92.84;
2025;08;29;90;90.14;90.14;
2025;08;29;91;90.10;90.10;
2025;08;29;92;88.14;88.14;
2025;08;29;93;86.17;86.17;
2025;08;29;94;85.06;85.06;
2025;08;29;95;82.28;82.28;
2025;08;29;96;80.00;80.00;
*
