MARGINALPIBC;
2025;05;25;1;26.54;26.54;
2025;05;25;2;18.90;18.90;
2025;05;25;3;12.00;12.00;
2025;05;25;4;10.40;10.40;
2025;05;25;5;15.42;15.42;
2025;05;25;6;10.40;10.40;
2025;05;25;7;10.40;10.40;
2025;05;25;8;9.90;9.90;
2025;05;25;9;16.66;16.66;
2025;05;25;10;12.66;12.66;
2025;05;25;11;10.40;10.40;
2025;05;25;12;9.90;9.90;
2025;05;25;13;13.42;13.42;
2025;05;25;14;11.04;11.04;
2025;05;25;15;10.40;10.40;
2025;05;25;16;10.40;10.40;
2025;05;25;17;10.01;10.01;
2025;05;25;18;9.90;9.90;
2025;05;25;19;10.01;10.01;
2025;05;25;20;10.01;10.01;
2025;05;25;21;9.90;9.90;
2025;05;25;22;9.90;9.90;
2025;05;25;23;9.90;9.90;
2025;05;25;24;9.90;9.90;
2025;05;25;25;9.90;9.90;
2025;05;25;26;9.90;9.90;
2025;05;25;27;9.90;9.90;
2025;05;25;28;9.90;9.90;
2025;05;25;29;18.99;18.99;
2025;05;25;30;5.71;5.71;
2025;05;25;31;4.50;4.50;
2025;05;25;32;2.89;2.89;
2025;05;25;33;13.87;13.87;
2025;05;25;34;0.89;.89;
2025;05;25;35;0.10;-5.58;
2025;05;25;36;0.00;-17.81;
2025;05;25;37;14.89;-.07;
2025;05;25;38;14.89;-1.19;
2025;05;25;39;14.89;-8.62;
2025;05;25;40;14.89;-15.00;
2025;05;25;41;9.68;-5.00;
2025;05;25;42;9.68;-8.00;
2025;05;25;43;6.00;-11.00;
2025;05;25;44;5.76;-13.99;
2025;05;25;45;5.76;-10.00;
2025;05;25;46;5.76;-10.90;
2025;05;25;47;5.00;-12.00;
2025;05;25;48;4.43;-13.51;
2025;05;25;49;5.76;-13.29;
2025;05;25;50;5.76;-15.68;
2025;05;25;51;5.00;-15.68;
2025;05;25;52;4.41;-15.35;
2025;05;25;53;5.76;-24.91;
2025;05;25;54;5.76;-25.26;
2025;05;25;55;5.31;-29.87;
2025;05;25;56;4.31;-30.00;
2025;05;25;57;4.31;-28.99;
2025;05;25;58;4.31;-28.93;
2025;05;25;59;1.10;-30.00;
2025;05;25;60;0.10;-29.87;
2025;05;25;61;4.31;-22.81;
2025;05;25;62;4.31;-27.07;
2025;05;25;63;4.31;-28.87;
2025;05;25;64;0.00;-25.89;
2025;05;25;65;4.31;-11.53;
2025;05;25;66;0.10;-10.29;
2025;05;25;67;0.00;-14.02;
2025;05;25;68;-0.01;-12.87;
2025;05;25;69;0.00;-14.46;
2025;05;25;70;0.00;-11.58;
2025;05;25;71;0.00;-6.00;
2025;05;25;72;0.00;-6.00;
2025;05;25;73;0.04;-13.99;
2025;05;25;74;0.05;-9.00;
2025;05;25;75;4.31;-2.07;
2025;05;25;76;5.00;-1.54;
2025;05;25;77;3.65;-15.00;
2025;05;25;78;3.66;-8.00;
2025;05;25;79;4.31;1.50;
2025;05;25;80;18.66;9.00;
2025;05;25;81;4.50;4.50;
2025;05;25;82;10.03;10.03;
2025;05;25;83;27.80;27.80;
2025;05;25;84;44.91;44.91;
2025;05;25;85;18.90;18.90;
2025;05;25;86;27.80;27.80;
2025;05;25;87;30.30;30.30;
2025;05;25;88;24.71;24.71;
2025;05;25;89;37.01;37.01;
2025;05;25;90;35.01;35.01;
2025;05;25;91;35.01;35.01;
2025;05;25;92;25.01;25.01;
2025;05;25;93;25.17;25.17;
2025;05;25;94;20.17;20.17;
2025;05;25;95;18.17;18.17;
2025;05;25;96;10.40;10.40;
*
