MARGINALPIBC;
2025;10;20;1;55.12;55.12;
2025;10;20;2;50.00;50.00;
2025;10;20;3;44.11;44.11;
2025;10;20;4;40.35;40.35;
2025;10;20;5;29.70;29.70;
2025;10;20;6;31.01;31.01;
2025;10;20;7;30.55;30.55;
2025;10;20;8;30.15;30.15;
2025;10;20;9;26.42;26.42;
2025;10;20;10;25.80;25.80;
2025;10;20;11;26.42;26.42;
2025;10;20;12;25.60;25.60;
2025;10;20;13;26.62;26.62;
2025;10;20;14;26.62;26.62;
2025;10;20;15;28.05;28.05;
2025;10;20;16;23.45;23.45;
2025;10;20;17;26.42;26.42;
2025;10;20;18;26.42;26.42;
2025;10;20;19;24.92;24.92;
2025;10;20;20;25.30;25.30;
2025;10;20;21;25.30;25.30;
2025;10;20;22;25.68;25.68;
2025;10;20;23;27.20;27.20;
2025;10;20;24;27.20;27.20;
2025;10;20;25;31.84;31.84;
2025;10;20;26;39.00;39.00;
2025;10;20;27;50.11;50.11;
2025;10;20;28;70.01;70.01;
2025;10;20;29;54.56;54.56;
2025;10;20;30;68.44;68.44;
2025;10;20;31;81.14;81.14;
2025;10;20;32;79.50;79.50;
2025;10;20;33;83.39;83.39;
2025;10;20;34;85.08;85.08;
2025;10;20;35;86.23;86.23;
2025;10;20;36;85.18;85.18;
2025;10;20;37;90.88;90.88;
2025;10;20;38;84.30;84.30;
2025;10;20;39;78.42;78.42;
2025;10;20;40;55.09;55.09;
2025;10;20;41;58.23;58.23;
2025;10;20;42;47.70;47.70;
2025;10;20;43;32.91;32.91;
2025;10;20;44;15.01;15.01;
2025;10;20;45;27.87;27.87;
2025;10;20;46;14.00;14.00;
2025;10;20;47;7.01;7.01;
2025;10;20;48;3.52;3.52;
2025;10;20;49;2.52;2.52;
2025;10;20;50;1.76;1.76;
2025;10;20;51;1.76;1.76;
2025;10;20;52;2.41;2.41;
2025;10;20;53;3.12;3.12;
2025;10;20;54;2.92;2.92;
2025;10;20;55;0.72;.72;
2025;10;20;56;-0.45;-.45;
2025;10;20;57;1.72;1.72;
2025;10;20;58;0.77;.77;
2025;10;20;59;0.32;.32;
2025;10;20;60;0.00;.00;
2025;10;20;61;0.00;.00;
2025;10;20;62;0.16;.16;
2025;10;20;63;0.08;.08;
2025;10;20;64;0.65;.65;
2025;10;20;65;0.65;.65;
2025;10;20;66;0.65;.65;
2025;10;20;67;2.72;2.72;
2025;10;20;68;3.52;3.52;
2025;10;20;69;1.01;1.01;
2025;10;20;70;0.00;.00;
2025;10;20;71;6.74;6.74;
2025;10;20;72;16.76;16.76;
2025;10;20;73;14.00;14.00;
2025;10;20;74;25.82;25.82;
2025;10;20;75;39.93;39.93;
2025;10;20;76;67.99;67.99;
2025;10;20;77;56.53;56.53;
2025;10;20;78;74.47;74.47;
2025;10;20;79;79.00;79.00;
2025;10;20;80;82.50;82.50;
2025;10;20;81;84.67;84.67;
2025;10;20;82;90.88;90.88;
2025;10;20;83;93.76;93.76;
2025;10;20;84;92.25;92.25;
2025;10;20;85;94.17;94.17;
2025;10;20;86;88.45;88.45;
2025;10;20;87;84.87;84.87;
2025;10;20;88;75.01;75.01;
2025;10;20;89;80.70;80.70;
2025;10;20;90;72.79;72.79;
2025;10;20;91;65.01;65.01;
2025;10;20;92;55.18;55.18;
2025;10;20;93;57.95;57.95;
2025;10;20;94;51.31;51.31;
2025;10;20;95;51.52;51.52;
2025;10;20;96;40.45;40.45;
*
