MARGINALPIBC;
2026;02;07;1;0.00;.00;
2026;02;07;2;0.00;.00;
2026;02;07;3;-0.30;-.30;
2026;02;07;4;-0.40;-.40;
2026;02;07;5;-0.40;-.40;
2026;02;07;6;-0.50;-.50;
2026;02;07;7;-1.00;-1.00;
2026;02;07;8;-1.00;-1.00;
2026;02;07;9;-1.00;-1.00;
2026;02;07;10;-1.00;-1.00;
2026;02;07;11;-2.27;-2.27;
2026;02;07;12;-3.05;-3.05;
2026;02;07;13;-3.05;-3.05;
2026;02;07;14;-4.04;-4.04;
2026;02;07;15;-4.65;-4.65;
2026;02;07;16;-3.10;-5.00;
2026;02;07;17;-5.00;-5.00;
2026;02;07;18;-5.00;-5.00;
2026;02;07;19;-5.00;-5.00;
2026;02;07;20;-5.00;-5.00;
2026;02;07;21;-5.00;-5.00;
2026;02;07;22;-2.00;-5.00;
2026;02;07;23;-2.00;-4.67;
2026;02;07;24;-3.12;-3.69;
2026;02;07;25;-1.00;-3.68;
2026;02;07;26;-2.00;-2.00;
2026;02;07;27;-1.00;-1.00;
2026;02;07;28;-0.81;-.81;
2026;02;07;29;-1.00;-1.00;
2026;02;07;30;-3.00;-3.00;
2026;02;07;31;-2.13;-2.13;
2026;02;07;32;-2.13;-2.13;
2026;02;07;33;-1.20;-1.20;
2026;02;07;34;-1.00;-1.00;
2026;02;07;35;-0.40;-.40;
2026;02;07;36;-0.15;-.15;
2026;02;07;37;0.00;.00;
2026;02;07;38;0.00;.00;
2026;02;07;39;0.00;.00;
2026;02;07;40;-0.01;-.01;
2026;02;07;41;0.00;.00;
2026;02;07;42;0.00;.00;
2026;02;07;43;0.00;.00;
2026;02;07;44;-0.01;-.01;
2026;02;07;45;0.00;.00;
2026;02;07;46;0.00;.00;
2026;02;07;47;-0.01;-.01;
2026;02;07;48;-0.01;-.01;
2026;02;07;49;-0.01;-.01;
2026;02;07;50;-0.01;-.01;
2026;02;07;51;-0.01;-.01;
2026;02;07;52;-0.01;-.01;
2026;02;07;53;0.00;.00;
2026;02;07;54;0.00;.00;
2026;02;07;55;0.00;.00;
2026;02;07;56;0.00;.00;
2026;02;07;57;0.00;.00;
2026;02;07;58;0.00;.00;
2026;02;07;59;0.00;.00;
2026;02;07;60;0.00;.00;
2026;02;07;61;0.00;.00;
2026;02;07;62;0.00;.00;
2026;02;07;63;0.00;.00;
2026;02;07;64;-1.00;.00;
2026;02;07;65;-1.00;.00;
2026;02;07;66;-1.00;.50;
2026;02;07;67;-1.00;1.78;
2026;02;07;68;-1.00;1.98;
2026;02;07;69;-1.00;2.58;
2026;02;07;70;-1.00;3.78;
2026;02;07;71;0.03;3.78;
2026;02;07;72;0.59;10.75;
2026;02;07;73;0.02;11.47;
2026;02;07;74;0.03;25.75;
2026;02;07;75;0.59;33.00;
2026;02;07;76;1.10;36.73;
2026;02;07;77;1.10;41.22;
2026;02;07;78;1.56;51.80;
2026;02;07;79;1.56;63.37;
2026;02;07;80;1.98;66.00;
2026;02;07;81;2.33;55.01;
2026;02;07;82;3.34;66.60;
2026;02;07;83;3.34;65.50;
2026;02;07;84;3.34;53.52;
2026;02;07;85;3.34;75.02;
2026;02;07;86;4.28;75.02;
2026;02;07;87;4.28;55.00;
2026;02;07;88;3.34;35.21;
2026;02;07;89;2.33;27.72;
2026;02;07;90;2.33;25.75;
2026;02;07;91;2.33;11.47;
2026;02;07;92;1.98;9.35;
2026;02;07;93;1.58;1.58;
2026;02;07;94;0.00;.00;
2026;02;07;95;0.91;.91;
2026;02;07;96;-1.00;.68;
*
