MARGINALPIBC;
2025;08;04;1;88.98;88.98;
2025;08;04;2;85.00;85.00;
2025;08;04;3;75.07;75.07;
2025;08;04;4;65.99;65.99;
2025;08;04;5;84.24;84.24;
2025;08;04;6;81.37;81.37;
2025;08;04;7;80.40;80.40;
2025;08;04;8;80.40;80.40;
2025;08;04;9;80.00;80.00;
2025;08;04;10;80.00;80.00;
2025;08;04;11;80.00;80.00;
2025;08;04;12;80.00;80.00;
2025;08;04;13;80.20;80.20;
2025;08;04;14;80.40;80.40;
2025;08;04;15;80.40;80.40;
2025;08;04;16;80.60;80.60;
2025;08;04;17;83.82;83.82;
2025;08;04;18;83.82;83.82;
2025;08;04;19;85.00;85.00;
2025;08;04;20;85.27;85.27;
2025;08;04;21;80.27;80.27;
2025;08;04;22;82.87;82.87;
2025;08;04;23;85.27;85.27;
2025;08;04;24;86.27;86.27;
2025;08;04;25;80.31;80.31;
2025;08;04;26;85.00;85.00;
2025;08;04;27;88.52;88.52;
2025;08;04;28;90.79;90.79;
2025;08;04;29;90.79;90.79;
2025;08;04;30;91.51;91.51;
2025;08;04;31;92.61;92.61;
2025;08;04;32;89.40;89.40;
2025;08;04;33;105.62;105.62;
2025;08;04;34;95.47;95.47;
2025;08;04;35;76.68;76.68;
2025;08;04;36;53.92;53.92;
2025;08;04;37;85.29;85.29;
2025;08;04;38;64.14;64.14;
2025;08;04;39;15.57;15.57;
2025;08;04;40;13.64;13.64;
2025;08;04;41;46.94;46.94;
2025;08;04;42;35.99;35.99;
2025;08;04;43;34.80;34.80;
2025;08;04;44;30.00;30.00;
2025;08;04;45;21.74;21.74;
2025;08;04;46;20.78;20.78;
2025;08;04;47;18.75;18.75;
2025;08;04;48;15.92;15.92;
2025;08;04;49;18.76;18.76;
2025;08;04;50;15.03;15.03;
2025;08;04;51;11.44;11.44;
2025;08;04;52;9.43;9.43;
2025;08;04;53;12.04;12.04;
2025;08;04;54;14.04;14.04;
2025;08;04;55;13.24;13.24;
2025;08;04;56;13.24;13.24;
2025;08;04;57;13.52;13.52;
2025;08;04;58;15.51;15.51;
2025;08;04;59;17.44;17.44;
2025;08;04;60;14.00;14.00;
2025;08;04;61;11.51;11.51;
2025;08;04;62;13.52;13.52;
2025;08;04;63;13.52;13.52;
2025;08;04;64;14.15;14.15;
2025;08;04;65;10.00;10.00;
2025;08;04;66;10.79;10.79;
2025;08;04;67;15.79;15.79;
2025;08;04;68;20.79;20.79;
2025;08;04;69;26.35;26.35;
2025;08;04;70;31.35;31.35;
2025;08;04;71;44.74;44.74;
2025;08;04;72;55.36;55.36;
2025;08;04;73;10.11;10.11;
2025;08;04;74;30.94;30.94;
2025;08;04;75;53.06;53.06;
2025;08;04;76;83.84;83.84;
2025;08;04;77;30.00;30.00;
2025;08;04;78;65.77;65.77;
2025;08;04;79;90.00;90.00;
2025;08;04;80;105.27;105.27;
2025;08;04;81;75.13;75.13;
2025;08;04;82;100.25;100.25;
2025;08;04;83;112.67;112.67;
2025;08;04;84;133.25;133.25;
2025;08;04;85;163.02;163.02;
2025;08;04;86;165.02;165.02;
2025;08;04;87;164.05;164.05;
2025;08;04;88;162.22;162.22;
2025;08;04;89;138.80;138.80;
2025;08;04;90;137.04;137.04;
2025;08;04;91;134.01;134.01;
2025;08;04;92;127.95;127.95;
2025;08;04;93;115.04;115.04;
2025;08;04;94;112.32;112.32;
2025;08;04;95;106.35;106.35;
2025;08;04;96;104.79;104.79;
*
