MARGINALPIBC;
2025;07;31;1;97.40;97.40;
2025;07;31;2;91.20;91.20;
2025;07;31;3;89.00;89.00;
2025;07;31;4;83.00;83.00;
2025;07;31;5;87.10;87.10;
2025;07;31;6;83.66;83.66;
2025;07;31;7;77.47;77.47;
2025;07;31;8;77.37;77.37;
2025;07;31;9;79.07;79.07;
2025;07;31;10;76.59;76.59;
2025;07;31;11;71.17;71.17;
2025;07;31;12;71.04;71.04;
2025;07;31;13;67.38;67.38;
2025;07;31;14;63.46;63.46;
2025;07;31;15;60.38;60.38;
2025;07;31;16;58.38;58.38;
2025;07;31;17;59.75;59.75;
2025;07;31;18;58.79;58.79;
2025;07;31;19;57.75;57.75;
2025;07;31;20;57.75;57.75;
2025;07;31;21;58.41;58.41;
2025;07;31;22;59.21;59.21;
2025;07;31;23;63.28;63.28;
2025;07;31;24;72.39;72.39;
2025;07;31;25;78.47;78.47;
2025;07;31;26;82.51;82.51;
2025;07;31;27;88.74;88.74;
2025;07;31;28;92.09;92.09;
2025;07;31;29;97.46;97.46;
2025;07;31;30;100.36;100.36;
2025;07;31;31;100.36;100.36;
2025;07;31;32;99.36;99.36;
2025;07;31;33;104.85;104.85;
2025;07;31;34;97.07;97.07;
2025;07;31;35;86.55;86.55;
2025;07;31;36;50.01;50.01;
2025;07;31;37;84.79;84.79;
2025;07;31;38;53.82;53.82;
2025;07;31;39;35.33;35.33;
2025;07;31;40;20.05;20.05;
2025;07;31;41;42.47;42.47;
2025;07;31;42;35.45;35.45;
2025;07;31;43;30.01;30.01;
2025;07;31;44;30.01;30.01;
2025;07;31;45;24.22;24.22;
2025;07;31;46;23.92;23.92;
2025;07;31;47;21.81;21.81;
2025;07;31;48;23.92;23.92;
2025;07;31;49;30.41;30.41;
2025;07;31;50;30.18;30.18;
2025;07;31;51;32.01;32.01;
2025;07;31;52;31.01;31.01;
2025;07;31;53;24.60;24.60;
2025;07;31;54;24.50;24.50;
2025;07;31;55;24.50;24.50;
2025;07;31;56;23.80;23.80;
2025;07;31;57;28.26;28.26;
2025;07;31;58;28.26;28.26;
2025;07;31;59;34.00;34.00;
2025;07;31;60;33.26;33.26;
2025;07;31;61;28.50;28.50;
2025;07;31;62;28.50;28.50;
2025;07;31;63;28.50;28.50;
2025;07;31;64;28.50;28.50;
2025;07;31;65;25.00;25.00;
2025;07;31;66;26.00;26.00;
2025;07;31;67;30.00;30.00;
2025;07;31;68;30.00;30.00;
2025;07;31;69;27.10;27.10;
2025;07;31;70;30.01;30.01;
2025;07;31;71;35.10;35.10;
2025;07;31;72;39.10;39.10;
2025;07;31;73;4.92;4.92;
2025;07;31;74;10.01;10.01;
2025;07;31;75;34.92;34.92;
2025;07;31;76;54.92;54.92;
2025;07;31;77;40.01;40.01;
2025;07;31;78;53.44;53.44;
2025;07;31;79;89.14;89.14;
2025;07;31;80;99.64;99.64;
2025;07;31;81;79.56;79.56;
2025;07;31;82;101.61;101.61;
2025;07;31;83;111.67;111.67;
2025;07;31;84;119.91;119.91;
2025;07;31;85;109.46;109.46;
2025;07;31;86;111.45;111.45;
2025;07;31;87;109.45;109.45;
2025;07;31;88;106.13;106.13;
2025;07;31;89;109.22;109.22;
2025;07;31;90;105.17;105.17;
2025;07;31;91;102.28;102.28;
2025;07;31;92;98.27;98.27;
2025;07;31;93;98.52;98.52;
2025;07;31;94;93.33;93.33;
2025;07;31;95;90.15;90.15;
2025;07;31;96;82.25;82.25;
*
