MARGINALPIBC;
2025;01;04;1;120.50;109.06;
2025;01;04;2;101.00;101.00;
2025;01;04;3;95.53;95.53;
2025;01;04;4;92.70;92.70;
2025;01;04;5;94.79;94.79;
2025;01;04;6;102.63;102.63;
2025;01;04;7;107.41;107.41;
2025;01;04;8;111.70;111.70;
2025;01;04;9;120.59;120.59;
2025;01;04;10;121.55;121.55;
2025;01;04;11;118.99;118.99;
2025;01;04;12;95.00;95.00;
2025;01;04;13;85.00;85.00;
2025;01;04;14;83.27;83.27;
2025;01;04;15;89.22;89.22;
2025;01;04;16;92.85;92.85;
2025;01;04;17;119.47;119.47;
2025;01;04;18;133.64;133.64;
2025;01;04;19;140.27;140.27;
2025;01;04;20;137.12;137.12;
2025;01;04;21;127.49;127.49;
2025;01;04;22;122.83;122.83;
2025;01;04;23;119.08;119.08;
2025;01;04;24;108.93;108.93;
*
