MARGINALPIBC;
2025;02;05;1;123.65;123.65;
2025;02;05;2;116.00;116.00;
2025;02;05;3;111.83;111.83;
2025;02;05;4;110.64;110.64;
2025;02;05;5;112.33;112.33;
2025;02;05;6;120.05;120.05;
2025;02;05;7;136.54;136.54;
2025;02;05;8;168.48;168.48;
2025;02;05;9;180.81;180.81;
2025;02;05;10;146.13;146.13;
2025;02;05;11;100.21;100.21;
2025;02;05;12;46.78;46.78;
2025;02;05;13;30.30;30.30;
2025;02;05;14;35.20;35.20;
2025;02;05;15;31.99;31.99;
2025;02;05;16;42.00;42.00;
2025;02;05;17;72.99;72.99;
2025;02;05;18;124.21;124.21;
2025;02;05;19;189.10;189.10;
2025;02;05;20;189.63;189.63;
2025;02;05;21;167.27;167.27;
2025;02;05;22;154.49;154.49;
2025;02;05;23;141.70;141.70;
2025;02;05;24;133.95;133.95;
*
