MARGINALPIBC;
2026;02;10;1;-0.50;-.50;
2026;02;10;2;-0.81;-.81;
2026;02;10;3;-4.53;-4.53;
2026;02;10;4;-4.83;-4.83;
2026;02;10;5;-4.84;-4.84;
2026;02;10;6;-5.00;-5.00;
2026;02;10;7;-5.42;-5.42;
2026;02;10;8;-5.42;-5.42;
2026;02;10;9;-5.42;-5.42;
2026;02;10;10;-5.00;-5.00;
2026;02;10;11;-5.42;-5.42;
2026;02;10;12;-5.42;-5.42;
2026;02;10;13;-5.42;-5.42;
2026;02;10;14;-5.42;-5.42;
2026;02;10;15;-5.42;-5.42;
2026;02;10;16;-5.42;-5.42;
2026;02;10;17;-5.42;-5.42;
2026;02;10;18;-5.42;-5.42;
2026;02;10;19;-5.92;-5.92;
2026;02;10;20;-5.42;-5.42;
2026;02;10;21;-5.92;-5.92;
2026;02;10;22;-5.42;-5.42;
2026;02;10;23;-5.42;-5.42;
2026;02;10;24;-5.00;-5.00;
2026;02;10;25;-5.92;-5.92;
2026;02;10;26;-5.42;-5.42;
2026;02;10;27;-5.42;-5.42;
2026;02;10;28;-4.89;-4.89;
2026;02;10;29;-0.50;-.50;
2026;02;10;30;-0.50;-.50;
2026;02;10;31;0.28;.28;
2026;02;10;32;0.58;.58;
2026;02;10;33;-0.20;-.20;
2026;02;10;34;0.00;.00;
2026;02;10;35;0.00;.00;
2026;02;10;36;0.00;.00;
2026;02;10;37;0.00;.00;
2026;02;10;38;0.77;.77;
2026;02;10;39;0.00;.00;
2026;02;10;40;-0.46;-.46;
2026;02;10;41;3.77;3.77;
2026;02;10;42;2.10;2.10;
2026;02;10;43;0.00;.00;
2026;02;10;44;0.00;.00;
2026;02;10;45;0.93;.93;
2026;02;10;46;0.90;.90;
2026;02;10;47;0.79;.79;
2026;02;10;48;0.00;.00;
2026;02;10;49;0.00;.00;
2026;02;10;50;0.00;.00;
2026;02;10;51;0.00;.00;
2026;02;10;52;0.00;.00;
2026;02;10;53;0.00;.00;
2026;02;10;54;0.00;.00;
2026;02;10;55;0.00;.00;
2026;02;10;56;0.00;.00;
2026;02;10;57;0.00;.00;
2026;02;10;58;0.00;.00;
2026;02;10;59;-0.03;-.03;
2026;02;10;60;-0.03;-.03;
2026;02;10;61;-0.14;-.14;
2026;02;10;62;0.00;.00;
2026;02;10;63;0.00;.00;
2026;02;10;64;0.00;.00;
2026;02;10;65;-0.25;-.25;
2026;02;10;66;-0.50;-.50;
2026;02;10;67;-0.50;-.50;
2026;02;10;68;0.00;.00;
2026;02;10;69;-0.34;-.34;
2026;02;10;70;0.50;.50;
2026;02;10;71;0.75;.75;
2026;02;10;72;2.77;2.77;
2026;02;10;73;0.00;.00;
2026;02;10;74;-0.50;-.50;
2026;02;10;75;-0.50;-.50;
2026;02;10;76;-0.50;-.50;
2026;02;10;77;3.77;3.77;
2026;02;10;78;4.29;13.20;
2026;02;10;79;4.44;16.50;
2026;02;10;80;9.94;16.51;
2026;02;10;81;10.37;16.50;
2026;02;10;82;11.95;19.36;
2026;02;10;83;11.95;19.27;
2026;02;10;84;11.95;14.00;
2026;02;10;85;11.95;12.00;
2026;02;10;86;11.42;11.42;
2026;02;10;87;4.69;4.69;
2026;02;10;88;1.17;1.17;
2026;02;10;89;0.00;.00;
2026;02;10;90;0.00;.00;
2026;02;10;91;-0.50;-.50;
2026;02;10;92;-0.50;-.50;
2026;02;10;93;-0.50;-.50;
2026;02;10;94;-0.50;-.50;
2026;02;10;95;-0.50;-.50;
2026;02;10;96;-2.79;-2.79;
*
