MARGINALPIBC;
2026;04;06;1;63.25;63.25;
2026;04;06;2;61.90;61.90;
2026;04;06;3;54.13;54.13;
2026;04;06;4;51.46;51.46;
2026;04;06;5;56.79;56.79;
2026;04;06;6;51.46;51.46;
2026;04;06;7;51.46;51.46;
2026;04;06;8;35.01;35.01;
2026;04;06;9;55.70;55.70;
2026;04;06;10;51.46;51.46;
2026;04;06;11;35.21;35.21;
2026;04;06;12;34.99;34.99;
2026;04;06;13;30.00;30.00;
2026;04;06;14;26.30;26.30;
2026;04;06;15;24.86;24.86;
2026;04;06;16;24.86;24.86;
2026;04;06;17;16.64;16.64;
2026;04;06;18;18.40;18.40;
2026;04;06;19;23.74;23.74;
2026;04;06;20;26.30;26.30;
2026;04;06;21;19.00;19.00;
2026;04;06;22;24.18;24.18;
2026;04;06;23;30.01;30.01;
2026;04;06;24;34.34;34.34;
2026;04;06;25;27.20;27.20;
2026;04;06;26;35.01;35.01;
2026;04;06;27;30.02;30.02;
2026;04;06;28;41.35;41.35;
2026;04;06;29;43.17;43.17;
2026;04;06;30;42.70;42.70;
2026;04;06;31;54.70;54.70;
2026;04;06;32;41.55;41.55;
2026;04;06;33;63.20;63.20;
2026;04;06;34;47.00;47.00;
2026;04;06;35;37.30;37.30;
2026;04;06;36;12.99;12.99;
2026;04;06;37;22.14;22.14;
2026;04;06;38;6.74;6.74;
2026;04;06;39;0.48;.48;
2026;04;06;40;-0.50;-.50;
2026;04;06;41;-0.81;-.81;
2026;04;06;42;-1.81;-1.81;
2026;04;06;43;0.00;-2.10;
2026;04;06;44;-2.10;-2.10;
2026;04;06;45;-3.00;-3.00;
2026;04;06;46;-2.00;-4.00;
2026;04;06;47;-5.20;-5.20;
2026;04;06;48;-5.77;-5.77;
2026;04;06;49;-2.00;-9.00;
2026;04;06;50;-2.00;-9.99;
2026;04;06;51;-7.06;-8.50;
2026;04;06;52;-7.06;-8.50;
2026;04;06;53;-6.33;-9.00;
2026;04;06;54;-2.00;-10.00;
2026;04;06;55;-6.33;-9.99;
2026;04;06;56;-7.06;-10.00;
2026;04;06;57;-2.00;-9.99;
2026;04;06;58;-6.15;-9.99;
2026;04;06;59;-2.00;-10.00;
2026;04;06;60;-2.00;-10.00;
2026;04;06;61;-7.06;-9.34;
2026;04;06;62;-7.06;-10.00;
2026;04;06;63;-6.00;-10.00;
2026;04;06;64;-2.00;-10.00;
2026;04;06;65;-7.06;-8.25;
2026;04;06;66;-7.06;-8.25;
2026;04;06;67;-6.15;-6.77;
2026;04;06;68;0.00;-5.77;
2026;04;06;69;-0.23;-4.00;
2026;04;06;70;-0.81;-.81;
2026;04;06;71;-0.81;-.81;
2026;04;06;72;-0.81;-.81;
2026;04;06;73;-0.08;-.08;
2026;04;06;74;0.00;.00;
2026;04;06;75;0.84;.84;
2026;04;06;76;5.16;5.16;
2026;04;06;77;3.08;3.08;
2026;04;06;78;7.61;7.61;
2026;04;06;79;27.06;27.06;
2026;04;06;80;36.11;36.11;
2026;04;06;81;30.00;30.00;
2026;04;06;82;42.09;42.09;
2026;04;06;83;36.79;62.68;
2026;04;06;84;39.14;63.80;
2026;04;06;85;20.00;64.29;
2026;04;06;86;20.00;63.20;
2026;04;06;87;34.63;61.90;
2026;04;06;88;33.44;40.00;
2026;04;06;89;35.93;60.20;
2026;04;06;90;30.50;41.49;
2026;04;06;91;31.00;42.70;
2026;04;06;92;30.02;36.77;
2026;04;06;93;41.84;41.84;
2026;04;06;94;34.01;34.01;
2026;04;06;95;30.01;30.01;
2026;04;06;96;26.00;26.00;
*
