MARGINALPIBC;
2025;10;03;1;115.26;115.26;
2025;10;03;2;115.70;115.70;
2025;10;03;3;113.30;113.30;
2025;10;03;4;112.19;112.19;
2025;10;03;5;112.64;112.64;
2025;10;03;6;109.20;109.20;
2025;10;03;7;106.93;106.93;
2025;10;03;8;106.64;106.64;
2025;10;03;9;104.53;104.53;
2025;10;03;10;104.21;104.21;
2025;10;03;11;102.90;102.90;
2025;10;03;12;102.90;102.90;
2025;10;03;13;101.96;101.96;
2025;10;03;14;101.96;101.96;
2025;10;03;15;101.96;101.96;
2025;10;03;16;101.75;101.75;
2025;10;03;17;101.94;101.94;
2025;10;03;18;100.99;100.99;
2025;10;03;19;101.94;101.94;
2025;10;03;20;101.94;101.94;
2025;10;03;21;101.92;101.92;
2025;10;03;22;101.99;101.99;
2025;10;03;23;104.07;104.07;
2025;10;03;24;109.50;109.50;
2025;10;03;25;103.98;103.98;
2025;10;03;26;108.65;108.65;
2025;10;03;27;111.84;111.84;
2025;10;03;28;117.80;117.80;
2025;10;03;29;118.74;118.74;
2025;10;03;30;121.80;121.80;
2025;10;03;31;126.92;126.92;
2025;10;03;32;129.82;129.82;
2025;10;03;33;143.93;143.93;
2025;10;03;34;137.58;137.58;
2025;10;03;35;125.23;125.23;
2025;10;03;36;119.00;119.00;
2025;10;03;37;124.89;124.89;
2025;10;03;38;112.41;112.41;
2025;10;03;39;106.05;106.05;
2025;10;03;40;91.27;91.27;
2025;10;03;41;90.12;90.12;
2025;10;03;42;69.07;69.07;
2025;10;03;43;60.16;60.16;
2025;10;03;44;48.00;48.00;
2025;10;03;45;59.95;59.44;
2025;10;03;46;46.97;45.96;
2025;10;03;47;55.52;55.52;
2025;10;03;48;44.89;44.89;
2025;10;03;49;54.60;54.60;
2025;10;03;50;52.20;52.20;
2025;10;03;51;47.00;47.00;
2025;10;03;52;41.00;41.00;
2025;10;03;53;54.00;54.00;
2025;10;03;54;50.00;50.00;
2025;10;03;55;41.72;41.72;
2025;10;03;56;37.55;37.55;
2025;10;03;57;45.08;45.08;
2025;10;03;58;44.44;44.44;
2025;10;03;59;47.00;47.00;
2025;10;03;60;49.08;49.08;
2025;10;03;61;39.41;39.41;
2025;10;03;62;47.80;47.80;
2025;10;03;63;47.00;47.00;
2025;10;03;64;47.00;47.00;
2025;10;03;65;36.42;36.42;
2025;10;03;66;47.70;47.70;
2025;10;03;67;52.28;52.28;
2025;10;03;68;56.00;56.00;
2025;10;03;69;42.00;40.01;
2025;10;03;70;56.98;54.81;
2025;10;03;71;61.03;59.05;
2025;10;03;72;79.46;70.93;
2025;10;03;73;61.30;-.49;
2025;10;03;74;85.72;67.73;
2025;10;03;75;111.42;89.42;
2025;10;03;76;127.97;95.17;
2025;10;03;77;104.07;101.68;
2025;10;03;78;112.64;112.64;
2025;10;03;79;112.82;112.82;
2025;10;03;80;128.05;128.05;
2025;10;03;81;126.68;126.68;
2025;10;03;82;134.54;134.54;
2025;10;03;83;140.93;140.93;
2025;10;03;84;141.71;141.71;
2025;10;03;85;144.93;144.93;
2025;10;03;86;142.74;142.74;
2025;10;03;87;129.20;129.20;
2025;10;03;88;121.04;121.04;
2025;10;03;89;126.23;126.23;
2025;10;03;90;119.24;119.24;
2025;10;03;91;119.00;119.00;
2025;10;03;92;118.76;118.76;
2025;10;03;93;118.76;118.76;
2025;10;03;94;117.88;117.88;
2025;10;03;95;127.97;127.97;
2025;10;03;96;129.95;129.95;
*
