MARGINALPIBC;
2025;09;05;1;93.73;93.73;
2025;09;05;2;89.27;89.27;
2025;09;05;3;84.11;84.11;
2025;09;05;4;81.40;81.40;
2025;09;05;5;87.09;87.09;
2025;09;05;6;85.10;85.10;
2025;09;05;7;81.79;81.79;
2025;09;05;8;76.02;76.02;
2025;09;05;9;78.80;78.80;
2025;09;05;10;72.20;72.20;
2025;09;05;11;69.52;69.52;
2025;09;05;12;65.00;65.00;
2025;09;05;13;60.00;60.00;
2025;09;05;14;60.00;60.00;
2025;09;05;15;60.00;60.00;
2025;09;05;16;59.95;59.95;
2025;09;05;17;50.80;50.80;
2025;09;05;18;45.02;45.02;
2025;09;05;19;48.31;48.31;
2025;09;05;20;52.91;52.91;
2025;09;05;21;53.00;53.00;
2025;09;05;22;58.70;58.70;
2025;09;05;23;60.00;60.00;
2025;09;05;24;62.51;62.51;
2025;09;05;25;70.00;70.00;
2025;09;05;26;76.79;76.79;
2025;09;05;27;83.40;83.40;
2025;09;05;28;87.09;87.09;
2025;09;05;29;83.40;83.40;
2025;09;05;30;86.36;86.36;
2025;09;05;31;88.99;88.99;
2025;09;05;32;90.14;90.14;
2025;09;05;33;95.58;95.58;
2025;09;05;34;92.20;92.20;
2025;09;05;35;87.09;87.09;
2025;09;05;36;70.00;70.00;
2025;09;05;37;92.14;92.14;
2025;09;05;38;85.56;85.56;
2025;09;05;39;68.97;68.97;
2025;09;05;40;38.16;38.16;
2025;09;05;41;45.00;45.00;
2025;09;05;42;37.95;37.95;
2025;09;05;43;26.60;26.60;
2025;09;05;44;25.50;25.50;
2025;09;05;45;20.00;20.00;
2025;09;05;46;17.01;17.01;
2025;09;05;47;12.90;12.90;
2025;09;05;48;10.00;10.00;
2025;09;05;49;6.02;6.02;
2025;09;05;50;6.00;5.09;
2025;09;05;51;5.76;5.00;
2025;09;05;52;5.76;3.67;
2025;09;05;53;6.00;3.52;
2025;09;05;54;6.00;3.52;
2025;09;05;55;5.76;3.52;
2025;09;05;56;5.76;3.52;
2025;09;05;57;5.76;1.72;
2025;09;05;58;5.76;1.72;
2025;09;05;59;5.76;1.72;
2025;09;05;60;5.76;1.50;
2025;09;05;61;10.91;1.59;
2025;09;05;62;10.91;1.50;
2025;09;05;63;10.91;1.10;
2025;09;05;64;10.91;1.15;
2025;09;05;65;10.91;1.10;
2025;09;05;66;10.91;1.55;
2025;09;05;67;10.91;3.15;
2025;09;05;68;11.32;3.52;
2025;09;05;69;10.91;.52;
2025;09;05;70;10.91;3.52;
2025;09;05;71;13.10;10.75;
2025;09;05;72;14.47;14.47;
2025;09;05;73;12.20;12.20;
2025;09;05;74;25.50;25.50;
2025;09;05;75;53.31;53.31;
2025;09;05;76;83.30;83.30;
2025;09;05;77;36.39;36.39;
2025;09;05;78;72.80;72.80;
2025;09;05;79;89.45;89.45;
2025;09;05;80;112.20;112.20;
2025;09;05;81;88.97;88.97;
2025;09;05;82;96.34;96.34;
2025;09;05;83;104.17;104.17;
2025;09;05;84;108.87;108.87;
2025;09;05;85;106.38;106.38;
2025;09;05;86;105.22;105.22;
2025;09;05;87;102.10;102.10;
2025;09;05;88;94.70;94.70;
2025;09;05;89;95.00;95.00;
2025;09;05;90;90.00;90.00;
2025;09;05;91;89.70;89.70;
2025;09;05;92;85.00;85.00;
2025;09;05;93;88.40;88.40;
2025;09;05;94;86.38;86.38;
2025;09;05;95;83.80;83.80;
2025;09;05;96;77.90;77.90;
*
