MARGINALPIBC;
2025;04;05;1;35.00;35.00;
2025;04;05;2;32.05;32.05;
2025;04;05;3;32.00;32.00;
2025;04;05;4;21.00;21.00;
2025;04;05;5;19.97;19.97;
2025;04;05;6;19.97;19.97;
2025;04;05;7;19.80;19.80;
2025;04;05;8;19.97;19.97;
2025;04;05;9;17.01;17.01;
2025;04;05;10;16.20;16.20;
2025;04;05;11;16.14;16.14;
2025;04;05;12;14.54;14.54;
2025;04;05;13;16.34;16.34;
2025;04;05;14;16.34;16.34;
2025;04;05;15;16.34;16.34;
2025;04;05;16;16.34;16.34;
2025;04;05;17;11.20;11.20;
2025;04;05;18;13.05;13.05;
2025;04;05;19;13.20;13.20;
2025;04;05;20;13.10;13.10;
2025;04;05;21;13.45;13.45;
2025;04;05;22;15.06;15.06;
2025;04;05;23;16.25;16.25;
2025;04;05;24;16.40;16.40;
2025;04;05;25;16.85;16.85;
2025;04;05;26;19.76;19.76;
2025;04;05;27;21.55;21.55;
2025;04;05;28;21.79;21.79;
2025;04;05;29;17.35;17.35;
2025;04;05;30;20.30;20.30;
2025;04;05;31;24.47;24.47;
2025;04;05;32;30.30;30.30;
2025;04;05;33;31.46;31.46;
2025;04;05;34;26.46;26.46;
2025;04;05;35;21.46;21.46;
2025;04;05;36;9.96;9.96;
2025;04;05;37;30.00;30.00;
2025;04;05;38;20.00;20.00;
2025;04;05;39;10.50;10.50;
2025;04;05;40;3.64;3.64;
2025;04;05;41;20.65;20.65;
2025;04;05;42;3.52;3.52;
2025;04;05;43;-1.96;-1.96;
2025;04;05;44;-6.87;-6.87;
2025;04;05;45;2.87;2.87;
2025;04;05;46;0.00;.00;
2025;04;05;47;-0.02;-.02;
2025;04;05;48;0.00;-.12;
2025;04;05;49;-0.02;-.02;
2025;04;05;50;-0.29;-.29;
2025;04;05;51;-0.29;-.29;
2025;04;05;52;-0.30;-.30;
2025;04;05;53;-1.00;-1.00;
2025;04;05;54;-1.00;-1.00;
2025;04;05;55;-1.00;-1.00;
2025;04;05;56;-1.00;-1.00;
2025;04;05;57;0.00;-1.00;
2025;04;05;58;-0.91;-1.00;
2025;04;05;59;-1.00;-1.00;
2025;04;05;60;-1.00;-1.00;
2025;04;05;61;-0.01;-1.20;
2025;04;05;62;-1.10;-1.19;
2025;04;05;63;-1.19;-1.19;
2025;04;05;64;-1.09;-1.09;
2025;04;05;65;-1.09;-1.09;
2025;04;05;66;-1.01;-1.01;
2025;04;05;67;-0.02;-.02;
2025;04;05;68;0.00;.00;
2025;04;05;69;-1.96;-1.96;
2025;04;05;70;0.00;.00;
2025;04;05;71;0.10;.10;
2025;04;05;72;3.52;3.52;
2025;04;05;73;0.56;.56;
2025;04;05;74;4.59;4.59;
2025;04;05;75;17.18;17.18;
2025;04;05;76;34.50;34.50;
2025;04;05;77;26.49;26.49;
2025;04;05;78;46.49;46.49;
2025;04;05;79;66.49;66.49;
2025;04;05;80;88.48;88.48;
2025;04;05;81;93.61;93.61;
2025;04;05;82;94.79;94.79;
2025;04;05;83;95.61;95.61;
2025;04;05;84;93.61;93.61;
2025;04;05;85;92.66;99.94;
2025;04;05;86;93.61;95.61;
2025;04;05;87;93.61;95.61;
2025;04;05;88;92.66;95.61;
2025;04;05;89;89.96;89.96;
2025;04;05;90;80.50;80.50;
2025;04;05;91;85.00;85.00;
2025;04;05;92;80.50;80.50;
2025;04;05;93;81.18;81.18;
2025;04;05;94;69.75;69.75;
2025;04;05;95;68.76;68.76;
2025;04;05;96;65.75;65.75;
*
