MARGINALPIBC;
2025;06;27;1;121.39;121.39;
2025;06;27;2;119.08;119.08;
2025;06;27;3;115.98;115.98;
2025;06;27;4;113.98;113.98;
2025;06;27;5;120.51;120.51;
2025;06;27;6;116.60;116.60;
2025;06;27;7;112.91;112.91;
2025;06;27;8;111.91;111.91;
2025;06;27;9;114.54;114.54;
2025;06;27;10;111.38;111.38;
2025;06;27;11;111.01;111.01;
2025;06;27;12;110.88;110.88;
2025;06;27;13;111.57;111.57;
2025;06;27;14;112.57;112.57;
2025;06;27;15;112.57;112.57;
2025;06;27;16;111.57;111.57;
2025;06;27;17;109.61;109.61;
2025;06;27;18;110.00;110.00;
2025;06;27;19;110.64;110.64;
2025;06;27;20;111.01;111.01;
2025;06;27;21;111.91;111.91;
2025;06;27;22;113.91;113.91;
2025;06;27;23;115.51;115.51;
2025;06;27;24;117.88;117.88;
2025;06;27;25;113.21;113.21;
2025;06;27;26;114.21;114.21;
2025;06;27;27;120.21;120.21;
2025;06;27;28;122.42;122.42;
2025;06;27;29;121.46;121.46;
2025;06;27;30;121.46;121.46;
2025;06;27;31;118.56;118.56;
2025;06;27;32;115.11;115.11;
2025;06;27;33;128.93;128.93;
2025;06;27;34;120.15;120.15;
2025;06;27;35;105.60;105.60;
2025;06;27;36;89.65;89.65;
2025;06;27;37;107.91;107.91;
2025;06;27;38;95.43;95.43;
2025;06;27;39;95.00;86.89;
2025;06;27;40;94.99;77.91;
2025;06;27;41;85.83;85.83;
2025;06;27;42;80.16;80.16;
2025;06;27;43;75.73;73.73;
2025;06;27;44;68.72;68.72;
2025;06;27;45;87.45;82.70;
2025;06;27;46;72.45;72.45;
2025;06;27;47;69.76;66.68;
2025;06;27;48;69.76;59.06;
2025;06;27;49;68.44;68.44;
2025;06;27;50;61.60;61.60;
2025;06;27;51;56.91;56.91;
2025;06;27;52;56.61;56.61;
2025;06;27;53;48.40;48.40;
2025;06;27;54;39.57;39.57;
2025;06;27;55;37.39;36.45;
2025;06;27;56;37.39;36.45;
2025;06;27;57;37.39;35.94;
2025;06;27;58;37.39;36.45;
2025;06;27;59;37.39;36.45;
2025;06;27;60;37.39;34.94;
2025;06;27;61;35.44;33.99;
2025;06;27;62;35.44;31.00;
2025;06;27;63;35.44;32.93;
2025;06;27;64;35.44;34.50;
2025;06;27;65;37.64;36.70;
2025;06;27;66;37.64;36.70;
2025;06;27;67;47.20;47.20;
2025;06;27;68;56.07;56.07;
2025;06;27;69;57.88;47.32;
2025;06;27;70;59.99;59.99;
2025;06;27;71;72.90;72.90;
2025;06;27;72;81.99;81.99;
2025;06;27;73;78.19;69.73;
2025;06;27;74;79.02;79.02;
2025;06;27;75;88.27;88.27;
2025;06;27;76;95.39;95.39;
2025;06;27;77;85.53;85.53;
2025;06;27;78;96.24;96.24;
2025;06;27;79;112.90;112.90;
2025;06;27;80;120.98;120.98;
2025;06;27;81;90.83;90.83;
2025;06;27;82;109.56;109.56;
2025;06;27;83;126.18;126.18;
2025;06;27;84;137.81;137.81;
2025;06;27;85;141.05;141.05;
2025;06;27;86;146.05;146.05;
2025;06;27;87;147.95;147.95;
2025;06;27;88;144.81;144.81;
2025;06;27;89;150.00;150.00;
2025;06;27;90;146.55;146.55;
2025;06;27;91;138.71;138.71;
2025;06;27;92;129.56;129.56;
2025;06;27;93;134.30;134.30;
2025;06;27;94;119.02;119.02;
2025;06;27;95;110.31;110.31;
2025;06;27;96;100.32;100.32;
*
