MARGINALPIBC;
2026;05;05;1;111.85;111.85;
2026;05;05;2;108.04;108.04;
2026;05;05;3;104.02;104.02;
2026;05;05;4;100.38;100.38;
2026;05;05;5;110.83;110.83;
2026;05;05;6;109.18;109.18;
2026;05;05;7;109.00;109.00;
2026;05;05;8;108.07;108.07;
2026;05;05;9;100.54;100.54;
2026;05;05;10;99.07;99.07;
2026;05;05;11;98.98;98.98;
2026;05;05;12;97.52;97.52;
2026;05;05;13;99.28;99.28;
2026;05;05;14;98.20;98.20;
2026;05;05;15;98.98;98.98;
2026;05;05;16;98.85;98.85;
2026;05;05;17;99.28;99.28;
2026;05;05;18;98.93;98.93;
2026;05;05;19;99.88;99.88;
2026;05;05;20;100.31;100.31;
2026;05;05;21;102.25;102.25;
2026;05;05;22;102.85;102.85;
2026;05;05;23;102.27;102.27;
2026;05;05;24;101.26;101.26;
2026;05;05;25;101.26;101.26;
2026;05;05;26;102.50;102.50;
2026;05;05;27;100.38;100.38;
2026;05;05;28;102.80;102.80;
2026;05;05;29;113.80;113.80;
2026;05;05;30;113.01;113.01;
2026;05;05;31;113.85;113.85;
2026;05;05;32;111.47;111.47;
2026;05;05;33;109.21;109.21;
2026;05;05;34;103.34;103.34;
2026;05;05;35;103.93;103.93;
2026;05;05;36;96.49;96.49;
2026;05;05;37;103.41;103.41;
2026;05;05;38;79.52;79.52;
2026;05;05;39;65.88;65.88;
2026;05;05;40;49.69;49.69;
2026;05;05;41;41.02;41.02;
2026;05;05;42;27.25;27.25;
2026;05;05;43;16.20;16.20;
2026;05;05;44;10.41;10.41;
2026;05;05;45;3.09;3.09;
2026;05;05;46;2.50;2.50;
2026;05;05;47;4.00;4.00;
2026;05;05;48;2.00;2.00;
2026;05;05;49;3.84;3.84;
2026;05;05;50;3.84;3.08;
2026;05;05;51;3.79;2.00;
2026;05;05;52;2.00;1.50;
2026;05;05;53;4.00;.89;
2026;05;05;54;2.53;.84;
2026;05;05;55;2.00;.84;
2026;05;05;56;2.00;.84;
2026;05;05;57;3.51;.84;
2026;05;05;58;2.00;.84;
2026;05;05;59;2.00;.51;
2026;05;05;60;2.00;.84;
2026;05;05;61;5.01;.84;
2026;05;05;62;5.01;.01;
2026;05;05;63;3.01;.84;
2026;05;05;64;2.00;.84;
2026;05;05;65;2.00;.01;
2026;05;05;66;2.00;.06;
2026;05;05;67;2.00;.84;
2026;05;05;68;2.00;.84;
2026;05;05;69;2.00;2.00;
2026;05;05;70;2.44;2.44;
2026;05;05;71;3.08;3.08;
2026;05;05;72;5.41;5.41;
2026;05;05;73;5.41;5.41;
2026;05;05;74;19.28;19.28;
2026;05;05;75;29.15;29.15;
2026;05;05;76;41.77;41.77;
2026;05;05;77;29.81;29.81;
2026;05;05;78;61.58;61.58;
2026;05;05;79;80.90;80.90;
2026;05;05;80;87.72;87.72;
2026;05;05;81;92.81;92.81;
2026;05;05;82;100.68;100.68;
2026;05;05;83;105.59;105.59;
2026;05;05;84;110.13;110.13;
2026;05;05;85;108.17;108.17;
2026;05;05;86;110.01;110.01;
2026;05;05;87;109.21;109.21;
2026;05;05;88;105.10;105.10;
2026;05;05;89;104.73;104.73;
2026;05;05;90;101.11;101.11;
2026;05;05;91;103.93;103.93;
2026;05;05;92;104.60;104.60;
2026;05;05;93;100.93;100.93;
2026;05;05;94;99.15;99.15;
2026;05;05;95;101.44;101.44;
2026;05;05;96;92.44;92.44;
*
