MARGINALPIBC;
2025;11;23;1;81.80;81.80;
2025;11;23;2;81.80;81.80;
2025;11;23;3;80.10;80.10;
2025;11;23;4;71.01;71.01;
2025;11;23;5;71.80;71.80;
2025;11;23;6;63.69;63.69;
2025;11;23;7;60.07;60.07;
2025;11;23;8;50.03;50.03;
2025;11;23;9;49.20;49.20;
2025;11;23;10;48.96;48.96;
2025;11;23;11;38.50;38.50;
2025;11;23;12;31.00;31.00;
2025;11;23;13;46.95;46.95;
2025;11;23;14;42.63;42.63;
2025;11;23;15;35.00;35.00;
2025;11;23;16;34.50;34.50;
2025;11;23;17;34.50;34.50;
2025;11;23;18;32.98;32.98;
2025;11;23;19;32.98;32.98;
2025;11;23;20;32.98;32.98;
2025;11;23;21;42.05;42.05;
2025;11;23;22;41.35;41.35;
2025;11;23;23;42.00;42.00;
2025;11;23;24;43.22;43.22;
2025;11;23;25;44.00;44.00;
2025;11;23;26;44.40;44.40;
2025;11;23;27;46.68;46.68;
2025;11;23;28;49.82;49.82;
2025;11;23;29;60.66;60.66;
2025;11;23;30;64.26;64.26;
2025;11;23;31;67.52;67.52;
2025;11;23;32;69.22;69.22;
2025;11;23;33;62.69;62.69;
2025;11;23;34;46.61;46.61;
2025;11;23;35;42.79;42.79;
2025;11;23;36;33.02;33.02;
2025;11;23;37;32.60;32.60;
2025;11;23;38;18.88;18.88;
2025;11;23;39;6.15;6.15;
2025;11;23;40;3.52;3.52;
2025;11;23;41;2.83;2.83;
2025;11;23;42;1.66;1.66;
2025;11;23;43;0.62;.62;
2025;11;23;44;0.50;.50;
2025;11;23;45;0.09;.09;
2025;11;23;46;0.00;.00;
2025;11;23;47;0.00;.00;
2025;11;23;48;0.00;.00;
2025;11;23;49;0.00;.00;
2025;11;23;50;0.00;.00;
2025;11;23;51;0.00;.00;
2025;11;23;52;0.00;.00;
2025;11;23;53;0.00;.00;
2025;11;23;54;0.00;.00;
2025;11;23;55;0.00;.00;
2025;11;23;56;0.00;.00;
2025;11;23;57;0.00;.00;
2025;11;23;58;0.00;.00;
2025;11;23;59;0.00;.00;
2025;11;23;60;0.00;.00;
2025;11;23;61;0.00;.00;
2025;11;23;62;0.00;.00;
2025;11;23;63;0.65;.65;
2025;11;23;64;0.77;.77;
2025;11;23;65;1.72;1.72;
2025;11;23;66;3.52;3.52;
2025;11;23;67;16.70;16.70;
2025;11;23;68;32.60;32.60;
2025;11;23;69;43.76;43.76;
2025;11;23;70;48.20;48.20;
2025;11;23;71;67.92;67.92;
2025;11;23;72;75.25;75.25;
2025;11;23;73;67.42;67.42;
2025;11;23;74;70.06;70.06;
2025;11;23;75;74.74;74.74;
2025;11;23;76;75.10;75.10;
2025;11;23;77;76.00;76.00;
2025;11;23;78;77.16;77.16;
2025;11;23;79;75.25;75.25;
2025;11;23;80;74.86;74.86;
2025;11;23;81;77.14;77.14;
2025;11;23;82;78.35;78.35;
2025;11;23;83;80.00;80.00;
2025;11;23;84;74.90;74.90;
2025;11;23;85;81.93;81.93;
2025;11;23;86;80.90;80.90;
2025;11;23;87;79.20;79.20;
2025;11;23;88;67.97;67.97;
2025;11;23;89;73.32;73.32;
2025;11;23;90;72.10;72.10;
2025;11;23;91;67.10;67.10;
2025;11;23;92;60.90;60.90;
2025;11;23;93;60.10;60.10;
2025;11;23;94;51.10;51.10;
2025;11;23;95;42.30;42.30;
2025;11;23;96;32.50;32.50;
*
