MARGINALPIBC;
2025;01;03;1;123.50;123.50;
2025;01;03;2;128.99;114.08;
2025;01;03;3;100.11;100.11;
2025;01;03;4;100.00;100.00;
2025;01;03;5;93.87;93.87;
2025;01;03;6;94.75;94.75;
2025;01;03;7;101.67;101.67;
2025;01;03;8;122.94;122.94;
2025;01;03;9;139.30;139.30;
2025;01;03;10;136.10;136.10;
2025;01;03;11;127.52;127.52;
2025;01;03;12;121.04;121.04;
2025;01;03;13;109.41;109.41;
2025;01;03;14;102.33;102.33;
2025;01;03;15;100.52;100.52;
2025;01;03;16;105.22;105.22;
2025;01;03;17;121.04;121.04;
2025;01;03;18;140.13;140.13;
2025;01;03;19;149.47;149.47;
2025;01;03;20;151.25;151.25;
2025;01;03;21;151.25;151.25;
2025;01;03;22;149.12;149.12;
2025;01;03;23;144.20;144.20;
2025;01;03;24;134.42;134.42;
*
