MARGINALPIBC;
2025;12;17;1;86.66;86.66;
2025;12;17;2;86.00;86.00;
2025;12;17;3;86.39;86.39;
2025;12;17;4;85.42;85.42;
2025;12;17;5;89.36;89.36;
2025;12;17;6;87.89;87.89;
2025;12;17;7;86.62;86.62;
2025;12;17;8;85.42;85.42;
2025;12;17;9;87.20;87.20;
2025;12;17;10;86.62;86.62;
2025;12;17;11;85.83;85.83;
2025;12;17;12;84.99;84.99;
2025;12;17;13;83.97;83.97;
2025;12;17;14;83.35;83.35;
2025;12;17;15;82.75;82.75;
2025;12;17;16;83.00;83.00;
2025;12;17;17;82.12;82.12;
2025;12;17;18;82.16;82.16;
2025;12;17;19;82.50;82.50;
2025;12;17;20;83.10;83.10;
2025;12;17;21;83.10;83.10;
2025;12;17;22;82.70;82.70;
2025;12;17;23;83.35;83.35;
2025;12;17;24;85.62;85.62;
2025;12;17;25;91.75;91.75;
2025;12;17;26;95.30;95.30;
2025;12;17;27;95.30;95.30;
2025;12;17;28;104.95;104.95;
2025;12;17;29;100.10;100.10;
2025;12;17;30;107.50;107.50;
2025;12;17;31;110.62;110.62;
2025;12;17;32;111.45;111.45;
2025;12;17;33;109.23;109.23;
2025;12;17;34;118.91;118.91;
2025;12;17;35;135.54;135.54;
2025;12;17;36;120.00;120.00;
2025;12;17;37;120.00;120.00;
2025;12;17;38;114.48;114.48;
2025;12;17;39;108.06;108.06;
2025;12;17;40;103.35;103.35;
2025;12;17;41;103.30;103.30;
2025;12;17;42;101.67;101.67;
2025;12;17;43;96.03;96.03;
2025;12;17;44;88.75;88.75;
2025;12;17;45;94.43;94.43;
2025;12;17;46;88.10;88.10;
2025;12;17;47;85.02;85.02;
2025;12;17;48;83.25;83.25;
2025;12;17;49;82.74;82.74;
2025;12;17;50;82.65;82.65;
2025;12;17;51;82.74;82.74;
2025;12;17;52;82.48;82.48;
2025;12;17;53;81.74;81.74;
2025;12;17;54;82.74;82.74;
2025;12;17;55;82.72;82.72;
2025;12;17;56;83.27;83.27;
2025;12;17;57;82.89;82.89;
2025;12;17;58;82.74;82.74;
2025;12;17;59;80.26;80.26;
2025;12;17;60;80.62;80.62;
2025;12;17;61;82.65;82.65;
2025;12;17;62;86.57;86.57;
2025;12;17;63;91.04;91.04;
2025;12;17;64;95.10;95.10;
2025;12;17;65;93.36;93.36;
2025;12;17;66;95.13;95.13;
2025;12;17;67;104.00;104.00;
2025;12;17;68;112.54;112.54;
2025;12;17;69;106.50;106.50;
2025;12;17;70;105.31;105.31;
2025;12;17;71;112.22;112.22;
2025;12;17;72;116.48;116.48;
2025;12;17;73;114.57;114.57;
2025;12;17;74;120.23;120.23;
2025;12;17;75;119.90;119.90;
2025;12;17;76;122.17;122.17;
2025;12;17;77;111.45;111.45;
2025;12;17;78;114.53;114.53;
2025;12;17;79;116.00;116.00;
2025;12;17;80;116.28;116.28;
2025;12;17;81;120.42;120.42;
2025;12;17;82;122.35;122.35;
2025;12;17;83;120.42;120.42;
2025;12;17;84;112.46;112.46;
2025;12;17;85;118.91;118.91;
2025;12;17;86;109.62;109.62;
2025;12;17;87;108.23;108.23;
2025;12;17;88;102.17;102.17;
2025;12;17;89;104.68;104.68;
2025;12;17;90;102.95;102.95;
2025;12;17;91;117.48;117.48;
2025;12;17;92;111.47;111.47;
2025;12;17;93;108.23;108.23;
2025;12;17;94;103.00;103.00;
2025;12;17;95;98.02;98.02;
2025;12;17;96;92.65;92.65;
*
