MARGINALPIBC;
2025;12;16;1;95.01;95.01;
2025;12;16;2;92.50;92.50;
2025;12;16;3;90.83;90.83;
2025;12;16;4;86.83;86.83;
2025;12;16;5;87.56;87.56;
2025;12;16;6;84.43;84.43;
2025;12;16;7;83.98;83.98;
2025;12;16;8;81.88;81.88;
2025;12;16;9;83.97;83.97;
2025;12;16;10;82.00;82.00;
2025;12;16;11;80.00;80.00;
2025;12;16;12;79.65;79.65;
2025;12;16;13;79.09;79.09;
2025;12;16;14;80.77;80.77;
2025;12;16;15;80.50;80.50;
2025;12;16;16;79.69;79.69;
2025;12;16;17;79.50;79.50;
2025;12;16;18;78.90;78.90;
2025;12;16;19;79.09;79.09;
2025;12;16;20;79.50;79.50;
2025;12;16;21;79.09;79.09;
2025;12;16;22;79.28;79.28;
2025;12;16;23;80.18;80.18;
2025;12;16;24;81.29;81.29;
2025;12;16;25;82.36;82.36;
2025;12;16;26;84.43;84.43;
2025;12;16;27;86.24;86.24;
2025;12;16;28;90.51;90.51;
2025;12;16;29;88.79;88.79;
2025;12;16;30;92.19;92.19;
2025;12;16;31;93.90;93.90;
2025;12;16;32;97.23;97.23;
2025;12;16;33;95.71;95.71;
2025;12;16;34;99.48;99.48;
2025;12;16;35;100.00;100.00;
2025;12;16;36;100.00;100.00;
2025;12;16;37;107.00;107.00;
2025;12;16;38;103.71;103.71;
2025;12;16;39;98.28;98.28;
2025;12;16;40;90.97;90.97;
2025;12;16;41;103.20;103.20;
2025;12;16;42;96.20;96.20;
2025;12;16;43;90.62;90.62;
2025;12;16;44;87.00;87.00;
2025;12;16;45;95.01;95.01;
2025;12;16;46;91.28;91.28;
2025;12;16;47;90.31;90.31;
2025;12;16;48;90.71;90.71;
2025;12;16;49;91.08;91.08;
2025;12;16;50;89.92;89.92;
2025;12;16;51;90.86;90.86;
2025;12;16;52;90.14;90.14;
2025;12;16;53;87.74;87.74;
2025;12;16;54;88.43;88.43;
2025;12;16;55;87.00;87.00;
2025;12;16;56;88.43;88.43;
2025;12;16;57;87.35;87.35;
2025;12;16;58;88.79;88.79;
2025;12;16;59;91.50;91.50;
2025;12;16;60;91.80;91.80;
2025;12;16;61;89.47;89.47;
2025;12;16;62;96.11;96.11;
2025;12;16;63;94.09;94.09;
2025;12;16;64;99.13;99.13;
2025;12;16;65;88.83;88.83;
2025;12;16;66;96.07;96.07;
2025;12;16;67;100.08;100.08;
2025;12;16;68;107.51;107.51;
2025;12;16;69;94.25;94.25;
2025;12;16;70;105.00;105.00;
2025;12;16;71;108.17;108.17;
2025;12;16;72;116.23;116.23;
2025;12;16;73;106.68;106.68;
2025;12;16;74;115.50;115.50;
2025;12;16;75;120.06;120.06;
2025;12;16;76;129.83;129.83;
2025;12;16;77;117.20;117.20;
2025;12;16;78;125.79;125.79;
2025;12;16;79;116.94;116.94;
2025;12;16;80;116.70;116.70;
2025;12;16;81;114.90;115.27;
2025;12;16;82;113.51;113.51;
2025;12;16;83;101.44;101.44;
2025;12;16;84;101.18;101.18;
2025;12;16;85;98.12;98.12;
2025;12;16;86;98.55;98.55;
2025;12;16;87;95.44;95.44;
2025;12;16;88;92.34;92.34;
2025;12;16;89;94.00;94.00;
2025;12;16;90;90.01;90.01;
2025;12;16;91;92.26;92.26;
2025;12;16;92;85.47;85.47;
2025;12;16;93;90.00;90.00;
2025;12;16;94;84.43;84.43;
2025;12;16;95;84.30;84.30;
2025;12;16;96;82.84;82.84;
*
