MARGINALPIBC;
2025;09;23;1;77.90;77.90;
2025;09;23;2;75.11;75.11;
2025;09;23;3;72.11;72.11;
2025;09;23;4;61.64;61.64;
2025;09;23;5;85.00;85.00;
2025;09;23;6;82.02;82.02;
2025;09;23;7;75.00;75.00;
2025;09;23;8;61.20;61.20;
2025;09;23;9;78.64;78.64;
2025;09;23;10;78.00;78.00;
2025;09;23;11;78.28;78.28;
2025;09;23;12;75.38;75.38;
2025;09;23;13;75.35;75.35;
2025;09;23;14;75.15;75.15;
2025;09;23;15;74.95;74.95;
2025;09;23;16;74.95;74.95;
2025;09;23;17;77.31;77.31;
2025;09;23;18;77.31;77.31;
2025;09;23;19;77.31;77.31;
2025;09;23;20;77.31;77.31;
2025;09;23;21;80.80;80.80;
2025;09;23;22;80.80;80.80;
2025;09;23;23;81.56;81.56;
2025;09;23;24;81.90;81.90;
2025;09;23;25;80.28;80.28;
2025;09;23;26;80.28;80.28;
2025;09;23;27;81.58;81.58;
2025;09;23;28;83.68;83.68;
2025;09;23;29;82.16;82.16;
2025;09;23;30;84.13;84.13;
2025;09;23;31;85.79;85.79;
2025;09;23;32;86.56;86.56;
2025;09;23;33;89.21;89.21;
2025;09;23;34;86.30;86.30;
2025;09;23;35;82.39;82.39;
2025;09;23;36;55.80;55.80;
2025;09;23;37;89.90;89.90;
2025;09;23;38;85.00;85.00;
2025;09;23;39;29.90;29.90;
2025;09;23;40;29.90;-2.00;
2025;09;23;41;33.84;33.84;
2025;09;23;42;8.72;8.72;
2025;09;23;43;3.82;3.82;
2025;09;23;44;3.81;-4.18;
2025;09;23;45;1.15;1.15;
2025;09;23;46;0.65;.65;
2025;09;23;47;0.65;.65;
2025;09;23;48;0.65;.65;
2025;09;23;49;0.01;.01;
2025;09;23;50;0.01;.01;
2025;09;23;51;0.01;.01;
2025;09;23;52;0.51;.51;
2025;09;23;53;0.49;.00;
2025;09;23;54;0.49;.00;
2025;09;23;55;0.50;-.09;
2025;09;23;56;0.50;-1.48;
2025;09;23;57;3.70;-3.45;
2025;09;23;58;4.29;-3.62;
2025;09;23;59;4.31;-1.70;
2025;09;23;60;4.31;-1.99;
2025;09;23;61;6.90;-4.12;
2025;09;23;62;6.90;-4.50;
2025;09;23;63;6.90;-4.51;
2025;09;23;64;9.40;-4.12;
2025;09;23;65;4.31;-7.00;
2025;09;23;66;4.31;-5.00;
2025;09;23;67;4.31;-1.48;
2025;09;23;68;5.00;.00;
2025;09;23;69;2.20;-7.00;
2025;09;23;70;2.20;-3.01;
2025;09;23;71;4.31;3.52;
2025;09;23;72;11.00;11.00;
2025;09;23;73;26.47;-5.00;
2025;09;23;74;26.47;6.47;
2025;09;23;75;45.52;45.52;
2025;09;23;76;88.70;82.92;
2025;09;23;77;44.00;36.32;
2025;09;23;78;70.33;70.33;
2025;09;23;79;86.62;86.62;
2025;09;23;80;95.00;95.00;
2025;09;23;81;91.00;91.00;
2025;09;23;82;95.01;95.01;
2025;09;23;83;95.28;95.28;
2025;09;23;84;96.01;96.01;
2025;09;23;85;89.72;89.72;
2025;09;23;86;89.21;89.21;
2025;09;23;87;87.87;87.87;
2025;09;23;88;80.60;80.60;
2025;09;23;89;81.02;81.02;
2025;09;23;90;76.22;76.22;
2025;09;23;91;71.99;71.99;
2025;09;23;92;62.10;62.10;
2025;09;23;93;75.94;75.94;
2025;09;23;94;74.84;74.84;
2025;09;23;95;67.19;67.19;
2025;09;23;96;55.84;55.84;
*
