MARGINALPIBC;
2025;12;28;1;50.00;50.00;
2025;12;28;2;40.00;40.00;
2025;12;28;3;35.01;35.01;
2025;12;28;4;25.00;25.00;
2025;12;28;5;55.02;55.02;
2025;12;28;6;55.26;55.26;
2025;12;28;7;55.01;55.01;
2025;12;28;8;54.10;54.10;
2025;12;28;9;52.51;52.51;
2025;12;28;10;52.51;52.51;
2025;12;28;11;52.51;52.51;
2025;12;28;12;52.51;52.51;
2025;12;28;13;49.01;49.01;
2025;12;28;14;47.70;47.70;
2025;12;28;15;46.16;46.16;
2025;12;28;16;45.01;45.01;
2025;12;28;17;48.99;48.99;
2025;12;28;18;50.46;50.46;
2025;12;28;19;52.51;52.51;
2025;12;28;20;53.00;53.00;
2025;12;28;21;52.50;52.50;
2025;12;28;22;53.80;53.80;
2025;12;28;23;53.00;53.00;
2025;12;28;24;55.02;55.02;
2025;12;28;25;55.62;55.62;
2025;12;28;26;57.63;57.63;
2025;12;28;27;60.02;60.02;
2025;12;28;28;61.00;61.00;
2025;12;28;29;64.14;64.14;
2025;12;28;30;66.70;66.70;
2025;12;28;31;65.88;65.88;
2025;12;28;32;69.32;69.32;
2025;12;28;33;71.50;71.50;
2025;12;28;34;72.26;72.26;
2025;12;28;35;72.26;72.26;
2025;12;28;36;72.72;72.72;
2025;12;28;37;72.72;72.72;
2025;12;28;38;68.42;68.42;
2025;12;28;39;68.42;68.42;
2025;12;28;40;66.12;66.12;
2025;12;28;41;72.72;72.72;
2025;12;28;42;72.72;72.72;
2025;12;28;43;68.42;68.42;
2025;12;28;44;60.68;60.68;
2025;12;28;45;69.65;69.65;
2025;12;28;46;70.28;70.28;
2025;12;28;47;72.45;72.45;
2025;12;28;48;67.65;67.65;
2025;12;28;49;65.42;65.42;
2025;12;28;50;68.42;68.42;
2025;12;28;51;68.05;68.05;
2025;12;28;52;69.32;69.32;
2025;12;28;53;69.32;69.32;
2025;12;28;54;68.42;68.42;
2025;12;28;55;66.82;66.82;
2025;12;28;56;70.00;70.00;
2025;12;28;57;69.57;69.57;
2025;12;28;58;70.00;70.00;
2025;12;28;59;69.32;69.32;
2025;12;28;60;70.00;70.00;
2025;12;28;61;68.74;68.74;
2025;12;28;62;70.19;70.19;
2025;12;28;63;76.69;76.69;
2025;12;28;64;74.62;74.62;
2025;12;28;65;74.62;74.62;
2025;12;28;66;80.10;80.10;
2025;12;28;67;87.10;87.10;
2025;12;28;68;91.01;91.01;
2025;12;28;69;91.43;91.43;
2025;12;28;70;97.44;97.44;
2025;12;28;71;93.94;93.94;
2025;12;28;72;96.41;96.41;
2025;12;28;73;97.20;97.20;
2025;12;28;74;95.94;95.94;
2025;12;28;75;98.62;98.62;
2025;12;28;76;102.20;102.20;
2025;12;28;77;98.58;98.58;
2025;12;28;78;99.91;99.91;
2025;12;28;79;101.38;101.38;
2025;12;28;80;100.76;100.76;
2025;12;28;81;99.33;99.33;
2025;12;28;82;98.62;98.62;
2025;12;28;83;98.34;98.34;
2025;12;28;84;95.60;95.60;
2025;12;28;85;97.00;97.00;
2025;12;28;86;95.62;95.62;
2025;12;28;87;95.00;95.00;
2025;12;28;88;92.74;92.74;
2025;12;28;89;95.02;95.02;
2025;12;28;90;96.66;96.66;
2025;12;28;91;95.22;95.22;
2025;12;28;92;96.66;96.66;
2025;12;28;93;96.32;96.32;
2025;12;28;94;93.59;93.59;
2025;12;28;95;89.17;89.17;
2025;12;28;96;83.72;83.72;
*
