MARGINALPIBC;
2026;01;11;1;102.38;102.38;
2026;01;11;2;95.68;95.68;
2026;01;11;3;93.00;93.00;
2026;01;11;4;89.35;89.35;
2026;01;11;5;90.50;90.50;
2026;01;11;6;86.00;86.00;
2026;01;11;7;82.80;82.80;
2026;01;11;8;76.64;76.64;
2026;01;11;9;80.00;80.00;
2026;01;11;10;76.24;76.24;
2026;01;11;11;80.10;80.10;
2026;01;11;12;75.65;75.65;
2026;01;11;13;83.90;83.90;
2026;01;11;14;77.80;77.80;
2026;01;11;15;76.35;76.35;
2026;01;11;16;76.35;76.35;
2026;01;11;17;76.69;76.69;
2026;01;11;18;76.24;76.24;
2026;01;11;19;77.80;77.80;
2026;01;11;20;79.00;79.00;
2026;01;11;21;80.24;80.24;
2026;01;11;22;78.87;78.87;
2026;01;11;23;80.21;80.21;
2026;01;11;24;81.48;81.48;
2026;01;11;25;77.93;77.93;
2026;01;11;26;76.85;76.85;
2026;01;11;27;81.00;81.00;
2026;01;11;28;83.99;83.99;
2026;01;11;29;83.13;83.13;
2026;01;11;30;84.45;84.45;
2026;01;11;31;87.20;87.20;
2026;01;11;32;87.50;87.50;
2026;01;11;33;87.52;87.52;
2026;01;11;34;86.97;86.97;
2026;01;11;35;87.50;87.50;
2026;01;11;36;87.81;87.81;
2026;01;11;37;97.50;97.50;
2026;01;11;38;96.30;96.30;
2026;01;11;39;92.50;92.50;
2026;01;11;40;78.99;78.99;
2026;01;11;41;94.33;94.33;
2026;01;11;42;90.64;90.64;
2026;01;11;43;82.01;82.01;
2026;01;11;44;70.00;70.00;
2026;01;11;45;70.69;70.69;
2026;01;11;46;70.00;70.00;
2026;01;11;47;62.18;62.18;
2026;01;11;48;59.76;59.76;
2026;01;11;49;58.00;58.00;
2026;01;11;50;58.00;58.00;
2026;01;11;51;61.25;61.25;
2026;01;11;52;66.11;66.11;
2026;01;11;53;69.94;69.94;
2026;01;11;54;70.23;70.23;
2026;01;11;55;70.23;70.23;
2026;01;11;56;70.23;70.23;
2026;01;11;57;70.23;70.23;
2026;01;11;58;70.30;70.30;
2026;01;11;59;70.23;70.23;
2026;01;11;60;70.23;70.23;
2026;01;11;61;70.00;70.00;
2026;01;11;62;70.23;70.23;
2026;01;11;63;74.50;74.50;
2026;01;11;64;87.91;87.91;
2026;01;11;65;91.75;91.75;
2026;01;11;66;94.33;94.33;
2026;01;11;67;84.18;84.18;
2026;01;11;68;91.30;91.30;
2026;01;11;69;87.70;87.70;
2026;01;11;70;95.05;95.05;
2026;01;11;71;97.25;97.25;
2026;01;11;72;101.46;101.46;
2026;01;11;73;100.51;100.51;
2026;01;11;74;101.66;101.66;
2026;01;11;75;104.22;104.22;
2026;01;11;76;106.19;106.19;
2026;01;11;77;101.55;101.55;
2026;01;11;78;100.10;102.31;
2026;01;11;79;100.02;100.02;
2026;01;11;80;100.02;100.02;
2026;01;11;81;98.49;98.49;
2026;01;11;82;98.67;98.67;
2026;01;11;83;97.49;97.49;
2026;01;11;84;96.55;96.55;
2026;01;11;85;99.96;99.96;
2026;01;11;86;99.58;99.58;
2026;01;11;87;96.55;96.55;
2026;01;11;88;95.21;95.21;
2026;01;11;89;94.54;94.54;
2026;01;11;90;96.30;96.30;
2026;01;11;91;96.25;96.25;
2026;01;11;92;94.34;94.34;
2026;01;11;93;92.50;92.50;
2026;01;11;94;86.54;86.54;
2026;01;11;95;85.00;85.00;
2026;01;11;96;79.20;79.20;
*
