MARGINALPIBC;
2025;04;07;1;48.37;48.37;
2025;04;07;2;47.37;47.37;
2025;04;07;3;47.37;47.37;
2025;04;07;4;39.37;39.37;
2025;04;07;5;40.90;40.90;
2025;04;07;6;40.90;40.90;
2025;04;07;7;40.90;40.90;
2025;04;07;8;40.90;40.90;
2025;04;07;9;42.32;42.32;
2025;04;07;10;42.32;42.32;
2025;04;07;11;42.32;42.32;
2025;04;07;12;42.32;42.32;
2025;04;07;13;38.54;38.54;
2025;04;07;14;38.54;38.54;
2025;04;07;15;38.54;38.54;
2025;04;07;16;38.54;38.54;
2025;04;07;17;38.74;38.74;
2025;04;07;18;38.74;38.74;
2025;04;07;19;38.74;38.74;
2025;04;07;20;38.74;38.74;
2025;04;07;21;41.22;41.22;
2025;04;07;22;45.22;45.22;
2025;04;07;23;45.22;45.22;
2025;04;07;24;51.22;51.22;
2025;04;07;25;61.10;61.10;
2025;04;07;26;65.10;69.10;
2025;04;07;27;65.10;69.10;
2025;04;07;28;65.10;75.10;
2025;04;07;29;123.57;151.86;
2025;04;07;30;123.57;157.19;
2025;04;07;31;127.57;157.36;
2025;04;07;32;127.57;154.86;
2025;04;07;33;138.04;143.00;
2025;04;07;34;134.04;138.45;
2025;04;07;35;130.45;130.45;
2025;04;07;36;101.60;101.60;
2025;04;07;37;90.00;90.00;
2025;04;07;38;70.01;70.01;
2025;04;07;39;45.00;45.00;
2025;04;07;40;25.00;25.00;
2025;04;07;41;44.76;44.76;
2025;04;07;42;22.93;22.93;
2025;04;07;43;17.43;17.43;
2025;04;07;44;14.63;14.63;
2025;04;07;45;8.51;8.51;
2025;04;07;46;6.61;6.61;
2025;04;07;47;4.51;4.51;
2025;04;07;48;4.31;4.31;
2025;04;07;49;4.00;2.00;
2025;04;07;50;4.00;1.01;
2025;04;07;51;2.51;1.00;
2025;04;07;52;1.50;.65;
2025;04;07;53;1.21;.79;
2025;04;07;54;0.79;.79;
2025;04;07;55;0.65;.65;
2025;04;07;56;0.50;.03;
2025;04;07;57;0.01;-.02;
2025;04;07;58;0.01;.00;
2025;04;07;59;0.01;.00;
2025;04;07;60;0.01;.00;
2025;04;07;61;0.00;.00;
2025;04;07;62;0.00;.00;
2025;04;07;63;0.00;.00;
2025;04;07;64;0.00;.00;
2025;04;07;65;0.15;.15;
2025;04;07;66;0.65;.65;
2025;04;07;67;0.65;.65;
2025;04;07;68;1.35;1.35;
2025;04;07;69;2.26;2.26;
2025;04;07;70;3.52;3.52;
2025;04;07;71;5.11;5.11;
2025;04;07;72;6.85;6.85;
2025;04;07;73;11.16;11.16;
2025;04;07;74;15.00;15.00;
2025;04;07;75;43.60;43.60;
2025;04;07;76;70.00;70.00;
2025;04;07;77;29.10;29.10;
2025;04;07;78;59.10;59.10;
2025;04;07;79;84.10;84.10;
2025;04;07;80;99.09;99.09;
2025;04;07;81;147.00;151.00;
2025;04;07;82;151.00;155.97;
2025;04;07;83;154.00;166.00;
2025;04;07;84;155.95;163.03;
2025;04;07;85;168.01;181.46;
2025;04;07;86;168.01;181.46;
2025;04;07;87;168.01;181.46;
2025;04;07;88;166.01;178.01;
2025;04;07;89;116.34;120.01;
2025;04;07;90;113.34;118.00;
2025;04;07;91;113.34;117.85;
2025;04;07;92;113.00;115.84;
2025;04;07;93;97.84;99.84;
2025;04;07;94;94.84;96.94;
2025;04;07;95;94.84;97.40;
2025;04;07;96;93.58;93.58;
*
