MARGINALPIBC;
2026;03;22;1;75.10;75.10;
2026;03;22;2;61.60;61.60;
2026;03;22;3;48.11;48.11;
2026;03;22;4;29.36;29.36;
2026;03;22;5;56.48;56.48;
2026;03;22;6;38.53;38.53;
2026;03;22;7;31.99;31.99;
2026;03;22;8;25.00;25.00;
2026;03;22;9;36.84;36.84;
2026;03;22;10;25.00;25.00;
2026;03;22;11;30.00;30.00;
2026;03;22;12;22.64;22.64;
2026;03;22;13;29.45;29.45;
2026;03;22;14;25.00;25.00;
2026;03;22;15;27.35;27.35;
2026;03;22;16;22.00;22.00;
2026;03;22;17;30.76;30.76;
2026;03;22;18;25.35;25.35;
2026;03;22;19;25.01;25.01;
2026;03;22;20;27.02;27.02;
2026;03;22;21;23.40;23.40;
2026;03;22;22;22.57;22.57;
2026;03;22;23;23.17;23.17;
2026;03;22;24;23.01;23.01;
2026;03;22;25;25.00;25.00;
2026;03;22;26;27.00;27.00;
2026;03;22;27;30.00;30.00;
2026;03;22;28;30.00;30.00;
2026;03;22;29;41.04;41.04;
2026;03;22;30;30.01;30.01;
2026;03;22;31;34.12;34.12;
2026;03;22;32;19.40;19.40;
2026;03;22;33;29.02;29.02;
2026;03;22;34;10.00;10.00;
2026;03;22;35;-3.48;-3.48;
2026;03;22;36;-3.48;-3.48;
2026;03;22;37;-3.32;-3.32;
2026;03;22;38;-6.25;-6.25;
2026;03;22;39;-2.75;-2.75;
2026;03;22;40;-3.48;-3.48;
2026;03;22;41;-0.81;-.81;
2026;03;22;42;0.00;-.01;
2026;03;22;43;0.00;-2.00;
2026;03;22;44;0.00;-3.76;
2026;03;22;45;-1.61;-1.61;
2026;03;22;46;-2.00;-5.00;
2026;03;22;47;-2.00;-8.41;
2026;03;22;48;-2.00;-12.94;
2026;03;22;49;0.00;-3.48;
2026;03;22;50;-1.90;-1.90;
2026;03;22;51;-1.63;-1.63;
2026;03;22;52;-3.48;-4.59;
2026;03;22;53;0.00;-8.90;
2026;03;22;54;0.00;-8.90;
2026;03;22;55;0.00;-8.00;
2026;03;22;56;0.00;-6.52;
2026;03;22;57;0.00;-6.71;
2026;03;22;58;-2.90;-2.90;
2026;03;22;59;-0.86;-.86;
2026;03;22;60;-1.00;-1.00;
2026;03;22;61;0.00;-3.00;
2026;03;22;62;0.00;-1.00;
2026;03;22;63;0.00;-.86;
2026;03;22;64;0.00;-.86;
2026;03;22;65;-1.00;-1.00;
2026;03;22;66;-0.96;-.96;
2026;03;22;67;-0.81;-.81;
2026;03;22;68;0.00;-.86;
2026;03;22;69;-0.81;-.81;
2026;03;22;70;0.00;-.81;
2026;03;22;71;0.00;-.81;
2026;03;22;72;0.00;.00;
2026;03;22;73;0.01;.01;
2026;03;22;74;2.17;2.17;
2026;03;22;75;13.41;13.41;
2026;03;22;76;35.88;35.88;
2026;03;22;77;33.07;33.07;
2026;03;22;78;48.26;48.26;
2026;03;22;79;54.67;54.67;
2026;03;22;80;73.58;73.58;
2026;03;22;81;63.75;63.75;
2026;03;22;82;68.97;68.97;
2026;03;22;83;72.80;72.80;
2026;03;22;84;66.45;66.45;
2026;03;22;85;60.61;60.61;
2026;03;22;86;57.96;57.96;
2026;03;22;87;55.73;55.73;
2026;03;22;88;47.00;47.00;
2026;03;22;89;41.85;41.85;
2026;03;22;90;38.92;38.92;
2026;03;22;91;36.00;36.00;
2026;03;22;92;28.00;28.00;
2026;03;22;93;30.06;30.06;
2026;03;22;94;18.30;18.30;
2026;03;22;95;16.00;16.00;
2026;03;22;96;11.00;11.00;
*
