MARGINALPIBC;
2026;06;30;1;129.75;129.75;
2026;06;30;2;125.20;125.20;
2026;06;30;3;111.00;111.00;
2026;06;30;4;108.57;108.57;
2026;06;30;5;124.61;124.61;
2026;06;30;6;114.13;114.13;
2026;06;30;7;111.40;111.40;
2026;06;30;8;110.99;110.99;
2026;06;30;9;118.56;118.56;
2026;06;30;10;116.16;116.16;
2026;06;30;11;115.92;115.92;
2026;06;30;12;115.28;115.28;
2026;06;30;13;115.43;115.43;
2026;06;30;14;114.90;114.90;
2026;06;30;15;115.12;115.12;
2026;06;30;16;115.20;115.20;
2026;06;30;17;115.77;115.77;
2026;06;30;18;115.92;115.92;
2026;06;30;19;116.05;116.05;
2026;06;30;20;116.60;116.60;
2026;06;30;21;116.01;116.01;
2026;06;30;22;116.50;116.50;
2026;06;30;23;120.82;120.82;
2026;06;30;24;124.85;124.85;
2026;06;30;25;116.56;116.56;
2026;06;30;26;124.80;124.80;
2026;06;30;27;127.25;127.25;
2026;06;30;28;127.98;127.98;
2026;06;30;29;134.85;134.85;
2026;06;30;30;135.01;135.01;
2026;06;30;31;131.61;131.61;
2026;06;30;32;127.86;127.86;
2026;06;30;33;134.76;134.76;
2026;06;30;34;128.68;128.68;
2026;06;30;35;115.35;115.35;
2026;06;30;36;108.34;108.34;
2026;06;30;37;111.61;111.61;
2026;06;30;38;100.54;100.54;
2026;06;30;39;94.60;94.60;
2026;06;30;40;85.40;85.40;
2026;06;30;41;83.01;83.01;
2026;06;30;42;81.09;81.09;
2026;06;30;43;77.20;77.20;
2026;06;30;44;74.94;74.94;
2026;06;30;45;77.02;77.02;
2026;06;30;46;76.55;76.55;
2026;06;30;47;75.66;75.66;
2026;06;30;48;76.10;76.10;
2026;06;30;49;80.50;80.50;
2026;06;30;50;80.13;80.13;
2026;06;30;51;80.23;80.23;
2026;06;30;52;76.99;76.99;
2026;06;30;53;81.00;81.00;
2026;06;30;54;75.23;75.23;
2026;06;30;55;75.40;75.40;
2026;06;30;56;75.00;75.00;
2026;06;30;57;75.98;75.98;
2026;06;30;58;76.06;76.06;
2026;06;30;59;75.75;75.75;
2026;06;30;60;75.00;75.00;
2026;06;30;61;70.75;70.75;
2026;06;30;62;70.00;70.00;
2026;06;30;63;69.10;69.10;
2026;06;30;64;69.10;69.10;
2026;06;30;65;69.10;69.10;
2026;06;30;66;70.00;70.00;
2026;06;30;67;70.00;70.00;
2026;06;30;68;70.23;70.23;
2026;06;30;69;65.24;65.24;
2026;06;30;70;66.91;66.91;
2026;06;30;71;69.11;69.11;
2026;06;30;72;69.56;69.56;
2026;06;30;73;45.50;45.50;
2026;06;30;74;50.88;50.88;
2026;06;30;75;60.00;60.00;
2026;06;30;76;64.17;64.17;
2026;06;30;77;51.22;51.22;
2026;06;30;78;73.90;73.90;
2026;06;30;79;90.70;90.70;
2026;06;30;80;95.14;95.14;
2026;06;30;81;100.30;100.30;
2026;06;30;82;109.80;109.80;
2026;06;30;83;126.01;126.01;
2026;06;30;84;135.02;135.02;
2026;06;30;85;140.85;140.85;
2026;06;30;86;144.29;144.29;
2026;06;30;87;146.75;146.75;
2026;06;30;88;145.87;145.87;
2026;06;30;89;135.50;135.50;
2026;06;30;90;134.62;134.62;
2026;06;30;91;132.89;132.89;
2026;06;30;92;128.45;128.45;
2026;06;30;93;128.52;128.52;
2026;06;30;94;134.20;134.20;
2026;06;30;95;129.12;129.12;
2026;06;30;96;125.11;125.11;
*
