MARGINALPIBC;
2026;01;17;1;120.78;120.78;
2026;01;17;2;118.04;118.04;
2026;01;17;3;117.06;117.06;
2026;01;17;4;114.16;114.16;
2026;01;17;5;110.39;110.39;
2026;01;17;6;107.99;107.99;
2026;01;17;7;106.16;106.16;
2026;01;17;8;105.23;105.23;
2026;01;17;9;108.51;108.51;
2026;01;17;10;106.55;106.55;
2026;01;17;11;105.77;105.77;
2026;01;17;12;105.33;105.33;
2026;01;17;13;109.10;109.10;
2026;01;17;14;107.13;107.13;
2026;01;17;15;104.99;104.99;
2026;01;17;16;102.89;102.89;
2026;01;17;17;101.91;101.91;
2026;01;17;18;101.38;101.38;
2026;01;17;19;100.54;100.54;
2026;01;17;20;100.62;100.62;
2026;01;17;21;99.95;99.95;
2026;01;17;22;99.95;99.95;
2026;01;17;23;100.00;100.00;
2026;01;17;24;101.88;101.88;
2026;01;17;25;104.83;104.83;
2026;01;17;26;105.20;105.20;
2026;01;17;27;109.09;109.09;
2026;01;17;28;110.62;110.62;
2026;01;17;29;104.99;104.99;
2026;01;17;30;108.92;108.92;
2026;01;17;31;103.81;103.81;
2026;01;17;32;106.86;106.86;
2026;01;17;33;106.02;106.02;
2026;01;17;34;110.01;110.01;
2026;01;17;35;111.80;111.80;
2026;01;17;36;115.34;115.34;
2026;01;17;37;118.30;118.30;
2026;01;17;38;115.18;115.18;
2026;01;17;39;118.95;118.95;
2026;01;17;40;113.95;113.95;
2026;01;17;41;120.00;120.00;
2026;01;17;42;115.79;115.79;
2026;01;17;43;111.78;111.78;
2026;01;17;44;113.18;113.18;
2026;01;17;45;119.99;119.99;
2026;01;17;46;115.01;115.01;
2026;01;17;47;112.93;112.93;
2026;01;17;48;110.01;110.01;
2026;01;17;49;113.00;113.00;
2026;01;17;50;111.82;111.82;
2026;01;17;51;115.52;115.52;
2026;01;17;52;113.76;113.76;
2026;01;17;53;112.07;112.07;
2026;01;17;54;111.50;111.50;
2026;01;17;55;110.01;110.01;
2026;01;17;56;110.04;110.04;
2026;01;17;57;111.19;111.19;
2026;01;17;58;112.07;112.07;
2026;01;17;59;114.93;114.93;
2026;01;17;60;119.76;119.76;
2026;01;17;61;113.76;113.76;
2026;01;17;62;120.00;120.00;
2026;01;17;63;121.00;121.00;
2026;01;17;64;123.18;123.18;
2026;01;17;65;116.62;116.62;
2026;01;17;66;121.00;121.00;
2026;01;17;67;123.68;123.68;
2026;01;17;68;124.30;124.30;
2026;01;17;69;124.05;124.05;
2026;01;17;70;137.45;137.45;
2026;01;17;71;140.94;140.94;
2026;01;17;72;145.50;145.50;
2026;01;17;73;141.49;141.49;
2026;01;17;74;143.30;143.30;
2026;01;17;75;145.71;145.71;
2026;01;17;76;145.80;145.80;
2026;01;17;77;141.80;141.80;
2026;01;17;78;139.15;139.15;
2026;01;17;79;140.14;140.14;
2026;01;17;80;141.65;141.65;
2026;01;17;81;154.91;154.91;
2026;01;17;82;154.21;154.21;
2026;01;17;83;156.25;156.25;
2026;01;17;84;155.42;155.42;
2026;01;17;85;166.70;166.70;
2026;01;17;86;162.00;162.00;
2026;01;17;87;149.43;149.43;
2026;01;17;88;138.67;138.67;
2026;01;17;89;137.63;137.63;
2026;01;17;90;133.34;133.34;
2026;01;17;91;141.86;141.86;
2026;01;17;92;136.18;136.18;
2026;01;17;93;144.17;144.17;
2026;01;17;94;141.10;141.10;
2026;01;17;95;133.69;133.69;
2026;01;17;96;122.78;122.78;
*
