MARGINALPIBC;
2025;02;08;1;111.74;111.74;
2025;02;08;2;104.95;104.95;
2025;02;08;3;89.50;89.50;
2025;02;08;4;94.34;94.34;
2025;02;08;5;86.70;86.70;
2025;02;08;6;88.09;88.09;
2025;02;08;7;95.15;95.15;
2025;02;08;8;110.00;110.00;
2025;02;08;9;119.08;119.08;
2025;02;08;10;108.00;108.00;
2025;02;08;11;71.64;71.64;
2025;02;08;12;93.49;93.49;
2025;02;08;13;68.25;68.25;
2025;02;08;14;59.25;59.25;
2025;02;08;15;55.00;55.00;
2025;02;08;16;49.29;49.29;
2025;02;08;17;71.64;71.64;
2025;02;08;18;114.50;114.50;
2025;02;08;19;160.44;160.44;
2025;02;08;20;161.34;161.34;
2025;02;08;21;158.54;158.54;
2025;02;08;22;146.19;146.19;
2025;02;08;23;146.84;146.84;
2025;02;08;24;142.31;142.31;
*
