MARGINALPIBC;
2026;04;09;1;105.70;105.70;
2026;04;09;2;101.70;101.70;
2026;04;09;3;95.60;95.60;
2026;04;09;4;86.03;86.03;
2026;04;09;5;96.22;96.22;
2026;04;09;6;90.77;90.77;
2026;04;09;7;90.01;90.01;
2026;04;09;8;86.20;86.20;
2026;04;09;9;90.83;90.83;
2026;04;09;10;89.03;89.03;
2026;04;09;11;88.15;88.15;
2026;04;09;12;85.50;85.50;
2026;04;09;13;85.81;85.81;
2026;04;09;14;85.01;85.01;
2026;04;09;15;85.01;85.01;
2026;04;09;16;85.01;85.01;
2026;04;09;17;82.40;82.40;
2026;04;09;18;81.97;81.97;
2026;04;09;19;83.03;83.03;
2026;04;09;20;85.01;85.01;
2026;04;09;21;77.00;77.00;
2026;04;09;22;85.01;85.01;
2026;04;09;23;81.75;81.75;
2026;04;09;24;83.01;83.01;
2026;04;09;25;90.01;90.01;
2026;04;09;26;97.07;97.07;
2026;04;09;27;99.05;99.05;
2026;04;09;28;100.64;100.64;
2026;04;09;29;103.25;114.29;
2026;04;09;30;102.20;120.19;
2026;04;09;31;102.20;134.54;
2026;04;09;32;104.05;126.59;
2026;04;09;33;104.64;104.64;
2026;04;09;34;102.94;102.94;
2026;04;09;35;99.09;99.09;
2026;04;09;36;87.52;87.52;
2026;04;09;37;99.91;99.91;
2026;04;09;38;81.33;81.33;
2026;04;09;39;71.30;71.30;
2026;04;09;40;55.02;55.02;
2026;04;09;41;70.66;70.66;
2026;04;09;42;44.28;44.28;
2026;04;09;43;15.55;15.55;
2026;04;09;44;5.41;5.41;
2026;04;09;45;4.75;4.75;
2026;04;09;46;3.08;3.08;
2026;04;09;47;0.84;.84;
2026;04;09;48;0.84;.84;
2026;04;09;49;1.66;.84;
2026;04;09;50;2.66;.01;
2026;04;09;51;1.66;.01;
2026;04;09;52;0.41;.01;
2026;04;09;53;2.00;.01;
2026;04;09;54;1.40;.01;
2026;04;09;55;0.06;.01;
2026;04;09;56;0.00;.00;
2026;04;09;57;1.18;.00;
2026;04;09;58;1.18;.00;
2026;04;09;59;1.18;.00;
2026;04;09;60;1.18;.00;
2026;04;09;61;1.00;.00;
2026;04;09;62;1.00;-.01;
2026;04;09;63;1.18;.00;
2026;04;09;64;0.09;.00;
2026;04;09;65;1.50;.00;
2026;04;09;66;1.66;.00;
2026;04;09;67;2.00;.01;
2026;04;09;68;2.00;.11;
2026;04;09;69;2.00;.00;
2026;04;09;70;2.65;.01;
2026;04;09;71;2.66;1.20;
2026;04;09;72;2.67;2.01;
2026;04;09;73;5.00;5.00;
2026;04;09;74;5.80;5.80;
2026;04;09;75;26.10;26.10;
2026;04;09;76;43.25;43.25;
2026;04;09;77;38.51;38.51;
2026;04;09;78;68.66;68.66;
2026;04;09;79;77.28;77.28;
2026;04;09;80;90.66;90.66;
2026;04;09;81;84.03;84.03;
2026;04;09;82;91.07;91.07;
2026;04;09;83;91.78;91.78;
2026;04;09;84;91.75;91.75;
2026;04;09;85;95.00;95.00;
2026;04;09;86;96.20;96.20;
2026;04;09;87;93.55;93.55;
2026;04;09;88;90.93;90.93;
2026;04;09;89;91.41;91.41;
2026;04;09;90;89.99;89.99;
2026;04;09;91;86.87;86.87;
2026;04;09;92;78.95;78.95;
2026;04;09;93;77.79;77.79;
2026;04;09;94;71.54;71.54;
2026;04;09;95;71.24;71.24;
2026;04;09;96;70.68;70.68;
*
