MARGINALPIBC;
2025;04;30;1;31.11;15.00;
2025;04;30;2;17.91;14.99;
2025;04;30;3;17.91;14.99;
2025;04;30;4;15.00;14.99;
2025;04;30;5;27.23;.47;
2025;04;30;6;27.23;.00;
2025;04;30;7;24.23;-.17;
2025;04;30;8;22.08;.00;
2025;04;30;9;17.53;-1.01;
2025;04;30;10;17.53;.00;
2025;04;30;11;14.53;-.70;
2025;04;30;12;9.58;.00;
2025;04;30;13;10.50;.00;
2025;04;30;14;10.50;.00;
2025;04;30;15;5.50;.00;
2025;04;30;16;5.01;.00;
2025;04;30;17;8.30;.00;
2025;04;30;18;3.30;.00;
2025;04;30;19;3.30;.10;
2025;04;30;20;3.18;5.31;
2025;04;30;21;3.18;15.00;
2025;04;30;22;3.18;15.00;
2025;04;30;23;3.18;15.00;
2025;04;30;24;3.18;25.00;
2025;04;30;25;3.18;67.99;
2025;04;30;26;3.18;67.99;
2025;04;30;27;3.18;72.00;
2025;04;30;28;3.18;74.32;
2025;04;30;29;3.18;97.11;
2025;04;30;30;3.18;97.01;
2025;04;30;31;3.18;97.01;
2025;04;30;32;3.18;97.01;
2025;04;30;33;3.18;87.93;
2025;04;30;34;3.18;78.03;
2025;04;30;35;3.18;50.00;
2025;04;30;36;5.01;2.74;
2025;04;30;37;5.01;14.99;
2025;04;30;38;5.01;2.50;
2025;04;30;39;5.01;.00;
2025;04;30;40;5.01;-4.12;
2025;04;30;41;5.01;-10.00;
2025;04;30;42;5.01;-10.00;
2025;04;30;43;0.00;-10.00;
2025;04;30;44;0.00;-12.67;
2025;04;30;45;5.01;-12.00;
2025;04;30;46;5.01;-14.90;
2025;04;30;47;5.01;-15.90;
2025;04;30;48;0.00;-17.00;
2025;04;30;49;5.01;-12.01;
2025;04;30;50;5.01;-14.12;
2025;04;30;51;5.01;-15.00;
2025;04;30;52;5.01;-15.00;
2025;04;30;53;16.94;-15.00;
2025;04;30;54;5.01;-15.01;
2025;04;30;55;5.01;-15.36;
2025;04;30;56;0.00;-16.00;
2025;04;30;57;5.01;-12.00;
2025;04;30;58;5.01;-12.00;
2025;04;30;59;5.01;-12.00;
2025;04;30;60;0.00;-12.00;
2025;04;30;61;0.00;-12.30;
2025;04;30;62;0.00;-13.62;
2025;04;30;63;0.00;-13.62;
2025;04;30;64;0.00;-12.00;
2025;04;30;65;0.00;-14.12;
2025;04;30;66;0.00;-14.12;
2025;04;30;67;-2.00;-13.62;
2025;04;30;68;-2.66;-12.00;
2025;04;30;69;-2.66;-17.00;
2025;04;30;70;-2.00;-16.88;
2025;04;30;71;0.00;-15.00;
2025;04;30;72;5.01;-12.00;
2025;04;30;73;0.00;-13.62;
2025;04;30;74;0.00;-12.00;
2025;04;30;75;5.01;-10.00;
2025;04;30;76;5.01;-10.00;
2025;04;30;77;0.00;-12.00;
2025;04;30;78;5.01;-10.00;
2025;04;30;79;20.60;-10.00;
2025;04;30;80;31.11;-7.00;
2025;04;30;81;0.00;-1.90;
2025;04;30;82;5.01;.65;
2025;04;30;83;38.58;5.01;
2025;04;30;84;45.55;27.02;
2025;04;30;85;0.00;27.04;
2025;04;30;86;0.00;58.14;
2025;04;30;87;0.00;58.14;
2025;04;30;88;0.00;58.14;
2025;04;30;89;5.01;45.10;
2025;04;30;90;0.00;45.10;
2025;04;30;91;0.00;54.98;
2025;04;30;92;0.00;60.00;
2025;04;30;93;5.01;2.74;
2025;04;30;94;0.00;2.74;
2025;04;30;95;0.00;4.64;
2025;04;30;96;0.00;12.90;
*
