MARGINALPIBC;
2026;02;15;1;6.40;6.40;
2026;02;15;2;5.37;5.37;
2026;02;15;3;3.00;3.00;
2026;02;15;4;3.00;3.00;
2026;02;15;5;2.91;2.91;
2026;02;15;6;1.98;1.98;
2026;02;15;7;1.10;1.10;
2026;02;15;8;0.41;.41;
2026;02;15;9;0.75;.75;
2026;02;15;10;0.43;.43;
2026;02;15;11;0.10;.10;
2026;02;15;12;0.05;.05;
2026;02;15;13;0.00;.00;
2026;02;15;14;0.00;.00;
2026;02;15;15;-0.34;-.34;
2026;02;15;16;-0.01;-.01;
2026;02;15;17;0.00;.00;
2026;02;15;18;-0.34;-.34;
2026;02;15;19;-0.44;-.44;
2026;02;15;20;-0.54;-.54;
2026;02;15;21;-0.44;-.44;
2026;02;15;22;-0.54;-.54;
2026;02;15;23;-0.54;-.54;
2026;02;15;24;-0.44;-.44;
2026;02;15;25;-4.98;-4.98;
2026;02;15;26;-3.99;-3.99;
2026;02;15;27;-4.01;-4.01;
2026;02;15;28;-3.99;-3.99;
2026;02;15;29;-0.04;-.04;
2026;02;15;30;-0.44;-.44;
2026;02;15;31;0.15;.15;
2026;02;15;32;0.11;.11;
2026;02;15;33;0.02;.02;
2026;02;15;34;0.01;.01;
2026;02;15;35;0.00;.00;
2026;02;15;36;0.00;.00;
2026;02;15;37;-0.15;-.15;
2026;02;15;38;-0.58;-.58;
2026;02;15;39;-0.81;-.81;
2026;02;15;40;-0.93;-.93;
2026;02;15;41;-0.81;-.81;
2026;02;15;42;-0.97;-.97;
2026;02;15;43;-0.81;-.81;
2026;02;15;44;-0.81;-.81;
2026;02;15;45;-0.81;-.81;
2026;02;15;46;-0.81;-.81;
2026;02;15;47;-0.81;-.81;
2026;02;15;48;-0.81;-.81;
2026;02;15;49;-0.81;-.81;
2026;02;15;50;-0.81;-.81;
2026;02;15;51;-0.81;-.81;
2026;02;15;52;-0.81;-.81;
2026;02;15;53;-0.81;-.81;
2026;02;15;54;-0.81;-.81;
2026;02;15;55;-0.81;-.81;
2026;02;15;56;-0.81;-.81;
2026;02;15;57;-0.81;-.81;
2026;02;15;58;-1.00;-1.00;
2026;02;15;59;-1.00;-1.00;
2026;02;15;60;-1.50;-1.50;
2026;02;15;61;-1.50;-1.50;
2026;02;15;62;-1.55;-1.55;
2026;02;15;63;-1.50;-1.50;
2026;02;15;64;-1.00;-1.00;
2026;02;15;65;-0.81;-.81;
2026;02;15;66;-0.81;-.81;
2026;02;15;67;-0.81;-.81;
2026;02;15;68;-0.81;-.81;
2026;02;15;69;-0.79;-.81;
2026;02;15;70;-0.04;-.04;
2026;02;15;71;0.00;.00;
2026;02;15;72;0.00;.00;
2026;02;15;73;0.01;.01;
2026;02;15;74;0.01;3.00;
2026;02;15;75;0.01;3.78;
2026;02;15;76;0.11;10.15;
2026;02;15;77;0.11;14.00;
2026;02;15;78;0.70;18.16;
2026;02;15;79;3.01;14.70;
2026;02;15;80;3.01;14.20;
2026;02;15;81;3.02;12.60;
2026;02;15;82;3.02;8.89;
2026;02;15;83;3.01;14.00;
2026;02;15;84;3.01;12.92;
2026;02;15;85;3.01;13.78;
2026;02;15;86;3.01;14.00;
2026;02;15;87;3.01;15.37;
2026;02;15;88;3.02;8.10;
2026;02;15;89;3.01;10.00;
2026;02;15;90;3.01;7.00;
2026;02;15;91;3.04;3.72;
2026;02;15;92;3.28;3.28;
2026;02;15;93;3.00;3.00;
2026;02;15;94;0.77;.77;
2026;02;15;95;0.77;.77;
2026;02;15;96;0.04;.04;
*
