MARGINALPIBC;
2026;07;06;1;135.53;135.53;
2026;07;06;2;131.53;131.53;
2026;07;06;3;135.43;135.43;
2026;07;06;4;132.10;132.10;
2026;07;06;5;132.38;132.38;
2026;07;06;6;131.00;131.00;
2026;07;06;7;131.26;131.26;
2026;07;06;8;133.60;133.60;
2026;07;06;9;133.60;133.60;
2026;07;06;10;130.48;130.48;
2026;07;06;11;130.08;130.08;
2026;07;06;12;129.54;129.54;
2026;07;06;13;131.88;131.88;
2026;07;06;14;130.92;130.92;
2026;07;06;15;129.88;129.88;
2026;07;06;16;130.63;130.63;
2026;07;06;17;130.43;130.43;
2026;07;06;18;130.43;130.43;
2026;07;06;19;130.36;130.36;
2026;07;06;20;131.24;131.24;
2026;07;06;21;131.24;131.24;
2026;07;06;22;131.64;131.64;
2026;07;06;23;133.24;133.24;
2026;07;06;24;131.37;131.37;
2026;07;06;25;136.24;136.24;
2026;07;06;26;125.36;125.36;
2026;07;06;27;131.25;131.25;
2026;07;06;28;137.70;137.70;
2026;07;06;29;141.54;141.54;
2026;07;06;30;142.01;142.01;
2026;07;06;31;134.04;134.04;
2026;07;06;32;125.98;125.98;
2026;07;06;33;126.45;126.45;
2026;07;06;34;126.02;126.02;
2026;07;06;35;108.16;108.16;
2026;07;06;36;114.21;76.97;
2026;07;06;37;109.01;109.01;
2026;07;06;38;104.56;86.00;
2026;07;06;39;94.56;68.11;
2026;07;06;40;89.99;63.10;
2026;07;06;41;89.56;67.96;
2026;07;06;42;85.00;62.69;
2026;07;06;43;84.02;48.00;
2026;07;06;44;78.30;39.10;
2026;07;06;45;80.00;46.60;
2026;07;06;46;80.00;42.49;
2026;07;06;47;88.30;38.56;
2026;07;06;48;78.31;33.55;
2026;07;06;49;78.31;28.02;
2026;07;06;50;78.09;24.77;
2026;07;06;51;88.09;24.93;
2026;07;06;52;88.09;22.00;
2026;07;06;53;87.88;30.15;
2026;07;06;54;87.88;39.00;
2026;07;06;55;77.89;44.66;
2026;07;06;56;87.63;45.00;
2026;07;06;57;87.63;48.89;
2026;07;06;58;87.63;50.79;
2026;07;06;59;87.63;50.99;
2026;07;06;60;87.63;49.30;
2026;07;06;61;87.63;48.99;
2026;07;06;62;87.63;44.99;
2026;07;06;63;87.63;45.10;
2026;07;06;64;87.63;55.00;
2026;07;06;65;80.63;58.49;
2026;07;06;66;80.63;58.82;
2026;07;06;67;80.63;63.69;
2026;07;06;68;87.63;67.78;
2026;07;06;69;77.78;65.10;
2026;07;06;70;82.63;68.10;
2026;07;06;71;87.63;72.80;
2026;07;06;72;87.63;80.19;
2026;07;06;73;75.20;75.20;
2026;07;06;74;87.01;87.01;
2026;07;06;75;99.86;99.86;
2026;07;06;76;112.60;112.60;
2026;07;06;77;98.95;98.95;
2026;07;06;78;111.60;111.60;
2026;07;06;79;121.53;121.53;
2026;07;06;80;130.16;130.16;
2026;07;06;81;120.30;120.30;
2026;07;06;82;131.13;131.13;
2026;07;06;83;139.89;139.89;
2026;07;06;84;152.21;152.21;
2026;07;06;85;147.09;147.09;
2026;07;06;86;148.43;148.43;
2026;07;06;87;145.58;145.58;
2026;07;06;88;145.00;145.00;
2026;07;06;89;143.51;143.51;
2026;07;06;90;140.17;140.17;
2026;07;06;91;139.84;139.84;
2026;07;06;92;131.47;131.47;
2026;07;06;93;140.01;140.01;
2026;07;06;94;132.01;132.01;
2026;07;06;95;130.59;130.59;
2026;07;06;96;126.34;126.34;
*
