MARGINALPIBC;
2025;12;18;1;101.23;101.23;
2025;12;18;2;97.14;97.14;
2025;12;18;3;91.20;91.20;
2025;12;18;4;87.11;87.11;
2025;12;18;5;88.57;88.57;
2025;12;18;6;85.47;85.47;
2025;12;18;7;84.54;84.54;
2025;12;18;8;81.83;81.83;
2025;12;18;9;85.00;85.00;
2025;12;18;10;83.51;83.51;
2025;12;18;11;81.83;81.83;
2025;12;18;12;79.70;79.70;
2025;12;18;13;79.91;79.91;
2025;12;18;14;77.41;77.41;
2025;12;18;15;72.90;72.90;
2025;12;18;16;71.61;71.61;
2025;12;18;17;68.47;68.47;
2025;12;18;18;67.43;67.43;
2025;12;18;19;67.43;67.43;
2025;12;18;20;68.47;68.47;
2025;12;18;21;66.62;66.62;
2025;12;18;22;67.92;67.92;
2025;12;18;23;68.99;68.99;
2025;12;18;24;73.98;73.98;
2025;12;18;25;81.07;81.07;
2025;12;18;26;83.05;83.05;
2025;12;18;27;85.47;85.47;
2025;12;18;28;90.00;90.00;
2025;12;18;29;86.12;86.12;
2025;12;18;30;92.50;92.50;
2025;12;18;31;97.01;97.01;
2025;12;18;32;102.00;102.00;
2025;12;18;33;101.18;101.18;
2025;12;18;34;104.50;104.50;
2025;12;18;35;104.98;104.98;
2025;12;18;36;101.86;101.86;
2025;12;18;37;103.20;103.20;
2025;12;18;38;95.01;95.01;
2025;12;18;39;87.49;87.49;
2025;12;18;40;81.07;81.07;
2025;12;18;41;84.50;84.50;
2025;12;18;42;81.57;81.57;
2025;12;18;43;75.50;75.50;
2025;12;18;44;65.43;65.43;
2025;12;18;45;61.08;61.08;
2025;12;18;46;49.53;49.53;
2025;12;18;47;40.10;40.10;
2025;12;18;48;34.20;34.20;
2025;12;18;49;45.25;45.25;
2025;12;18;50;34.20;34.20;
2025;12;18;51;34.20;34.20;
2025;12;18;52;33.63;33.63;
2025;12;18;53;27.19;27.19;
2025;12;18;54;26.56;26.56;
2025;12;18;55;23.43;23.43;
2025;12;18;56;19.99;19.99;
2025;12;18;57;23.43;23.43;
2025;12;18;58;25.15;25.15;
2025;12;18;59;29.20;29.20;
2025;12;18;60;30.40;30.40;
2025;12;18;61;33.52;33.52;
2025;12;18;62;55.42;55.42;
2025;12;18;63;65.41;65.41;
2025;12;18;64;73.70;73.70;
2025;12;18;65;67.10;67.10;
2025;12;18;66;79.00;79.00;
2025;12;18;67;83.40;83.40;
2025;12;18;68;91.90;91.90;
2025;12;18;69;86.40;86.40;
2025;12;18;70;93.50;93.50;
2025;12;18;71;102.90;102.90;
2025;12;18;72;110.43;110.43;
2025;12;18;73;93.60;93.60;
2025;12;18;74;98.11;98.11;
2025;12;18;75;100.94;100.94;
2025;12;18;76;103.01;103.01;
2025;12;18;77;100.14;100.14;
2025;12;18;78;102.90;102.90;
2025;12;18;79;105.31;105.31;
2025;12;18;80;105.98;105.98;
2025;12;18;81;103.14;103.14;
2025;12;18;82;103.14;103.14;
2025;12;18;83;103.29;103.29;
2025;12;18;84;103.14;103.14;
2025;12;18;85;103.14;103.14;
2025;12;18;86;102.80;102.80;
2025;12;18;87;100.62;100.62;
2025;12;18;88;94.68;94.68;
2025;12;18;89;93.23;93.23;
2025;12;18;90;86.12;86.12;
2025;12;18;91;92.63;92.63;
2025;12;18;92;88.43;88.43;
2025;12;18;93;87.75;87.75;
2025;12;18;94;89.69;89.69;
2025;12;18;95;85.41;85.41;
2025;12;18;96;81.57;81.57;
*
