MARGINALPIBC;
2025;03;06;1;72.20;72.20;
2025;03;06;2;57.10;57.10;
2025;03;06;3;76.40;76.40;
2025;03;06;4;67.75;67.75;
2025;03;06;5;68.90;68.90;
2025;03;06;6;72.85;72.85;
2025;03;06;7;75.95;75.95;
2025;03;06;8;97.49;97.49;
2025;03;06;9;101.58;101.58;
2025;03;06;10;82.28;82.28;
2025;03;06;11;71.00;71.00;
2025;03;06;12;74.20;74.20;
2025;03;06;13;67.70;67.70;
2025;03;06;14;59.99;59.99;
2025;03;06;15;54.73;54.73;
2025;03;06;16;55.07;55.07;
2025;03;06;17;64.51;64.51;
2025;03;06;18;77.00;77.00;
2025;03;06;19;101.10;101.10;
2025;03;06;20;124.02;128.02;
2025;03;06;21;116.51;116.51;
2025;03;06;22;105.00;105.00;
2025;03;06;23;93.97;93.97;
2025;03;06;24;81.60;81.60;
*
