MARGINALPIBC;
2025;05;10;1;29.94;29.94;
2025;05;10;2;29.22;29.22;
2025;05;10;3;20.34;20.34;
2025;05;10;4;5.37;5.37;
2025;05;10;5;19.01;19.01;
2025;05;10;6;17.02;15.46;
2025;05;10;7;17.02;11.87;
2025;05;10;8;14.02;3.46;
2025;05;10;9;17.26;14.00;
2025;05;10;10;17.26;13.52;
2025;05;10;11;17.26;10.45;
2025;05;10;12;17.26;3.87;
2025;05;10;13;19.01;14.94;
2025;05;10;14;17.02;14.94;
2025;05;10;15;17.02;10.69;
2025;05;10;16;17.02;6.95;
2025;05;10;17;10.01;10.01;
2025;05;10;18;9.12;9.12;
2025;05;10;19;8.17;8.17;
2025;05;10;20;9.12;9.12;
2025;05;10;21;13.34;13.34;
2025;05;10;22;12.38;12.38;
2025;05;10;23;13.34;13.34;
2025;05;10;24;13.34;13.34;
2025;05;10;25;13.10;13.10;
2025;05;10;26;14.10;14.10;
2025;05;10;27;16.10;16.10;
2025;05;10;28;16.10;16.10;
2025;05;10;29;15.81;15.81;
2025;05;10;30;15.81;15.81;
2025;05;10;31;13.81;13.81;
2025;05;10;32;10.01;9.15;
2025;05;10;33;21.82;21.82;
2025;05;10;34;19.01;11.00;
2025;05;10;35;11.34;.65;
2025;05;10;36;10.01;-5.09;
2025;05;10;37;19.01;18.42;
2025;05;10;38;19.01;8.59;
2025;05;10;39;19.01;-3.62;
2025;05;10;40;14.02;-18.54;
2025;05;10;41;25.01;3.52;
2025;05;10;42;20.02;.00;
2025;05;10;43;19.01;-4.90;
2025;05;10;44;15.57;-18.00;
2025;05;10;45;22.02;-1.54;
2025;05;10;46;19.01;-5.09;
2025;05;10;47;19.01;-7.00;
2025;05;10;48;13.01;-8.00;
2025;05;10;49;10.76;-5.67;
2025;05;10;50;10.76;-10.00;
2025;05;10;51;8.16;-10.00;
2025;05;10;52;6.76;-10.21;
2025;05;10;53;19.01;-8.51;
2025;05;10;54;19.01;-8.61;
2025;05;10;55;15.79;-9.01;
2025;05;10;56;6.79;-10.00;
2025;05;10;57;4.31;-8.00;
2025;05;10;58;4.31;-9.90;
2025;05;10;59;4.31;-10.10;
2025;05;10;60;0.10;-14.16;
2025;05;10;61;1.10;-10.00;
2025;05;10;62;0.50;-15.00;
2025;05;10;63;0.50;-19.00;
2025;05;10;64;0.50;-10.00;
2025;05;10;65;0.50;-10.00;
2025;05;10;66;0.50;-10.00;
2025;05;10;67;0.50;-5.80;
2025;05;10;68;0.50;-5.80;
2025;05;10;69;0.50;-7.20;
2025;05;10;70;0.50;-5.09;
2025;05;10;71;0.50;-1.20;
2025;05;10;72;0.50;-.70;
2025;05;10;73;0.09;-5.09;
2025;05;10;74;0.50;-4.02;
2025;05;10;75;0.50;.00;
2025;05;10;76;1.10;.00;
2025;05;10;77;-4.90;-12.51;
2025;05;10;78;0.50;-5.09;
2025;05;10;79;1.72;1.72;
2025;05;10;80;10.10;10.10;
2025;05;10;81;-6.05;-6.05;
2025;05;10;82;0.00;.00;
2025;05;10;83;21.82;21.82;
2025;05;10;84;35.51;35.51;
2025;05;10;85;30.88;30.88;
2025;05;10;86;36.88;36.88;
2025;05;10;87;36.92;36.92;
2025;05;10;88;36.88;36.88;
2025;05;10;89;31.46;31.46;
2025;05;10;90;29.94;29.94;
2025;05;10;91;29.94;29.94;
2025;05;10;92;23.10;23.10;
2025;05;10;93;25.37;25.37;
2025;05;10;94;25.27;25.27;
2025;05;10;95;21.97;21.97;
2025;05;10;96;15.84;15.84;
*
