MARGINALPIBC;
2025;12;25;1;32.29;32.29;
2025;12;25;2;37.10;37.10;
2025;12;25;3;30.46;30.46;
2025;12;25;4;25.01;25.01;
2025;12;25;5;30.30;30.30;
2025;12;25;6;27.49;27.49;
2025;12;25;7;28.84;28.84;
2025;12;25;8;23.68;23.68;
2025;12;25;9;30.24;30.24;
2025;12;25;10;26.49;26.49;
2025;12;25;11;20.95;20.95;
2025;12;25;12;18.29;18.29;
2025;12;25;13;18.29;18.29;
2025;12;25;14;17.07;17.07;
2025;12;25;15;16.51;16.51;
2025;12;25;16;14.42;14.42;
2025;12;25;17;17.00;17.00;
2025;12;25;18;13.24;13.24;
2025;12;25;19;14.30;14.30;
2025;12;25;20;13.00;13.00;
2025;12;25;21;14.16;14.16;
2025;12;25;22;17.63;17.63;
2025;12;25;23;21.67;21.67;
2025;12;25;24;22.54;22.54;
2025;12;25;25;15.81;15.81;
2025;12;25;26;18.40;18.40;
2025;12;25;27;24.86;24.86;
2025;12;25;28;22.90;22.90;
2025;12;25;29;25.01;25.01;
2025;12;25;30;31.60;31.60;
2025;12;25;31;28.40;28.40;
2025;12;25;32;30.66;30.66;
2025;12;25;33;25.01;25.01;
2025;12;25;34;32.73;32.73;
2025;12;25;35;38.88;38.88;
2025;12;25;36;46.14;46.14;
2025;12;25;37;50.01;50.01;
2025;12;25;38;39.79;39.79;
2025;12;25;39;38.45;38.45;
2025;12;25;40;30.50;30.50;
2025;12;25;41;50.20;50.20;
2025;12;25;42;31.99;31.99;
2025;12;25;43;33.60;33.60;
2025;12;25;44;27.01;27.01;
2025;12;25;45;30.93;30.93;
2025;12;25;46;27.63;27.63;
2025;12;25;47;27.26;27.26;
2025;12;25;48;28.00;28.00;
2025;12;25;49;26.77;26.77;
2025;12;25;50;29.01;29.01;
2025;12;25;51;35.88;35.88;
2025;12;25;52;37.20;37.20;
2025;12;25;53;30.88;30.88;
2025;12;25;54;32.05;32.05;
2025;12;25;55;30.00;30.00;
2025;12;25;56;30.98;30.98;
2025;12;25;57;19.01;19.01;
2025;12;25;58;22.09;22.09;
2025;12;25;59;26.45;26.45;
2025;12;25;60;30.10;30.10;
2025;12;25;61;30.01;30.01;
2025;12;25;62;36.89;36.89;
2025;12;25;63;34.50;34.50;
2025;12;25;64;44.20;44.20;
2025;12;25;65;47.05;47.05;
2025;12;25;66;60.40;60.40;
2025;12;25;67;70.99;70.99;
2025;12;25;68;82.88;82.88;
2025;12;25;69;82.36;82.36;
2025;12;25;70;88.74;88.74;
2025;12;25;71;92.41;92.41;
2025;12;25;72;96.16;96.16;
2025;12;25;73;93.90;93.90;
2025;12;25;74;95.00;95.00;
2025;12;25;75;96.16;96.16;
2025;12;25;76;99.82;99.82;
2025;12;25;77;87.02;87.02;
2025;12;25;78;88.57;88.57;
2025;12;25;79;91.50;91.50;
2025;12;25;80;90.01;90.01;
2025;12;25;81;90.75;90.75;
2025;12;25;82;91.10;91.10;
2025;12;25;83;90.13;90.13;
2025;12;25;84;91.34;91.34;
2025;12;25;85;90.11;90.11;
2025;12;25;86;90.11;90.11;
2025;12;25;87;90.11;90.11;
2025;12;25;88;86.44;86.44;
2025;12;25;89;92.26;92.26;
2025;12;25;90;91.22;91.22;
2025;12;25;91;91.00;91.00;
2025;12;25;92;88.09;88.09;
2025;12;25;93;91.03;91.03;
2025;12;25;94;88.70;88.70;
2025;12;25;95;89.53;89.53;
2025;12;25;96;84.00;84.00;
*
