MARGINALPIBC;
2025;05;09;1;41.28;40.57;
2025;05;09;2;40.01;27.46;
2025;05;09;3;29.27;16.14;
2025;05;09;4;21.27;7.50;
2025;05;09;5;40.10;14.97;
2025;05;09;6;40.01;12.99;
2025;05;09;7;28.09;12.15;
2025;05;09;8;25.09;8.36;
2025;05;09;9;39.42;15.00;
2025;05;09;10;34.41;14.00;
2025;05;09;11;28.01;13.00;
2025;05;09;12;27.41;10.86;
2025;05;09;13;30.36;13.70;
2025;05;09;14;25.26;13.58;
2025;05;09;15;25.26;10.11;
2025;05;09;16;25.26;9.58;
2025;05;09;17;25.36;7.52;
2025;05;09;18;25.26;7.52;
2025;05;09;19;26.36;8.64;
2025;05;09;20;26.36;12.42;
2025;05;09;21;25.36;7.00;
2025;05;09;22;26.36;9.73;
2025;05;09;23;30.36;14.00;
2025;05;09;24;30.36;21.13;
2025;05;09;25;18.27;18.27;
2025;05;09;26;28.33;28.33;
2025;05;09;27;40.01;40.01;
2025;05;09;28;60.00;60.00;
2025;05;09;29;49.37;49.37;
2025;05;09;30;59.37;59.37;
2025;05;09;31;62.03;62.03;
2025;05;09;32;49.38;49.38;
2025;05;09;33;74.99;74.99;
2025;05;09;34;58.01;58.01;
2025;05;09;35;30.58;30.58;
2025;05;09;36;7.00;7.00;
2025;05;09;37;62.86;62.86;
2025;05;09;38;40.56;36.78;
2025;05;09;39;40.56;10.94;
2025;05;09;40;32.61;.86;
2025;05;09;41;35.39;35.39;
2025;05;09;42;35.30;17.17;
2025;05;09;43;20.30;12.17;
2025;05;09;44;6.01;4.14;
2025;05;09;45;35.09;.85;
2025;05;09;46;31.09;.66;
2025;05;09;47;25.09;3.22;
2025;05;09;48;6.01;1.32;
2025;05;09;49;35.51;1.04;
2025;05;09;50;35.56;.65;
2025;05;09;51;33.56;.65;
2025;05;09;52;33.56;.65;
2025;05;09;53;38.26;.00;
2025;05;09;54;35.26;-2.00;
2025;05;09;55;20.25;-3.62;
2025;05;09;56;20.25;-2.05;
2025;05;09;57;29.94;3.52;
2025;05;09;58;20.09;3.36;
2025;05;09;59;25.09;2.09;
2025;05;09;60;31.09;3.52;
2025;05;09;61;30.09;1.99;
2025;05;09;62;26.09;1.27;
2025;05;09;63;25.09;1.09;
2025;05;09;64;25.09;.85;
2025;05;09;65;28.01;1.09;
2025;05;09;66;24.41;1.09;
2025;05;09;67;24.41;1.72;
2025;05;09;68;24.41;3.36;
2025;05;09;69;14.01;-.50;
2025;05;09;70;24.01;-1.54;
2025;05;09;71;27.01;.00;
2025;05;09;72;28.96;.85;
2025;05;09;73;6.01;-2.96;
2025;05;09;74;20.01;7.04;
2025;05;09;75;28.01;22.04;
2025;05;09;76;42.04;42.04;
2025;05;09;77;6.01;-1.54;
2025;05;09;78;20.08;7.00;
2025;05;09;79;40.01;40.01;
2025;05;09;80;70.00;70.00;
2025;05;09;81;10.45;10.45;
2025;05;09;82;36.42;36.42;
2025;05;09;83;58.20;58.20;
2025;05;09;84;75.99;75.99;
2025;05;09;85;80.37;80.37;
2025;05;09;86;85.27;85.27;
2025;05;09;87;85.27;85.27;
2025;05;09;88;80.37;80.37;
2025;05;09;89;75.99;75.99;
2025;05;09;90;68.19;68.19;
2025;05;09;91;62.64;62.64;
2025;05;09;92;57.64;57.64;
2025;05;09;93;58.54;58.54;
2025;05;09;94;49.76;49.76;
2025;05;09;95;41.32;41.32;
2025;05;09;96;32.97;32.97;
*
