MARGINALPIBC;
2025;07;03;1;111.96;111.96;
2025;07;03;2;111.96;111.96;
2025;07;03;3;109.72;109.72;
2025;07;03;4;104.12;104.12;
2025;07;03;5;110.00;110.00;
2025;07;03;6;108.00;108.00;
2025;07;03;7;105.00;105.00;
2025;07;03;8;102.30;102.30;
2025;07;03;9;107.13;107.13;
2025;07;03;10;105.12;105.12;
2025;07;03;11;102.13;102.13;
2025;07;03;12;99.12;99.12;
2025;07;03;13;96.90;96.90;
2025;07;03;14;96.90;96.90;
2025;07;03;15;94.91;94.91;
2025;07;03;16;93.91;93.91;
2025;07;03;17;91.21;91.21;
2025;07;03;18;91.00;91.00;
2025;07;03;19;91.21;91.21;
2025;07;03;20;91.21;91.21;
2025;07;03;21;97.35;97.35;
2025;07;03;22;96.51;96.51;
2025;07;03;23;96.25;96.25;
2025;07;03;24;99.18;99.18;
2025;07;03;25;103.95;103.95;
2025;07;03;26;105.24;105.24;
2025;07;03;27;107.61;107.61;
2025;07;03;28;109.98;109.98;
2025;07;03;29;111.51;111.51;
2025;07;03;30;112.99;112.99;
2025;07;03;31;111.51;111.51;
2025;07;03;32;107.42;107.42;
2025;07;03;33;109.79;109.79;
2025;07;03;34;104.90;104.90;
2025;07;03;35;95.40;95.40;
2025;07;03;36;78.71;78.71;
2025;07;03;37;77.94;77.94;
2025;07;03;38;73.00;73.00;
2025;07;03;39;70.58;70.58;
2025;07;03;40;68.57;68.57;
2025;07;03;41;68.92;68.92;
2025;07;03;42;67.42;67.42;
2025;07;03;43;67.33;67.33;
2025;07;03;44;66.81;66.81;
2025;07;03;45;56.58;56.58;
2025;07;03;46;56.58;56.58;
2025;07;03;47;56.08;56.08;
2025;07;03;48;55.83;55.83;
2025;07;03;49;44.16;44.16;
2025;07;03;50;45.06;45.06;
2025;07;03;51;47.16;47.16;
2025;07;03;52;47.16;47.16;
2025;07;03;53;38.20;38.20;
2025;07;03;54;41.91;41.91;
2025;07;03;55;42.20;42.20;
2025;07;03;56;42.20;42.20;
2025;07;03;57;40.13;40.13;
2025;07;03;58;41.63;41.63;
2025;07;03;59;44.63;44.63;
2025;07;03;60;44.63;44.63;
2025;07;03;61;57.67;57.67;
2025;07;03;62;58.67;58.67;
2025;07;03;63;61.67;61.67;
2025;07;03;64;61.67;61.67;
2025;07;03;65;64.71;64.71;
2025;07;03;66;65.21;65.21;
2025;07;03;67;66.21;66.21;
2025;07;03;68;69.71;69.71;
2025;07;03;69;80.09;80.09;
2025;07;03;70;81.00;81.00;
2025;07;03;71;86.00;86.00;
2025;07;03;72;88.09;88.09;
2025;07;03;73;78.00;78.00;
2025;07;03;74;88.56;88.56;
2025;07;03;75;94.35;94.35;
2025;07;03;76;97.79;97.79;
2025;07;03;77;80.34;80.34;
2025;07;03;78;91.92;91.92;
2025;07;03;79;106.58;106.58;
2025;07;03;80;112.88;112.88;
2025;07;03;81;81.76;81.76;
2025;07;03;82;108.72;108.72;
2025;07;03;83;117.81;117.81;
2025;07;03;84;121.31;121.31;
2025;07;03;85;132.59;132.59;
2025;07;03;86;133.24;133.24;
2025;07;03;87;135.30;135.30;
2025;07;03;88;134.60;134.60;
2025;07;03;89;135.34;135.34;
2025;07;03;90;133.17;133.17;
2025;07;03;91;129.11;129.11;
2025;07;03;92;120.84;120.84;
2025;07;03;93;119.35;119.35;
2025;07;03;94;114.97;114.97;
2025;07;03;95;111.36;111.36;
2025;07;03;96;99.44;99.44;
*
