MARGINALPIBC;
2026;06;29;1;109.71;109.71;
2026;06;29;2;110.83;110.83;
2026;06;29;3;106.63;106.63;
2026;06;29;4;110.90;110.90;
2026;06;29;5;113.69;113.69;
2026;06;29;6;110.64;110.64;
2026;06;29;7;111.78;111.78;
2026;06;29;8;110.00;110.00;
2026;06;29;9;111.42;111.42;
2026;06;29;10;112.04;112.04;
2026;06;29;11;109.22;109.22;
2026;06;29;12;107.52;107.52;
2026;06;29;13;109.68;109.68;
2026;06;29;14;107.23;107.23;
2026;06;29;15;107.90;107.90;
2026;06;29;16;104.00;104.00;
2026;06;29;17;100.50;100.50;
2026;06;29;18;100.50;100.50;
2026;06;29;19;100.26;100.26;
2026;06;29;20;100.26;100.26;
2026;06;29;21;100.50;100.50;
2026;06;29;22;104.47;104.47;
2026;06;29;23;105.00;105.00;
2026;06;29;24;109.57;109.57;
2026;06;29;25;96.49;96.49;
2026;06;29;26;103.46;103.46;
2026;06;29;27;103.46;103.46;
2026;06;29;28;104.19;104.19;
2026;06;29;29;109.57;109.57;
2026;06;29;30;109.57;109.57;
2026;06;29;31;106.62;106.62;
2026;06;29;32;97.03;97.03;
2026;06;29;33;98.27;98.27;
2026;06;29;34;94.50;94.50;
2026;06;29;35;75.99;75.99;
2026;06;29;36;50.56;50.56;
2026;06;29;37;64.55;64.55;
2026;06;29;38;45.87;45.87;
2026;06;29;39;45.13;45.13;
2026;06;29;40;30.59;30.59;
2026;06;29;41;41.93;41.93;
2026;06;29;42;41.75;41.75;
2026;06;29;43;35.44;35.44;
2026;06;29;44;29.85;29.85;
2026;06;29;45;29.38;29.38;
2026;06;29;46;30.32;30.32;
2026;06;29;47;29.53;29.53;
2026;06;29;48;30.41;30.41;
2026;06;29;49;31.75;31.75;
2026;06;29;50;33.37;33.37;
2026;06;29;51;39.90;39.90;
2026;06;29;52;49.99;49.99;
2026;06;29;53;69.00;69.00;
2026;06;29;54;71.28;71.28;
2026;06;29;55;78.17;78.17;
2026;06;29;56;80.00;80.00;
2026;06;29;57;84.31;84.31;
2026;06;29;58;85.14;85.14;
2026;06;29;59;89.80;89.80;
2026;06;29;60;90.00;90.00;
2026;06;29;61;88.25;88.25;
2026;06;29;62;90.90;90.90;
2026;06;29;63;92.35;92.35;
2026;06;29;64;93.64;93.64;
2026;06;29;65;95.15;95.15;
2026;06;29;66;95.94;95.94;
2026;06;29;67;94.55;94.55;
2026;06;29;68;94.58;94.58;
2026;06;29;69;92.89;92.89;
2026;06;29;70;93.53;93.53;
2026;06;29;71;94.15;94.15;
2026;06;29;72;95.56;95.56;
2026;06;29;73;76.97;76.97;
2026;06;29;74;79.50;79.50;
2026;06;29;75;85.90;85.90;
2026;06;29;76;85.00;85.00;
2026;06;29;77;75.58;75.58;
2026;06;29;78;61.75;61.75;
2026;06;29;79;67.01;67.01;
2026;06;29;80;97.54;97.54;
2026;06;29;81;105.88;105.88;
2026;06;29;82;121.24;121.24;
2026;06;29;83;132.14;132.14;
2026;06;29;84;142.47;142.47;
2026;06;29;85;149.47;149.47;
2026;06;29;86;153.24;165.61;
2026;06;29;87;125.47;177.65;
2026;06;29;88;150.70;150.70;
2026;06;29;89;150.03;150.03;
2026;06;29;90;146.70;146.70;
2026;06;29;91;136.28;136.28;
2026;06;29;92;124.19;124.19;
2026;06;29;93;125.47;125.47;
2026;06;29;94;123.07;123.07;
2026;06;29;95;116.85;116.85;
2026;06;29;96;113.12;113.12;
*
