MARGINALPIBC;
2025;06;14;1;106.35;106.35;
2025;06;14;2;105.13;105.13;
2025;06;14;3;105.02;105.02;
2025;06;14;4;104.52;104.52;
2025;06;14;5;104.95;104.95;
2025;06;14;6;104.70;104.70;
2025;06;14;7;104.22;104.22;
2025;06;14;8;102.00;102.00;
2025;06;14;9;104.80;104.80;
2025;06;14;10;104.31;104.31;
2025;06;14;11;102.00;102.00;
2025;06;14;12;101.36;101.36;
2025;06;14;13;103.53;103.53;
2025;06;14;14;102.00;102.00;
2025;06;14;15;102.00;102.00;
2025;06;14;16;100.00;100.00;
2025;06;14;17;100.70;100.70;
2025;06;14;18;101.00;101.00;
2025;06;14;19;100.70;100.70;
2025;06;14;20;102.00;102.00;
2025;06;14;21;100.00;100.00;
2025;06;14;22;100.00;100.00;
2025;06;14;23;101.71;101.71;
2025;06;14;24;102.00;102.00;
2025;06;14;25;102.13;102.13;
2025;06;14;26;104.24;104.24;
2025;06;14;27;104.24;104.24;
2025;06;14;28;104.73;104.73;
2025;06;14;29;103.15;103.15;
2025;06;14;30;101.90;101.90;
2025;06;14;31;99.90;99.90;
2025;06;14;32;85.91;85.91;
2025;06;14;33;94.01;94.01;
2025;06;14;34;76.81;76.81;
2025;06;14;35;51.71;51.71;
2025;06;14;36;42.21;42.21;
2025;06;14;37;27.89;27.89;
2025;06;14;38;14.28;10.48;
2025;06;14;39;14.28;-3.43;
2025;06;14;40;14.21;-8.49;
2025;06;14;41;7.85;7.85;
2025;06;14;42;4.31;.65;
2025;06;14;43;4.31;-3.62;
2025;06;14;44;4.31;-7.00;
2025;06;14;45;3.16;.00;
2025;06;14;46;2.50;.00;
2025;06;14;47;2.50;-.01;
2025;06;14;48;2.50;-.01;
2025;06;14;49;2.50;-.07;
2025;06;14;50;2.50;-.07;
2025;06;14;51;2.50;-.07;
2025;06;14;52;2.50;-.07;
2025;06;14;53;3.90;-.01;
2025;06;14;54;3.90;-.01;
2025;06;14;55;3.90;-.01;
2025;06;14;56;3.90;-.01;
2025;06;14;57;4.31;-.50;
2025;06;14;58;2.50;-.50;
2025;06;14;59;2.50;-.57;
2025;06;14;60;2.50;-.65;
2025;06;14;61;3.00;-1.21;
2025;06;14;62;0.56;-1.21;
2025;06;14;63;0.22;-1.21;
2025;06;14;64;0.22;.00;
2025;06;14;65;0.00;-5.37;
2025;06;14;66;0.00;-2.01;
2025;06;14;67;0.00;.00;
2025;06;14;68;0.65;.65;
2025;06;14;69;-5.14;-25.00;
2025;06;14;70;-5.00;-5.00;
2025;06;14;71;0.65;.65;
2025;06;14;72;0.85;.85;
2025;06;14;73;5.00;5.00;
2025;06;14;74;6.17;6.17;
2025;06;14;75;11.71;11.71;
2025;06;14;76;21.56;21.56;
2025;06;14;77;38.26;16.30;
2025;06;14;78;39.22;39.22;
2025;06;14;79;46.27;46.27;
2025;06;14;80;79.41;79.41;
2025;06;14;81;59.01;59.01;
2025;06;14;82;81.10;81.10;
2025;06;14;83;98.17;98.17;
2025;06;14;84;102.16;102.16;
2025;06;14;85;100.26;100.26;
2025;06;14;86;101.96;101.96;
2025;06;14;87;102.11;102.11;
2025;06;14;88;102.00;102.00;
2025;06;14;89;105.87;105.87;
2025;06;14;90;104.80;104.80;
2025;06;14;91;105.87;105.87;
2025;06;14;92;103.21;103.21;
2025;06;14;93;102.66;102.66;
2025;06;14;94;100.98;100.98;
2025;06;14;95;100.42;100.42;
2025;06;14;96;97.48;97.48;
*
