MARGINALPIBC;
2025;02;18;1;115.27;115.27;
2025;02;18;2;107.50;107.50;
2025;02;18;3;98.10;98.10;
2025;02;18;4;90.88;90.88;
2025;02;18;5;77.90;77.90;
2025;02;18;6;69.98;69.98;
2025;02;18;7;100.01;100.01;
2025;02;18;8;100.00;100.00;
2025;02;18;9;114.10;114.10;
2025;02;18;10;81.99;81.99;
2025;02;18;11;69.36;69.36;
2025;02;18;12;49.75;49.75;
2025;02;18;13;18.35;18.35;
2025;02;18;14;7.18;7.18;
2025;02;18;15;10.14;10.14;
2025;02;18;16;26.11;26.11;
2025;02;18;17;60.51;60.51;
2025;02;18;18;75.77;75.77;
2025;02;18;19;115.00;115.00;
2025;02;18;20;159.59;159.59;
2025;02;18;21;139.41;139.41;
2025;02;18;22;128.54;128.54;
2025;02;18;23;123.02;123.02;
2025;02;18;24;115.65;115.65;
*
