MARGINALPIBC;
2025;01;20;1;122.92;122.92;
2025;01;20;2;120.07;120.07;
2025;01;20;3;121.67;121.67;
2025;01;20;4;119.11;119.11;
2025;01;20;5;117.45;117.45;
2025;01;20;6;118.10;118.10;
2025;01;20;7;136.00;136.00;
2025;01;20;8;149.99;149.99;
2025;01;20;9;156.06;156.06;
2025;01;20;10;157.15;157.15;
2025;01;20;11;159.09;159.09;
2025;01;20;12;155.00;155.00;
2025;01;20;13;155.00;155.00;
2025;01;20;14;155.50;155.50;
2025;01;20;15;155.51;155.51;
2025;01;20;16;156.68;156.68;
2025;01;20;17;155.11;155.11;
2025;01;20;18;159.34;159.34;
2025;01;20;19;157.52;157.52;
2025;01;20;20;160.74;160.74;
2025;01;20;21;166.80;166.80;
2025;01;20;22;169.50;169.50;
2025;01;20;23;152.58;152.58;
2025;01;20;24;136.71;136.71;
*
