MARGINALPIBC;
2025;04;25;1;76.20;76.20;
2025;04;25;2;79.74;79.74;
2025;04;25;3;77.57;77.57;
2025;04;25;4;74.24;74.24;
2025;04;25;5;70.51;70.51;
2025;04;25;6;66.01;66.01;
2025;04;25;7;66.47;66.47;
2025;04;25;8;65.01;65.01;
2025;04;25;9;69.40;69.40;
2025;04;25;10;69.40;69.40;
2025;04;25;11;69.39;69.39;
2025;04;25;12;69.24;69.24;
2025;04;25;13;61.31;61.31;
2025;04;25;14;61.31;61.31;
2025;04;25;15;61.31;61.31;
2025;04;25;16;60.31;60.31;
2025;04;25;17;65.20;65.20;
2025;04;25;18;65.20;65.20;
2025;04;25;19;65.20;65.20;
2025;04;25;20;65.20;65.20;
2025;04;25;21;71.00;71.00;
2025;04;25;22;72.99;72.99;
2025;04;25;23;72.99;72.99;
2025;04;25;24;72.99;74.12;
2025;04;25;25;71.00;86.25;
2025;04;25;26;72.84;91.70;
2025;04;25;27;70.99;90.55;
2025;04;25;28;70.99;92.52;
2025;04;25;29;81.52;111.39;
2025;04;25;30;81.51;113.36;
2025;04;25;31;80.52;110.84;
2025;04;25;32;79.52;109.23;
2025;04;25;33;78.87;108.00;
2025;04;25;34;76.88;99.85;
2025;04;25;35;73.87;93.50;
2025;04;25;36;73.87;85.95;
2025;04;25;37;70.50;70.50;
2025;04;25;38;47.50;47.50;
2025;04;25;39;39.02;39.02;
2025;04;25;40;20.01;20.01;
2025;04;25;41;20.01;20.01;
2025;04;25;42;15.00;15.00;
2025;04;25;43;12.05;12.05;
2025;04;25;44;10.00;10.00;
2025;04;25;45;2.76;2.76;
2025;04;25;46;0.97;.97;
2025;04;25;47;0.65;.65;
2025;04;25;48;0.65;.65;
2025;04;25;49;0.00;.00;
2025;04;25;50;0.00;.00;
2025;04;25;51;0.00;.00;
2025;04;25;52;0.00;.00;
2025;04;25;53;0.00;.00;
2025;04;25;54;0.00;.00;
2025;04;25;55;0.00;.00;
2025;04;25;56;0.00;.00;
2025;04;25;57;0.00;.00;
2025;04;25;58;0.00;.00;
2025;04;25;59;-0.01;-.01;
2025;04;25;60;-0.01;-.01;
2025;04;25;61;0.00;.00;
2025;04;25;62;-0.07;-.07;
2025;04;25;63;-0.12;-.12;
2025;04;25;64;-0.12;-.12;
2025;04;25;65;-0.21;-.21;
2025;04;25;66;-0.21;-.21;
2025;04;25;67;-0.21;-.21;
2025;04;25;68;-0.21;-.21;
2025;04;25;69;-0.01;-.01;
2025;04;25;70;0.00;.00;
2025;04;25;71;0.00;.00;
2025;04;25;72;0.00;.00;
2025;04;25;73;0.00;.00;
2025;04;25;74;0.00;.00;
2025;04;25;75;0.00;.00;
2025;04;25;76;0.85;.85;
2025;04;25;77;5.24;5.24;
2025;04;25;78;13.01;13.01;
2025;04;25;79;25.08;25.08;
2025;04;25;80;40.98;40.98;
2025;04;25;81;20.01;59.50;
2025;04;25;82;39.03;72.89;
2025;04;25;83;44.02;85.43;
2025;04;25;84;44.03;87.68;
2025;04;25;85;42.46;104.63;
2025;04;25;86;42.47;102.52;
2025;04;25;87;44.47;100.00;
2025;04;25;88;42.47;90.23;
2025;04;25;89;45.47;77.74;
2025;04;25;90;42.46;77.00;
2025;04;25;91;42.46;70.00;
2025;04;25;92;40.99;66.45;
2025;04;25;93;40.70;40.70;
2025;04;25;94;39.70;39.70;
2025;04;25;95;35.70;35.70;
2025;04;25;96;33.70;33.70;
*
