MARGINALPIBC;
2025;03;07;1;72.33;72.33;
2025;03;07;2;61.14;61.14;
2025;03;07;3;56.93;56.93;
2025;03;07;4;51.17;51.17;
2025;03;07;5;53.08;53.08;
2025;03;07;6;56.20;56.20;
2025;03;07;7;57.98;57.98;
2025;03;07;8;77.10;77.10;
2025;03;07;9;77.14;77.14;
2025;03;07;10;62.27;62.27;
2025;03;07;11;60.32;60.32;
2025;03;07;12;35.00;35.00;
2025;03;07;13;20.47;20.47;
2025;03;07;14;9.60;9.60;
2025;03;07;15;23.89;20.90;
2025;03;07;16;19.68;19.68;
2025;03;07;17;25.34;25.34;
2025;03;07;18;32.75;32.75;
2025;03;07;19;53.33;53.33;
2025;03;07;20;54.20;54.20;
2025;03;07;21;61.10;61.10;
2025;03;07;22;57.30;57.30;
2025;03;07;23;55.00;55.00;
2025;03;07;24;43.99;43.99;
*
