MARGINALPIBC;
2026;05;09;1;89.85;101.02;
2026;05;09;2;89.37;100.42;
2026;05;09;3;77.00;84.00;
2026;05;09;4;73.50;73.49;
2026;05;09;5;71.59;70.64;
2026;05;09;6;70.54;69.92;
2026;05;09;7;69.73;69.68;
2026;05;09;8;61.44;66.44;
2026;05;09;9;63.00;69.44;
2026;05;09;10;40.98;50.72;
2026;05;09;11;30.01;42.33;
2026;05;09;12;30.01;33.02;
2026;05;09;13;35.00;29.08;
2026;05;09;14;35.00;15.20;
2026;05;09;15;35.00;22.74;
2026;05;09;16;35.00;15.00;
2026;05;09;17;35.17;23.01;
2026;05;09;18;38.01;18.41;
2026;05;09;19;40.01;15.11;
2026;05;09;20;40.01;13.27;
2026;05;09;21;40.02;16.15;
2026;05;09;22;40.01;15.01;
2026;05;09;23;40.02;16.13;
2026;05;09;24;40.01;16.01;
2026;05;09;25;40.02;24.03;
2026;05;09;26;40.60;35.00;
2026;05;09;27;40.90;36.32;
2026;05;09;28;41.22;39.78;
2026;05;09;29;47.74;50.10;
2026;05;09;30;46.00;49.06;
2026;05;09;31;46.00;49.99;
2026;05;09;32;44.70;44.01;
2026;05;09;33;50.50;57.42;
2026;05;09;34;42.00;45.75;
2026;05;09;35;41.02;44.35;
2026;05;09;36;49.78;35.01;
2026;05;09;37;50.01;35.01;
2026;05;09;38;50.01;29.18;
2026;05;09;39;40.17;25.89;
2026;05;09;40;39.52;8.30;
2026;05;09;41;38.78;25.94;
2026;05;09;42;30.10;12.03;
2026;05;09;43;30.01;5.00;
2026;05;09;44;25.01;3.21;
2026;05;09;45;15.41;1.41;
2026;05;09;46;13.08;3.08;
2026;05;09;47;9.51;1.68;
2026;05;09;48;6.10;.93;
2026;05;09;49;3.84;.84;
2026;05;09;50;3.84;.84;
2026;05;09;51;3.84;.84;
2026;05;09;52;3.51;.84;
2026;05;09;53;3.51;.51;
2026;05;09;54;4.01;.84;
2026;05;09;55;3.01;.01;
2026;05;09;56;3.00;.84;
2026;05;09;57;3.00;.01;
2026;05;09;58;3.00;.00;
2026;05;09;59;3.00;.00;
2026;05;09;60;3.00;.00;
2026;05;09;61;3.00;.00;
2026;05;09;62;3.00;.00;
2026;05;09;63;4.00;.01;
2026;05;09;64;5.00;.84;
2026;05;09;65;5.05;.84;
2026;05;09;66;4.01;.84;
2026;05;09;67;3.29;.84;
2026;05;09;68;4.02;.84;
2026;05;09;69;4.01;.84;
2026;05;09;70;4.51;.84;
2026;05;09;71;4.84;1.84;
2026;05;09;72;6.10;3.08;
2026;05;09;73;13.08;3.08;
2026;05;09;74;16.48;.00;
2026;05;09;75;30.01;.00;
2026;05;09;76;33.65;5.00;
2026;05;09;77;36.91;11.91;
2026;05;09;78;40.01;15.00;
2026;05;09;79;36.71;42.01;
2026;05;09;80;63.77;69.44;
2026;05;09;81;50.15;57.00;
2026;05;09;82;67.12;69.44;
2026;05;09;83;69.99;73.26;
2026;05;09;84;79.67;91.34;
2026;05;09;85;80.01;102.00;
2026;05;09;86;80.01;104.31;
2026;05;09;87;83.53;105.21;
2026;05;09;88;83.53;101.24;
2026;05;09;89;83.53;94.53;
2026;05;09;90;80.00;92.29;
2026;05;09;91;80.00;91.00;
2026;05;09;92;75.00;81.08;
2026;05;09;93;72.06;79.13;
2026;05;09;94;70.48;70.64;
2026;05;09;95;70.48;70.16;
2026;05;09;96;65.00;69.44;
*
