MARGINALPIBC;
2025;07;22;1;121.69;121.69;
2025;07;22;2;119.90;119.90;
2025;07;22;3;116.59;116.59;
2025;07;22;4;107.70;107.70;
2025;07;22;5;114.66;114.66;
2025;07;22;6;112.66;112.66;
2025;07;22;7;111.67;111.67;
2025;07;22;8;107.56;107.56;
2025;07;22;9;100.00;100.00;
2025;07;22;10;99.01;99.01;
2025;07;22;11;97.05;97.05;
2025;07;22;12;95.00;95.00;
2025;07;22;13;99.62;99.62;
2025;07;22;14;99.63;99.63;
2025;07;22;15;99.63;99.63;
2025;07;22;16;100.00;100.00;
2025;07;22;17;95.00;95.00;
2025;07;22;18;97.93;97.93;
2025;07;22;19;98.97;98.97;
2025;07;22;20;99.96;99.96;
2025;07;22;21;99.41;99.41;
2025;07;22;22;100.00;100.00;
2025;07;22;23;102.40;102.40;
2025;07;22;24;107.40;107.40;
2025;07;22;25;106.56;106.56;
2025;07;22;26;113.57;113.57;
2025;07;22;27;115.55;115.55;
2025;07;22;28;119.90;119.90;
2025;07;22;29;120.76;120.76;
2025;07;22;30;120.78;120.78;
2025;07;22;31;120.76;120.76;
2025;07;22;32;115.66;115.66;
2025;07;22;33;116.62;116.62;
2025;07;22;34;108.80;108.80;
2025;07;22;35;91.30;91.30;
2025;07;22;36;61.33;61.33;
2025;07;22;37;88.04;88.04;
2025;07;22;38;80.51;80.51;
2025;07;22;39;54.56;54.56;
2025;07;22;40;36.66;36.66;
2025;07;22;41;53.51;53.51;
2025;07;22;42;42.17;42.17;
2025;07;22;43;36.66;36.66;
2025;07;22;44;31.46;31.46;
2025;07;22;45;49.76;49.76;
2025;07;22;46;42.52;42.52;
2025;07;22;47;40.01;40.01;
2025;07;22;48;37.52;37.52;
2025;07;22;49;47.52;47.52;
2025;07;22;50;45.85;45.85;
2025;07;22;51;47.61;47.61;
2025;07;22;52;46.10;46.10;
2025;07;22;53;42.72;42.72;
2025;07;22;54;45.10;45.10;
2025;07;22;55;45.10;45.10;
2025;07;22;56;42.46;42.46;
2025;07;22;57;44.06;44.06;
2025;07;22;58;47.48;47.48;
2025;07;22;59;47.48;47.48;
2025;07;22;60;42.26;42.26;
2025;07;22;61;42.43;42.43;
2025;07;22;62;42.25;42.25;
2025;07;22;63;40.44;40.44;
2025;07;22;64;38.06;38.06;
2025;07;22;65;36.11;36.11;
2025;07;22;66;36.11;36.11;
2025;07;22;67;45.63;45.63;
2025;07;22;68;55.67;55.67;
2025;07;22;69;31.35;31.35;
2025;07;22;70;35.01;35.01;
2025;07;22;71;40.02;40.02;
2025;07;22;72;53.67;53.67;
2025;07;22;73;28.88;28.88;
2025;07;22;74;36.83;36.83;
2025;07;22;75;51.93;51.93;
2025;07;22;76;72.73;72.73;
2025;07;22;77;35.00;35.00;
2025;07;22;78;40.00;40.00;
2025;07;22;79;79.53;79.53;
2025;07;22;80;89.70;89.70;
2025;07;22;81;75.08;75.08;
2025;07;22;82;103.92;103.92;
2025;07;22;83;118.92;118.92;
2025;07;22;84;128.80;128.80;
2025;07;22;85;130.83;130.83;
2025;07;22;86;136.84;136.84;
2025;07;22;87;138.83;138.83;
2025;07;22;88;138.83;138.83;
2025;07;22;89;135.05;135.05;
2025;07;22;90;134.95;134.95;
2025;07;22;91;130.05;130.05;
2025;07;22;92;126.05;126.05;
2025;07;22;93;119.90;119.90;
2025;07;22;94;115.29;115.29;
2025;07;22;95;113.93;113.93;
2025;07;22;96;109.39;109.39;
*
