MARGINALPIBC;
2025;06;25;1;136.80;136.80;
2025;06;25;2;132.68;132.68;
2025;06;25;3;129.80;129.80;
2025;06;25;4;128.93;128.93;
2025;06;25;5;124.42;124.42;
2025;06;25;6;122.71;122.71;
2025;06;25;7;120.04;120.04;
2025;06;25;8;118.37;118.37;
2025;06;25;9;117.67;117.67;
2025;06;25;10;117.26;117.26;
2025;06;25;11;116.61;116.61;
2025;06;25;12;116.61;116.61;
2025;06;25;13;116.31;116.31;
2025;06;25;14;116.31;116.31;
2025;06;25;15;116.46;116.46;
2025;06;25;16;116.53;116.53;
2025;06;25;17;116.46;116.46;
2025;06;25;18;116.66;116.66;
2025;06;25;19;117.46;117.46;
2025;06;25;20;118.46;118.46;
2025;06;25;21;116.04;116.04;
2025;06;25;22;116.64;116.64;
2025;06;25;23;117.14;117.14;
2025;06;25;24;119.74;119.74;
2025;06;25;25;120.44;120.44;
2025;06;25;26;123.68;123.68;
2025;06;25;27;126.44;126.44;
2025;06;25;28;133.34;133.34;
2025;06;25;29;132.11;132.11;
2025;06;25;30;131.47;131.47;
2025;06;25;31;130.21;130.21;
2025;06;25;32;125.21;125.21;
2025;06;25;33;129.80;129.80;
2025;06;25;34;117.80;117.80;
2025;06;25;35;107.29;107.29;
2025;06;25;36;95.58;95.58;
2025;06;25;37;103.41;103.41;
2025;06;25;38;92.93;92.93;
2025;06;25;39;85.23;85.23;
2025;06;25;40;79.23;79.23;
2025;06;25;41;70.13;70.13;
2025;06;25;42;52.63;52.63;
2025;06;25;43;47.63;47.63;
2025;06;25;44;45.06;45.06;
2025;06;25;45;41.97;41.97;
2025;06;25;46;32.98;32.98;
2025;06;25;47;29.13;29.13;
2025;06;25;48;28.14;28.14;
2025;06;25;49;28.02;28.02;
2025;06;25;50;24.98;24.98;
2025;06;25;51;22.50;22.50;
2025;06;25;52;16.50;16.50;
2025;06;25;53;19.07;19.07;
2025;06;25;54;11.29;11.29;
2025;06;25;55;11.91;11.91;
2025;06;25;56;8.68;8.68;
2025;06;25;57;8.52;8.52;
2025;06;25;58;7.52;7.52;
2025;06;25;59;6.52;6.52;
2025;06;25;60;4.77;4.77;
2025;06;25;61;3.59;3.59;
2025;06;25;62;3.59;3.59;
2025;06;25;63;3.59;3.59;
2025;06;25;64;3.59;3.59;
2025;06;25;65;3.77;3.77;
2025;06;25;66;4.02;4.02;
2025;06;25;67;4.02;4.02;
2025;06;25;68;4.67;4.67;
2025;06;25;69;5.40;5.40;
2025;06;25;70;7.90;7.90;
2025;06;25;71;15.54;15.54;
2025;06;25;72;40.02;40.02;
2025;06;25;73;35.00;35.00;
2025;06;25;74;38.50;38.50;
2025;06;25;75;55.00;55.00;
2025;06;25;76;84.50;84.50;
2025;06;25;77;51.98;51.98;
2025;06;25;78;80.01;80.01;
2025;06;25;79;98.16;98.16;
2025;06;25;80;111.80;111.80;
2025;06;25;81;92.56;92.56;
2025;06;25;82;113.26;113.26;
2025;06;25;83;126.26;126.26;
2025;06;25;84;141.76;141.76;
2025;06;25;85;145.00;145.00;
2025;06;25;86;150.00;150.00;
2025;06;25;87;152.01;152.01;
2025;06;25;88;152.28;152.28;
2025;06;25;89;154.52;154.52;
2025;06;25;90;154.52;154.52;
2025;06;25;91;152.64;152.64;
2025;06;25;92;149.52;149.52;
2025;06;25;93;137.91;137.91;
2025;06;25;94;132.26;132.26;
2025;06;25;95;125.21;125.21;
2025;06;25;96;125.21;125.21;
*
