MARGINALPIBC;
2025;05;05;1;52.78;28.11;
2025;05;05;2;52.78;28.10;
2025;05;05;3;52.78;18.10;
2025;05;05;4;52.78;8.10;
2025;05;05;5;52.56;20.38;
2025;05;05;6;52.56;20.37;
2025;05;05;7;52.56;18.44;
2025;05;05;8;52.56;10.37;
2025;05;05;9;52.56;17.77;
2025;05;05;10;52.56;15.79;
2025;05;05;11;52.56;15.78;
2025;05;05;12;52.56;15.28;
2025;05;05;13;52.56;12.20;
2025;05;05;14;52.56;12.20;
2025;05;05;15;52.56;11.70;
2025;05;05;16;52.56;7.20;
2025;05;05;17;52.56;9.49;
2025;05;05;18;52.56;9.49;
2025;05;05;19;52.56;9.49;
2025;05;05;20;52.56;9.49;
2025;05;05;21;50.73;12.43;
2025;05;05;22;50.73;14.94;
2025;05;05;23;50.73;15.70;
2025;05;05;24;50.73;24.00;
2025;05;05;25;48.56;12.64;
2025;05;05;26;48.56;22.39;
2025;05;05;27;52.56;23.39;
2025;05;05;28;52.56;32.00;
2025;05;05;29;36.00;25.00;
2025;05;05;30;36.00;34.00;
2025;05;05;31;36.00;35.00;
2025;05;05;32;36.00;35.00;
2025;05;05;33;45.00;45.00;
2025;05;05;34;44.56;44.56;
2025;05;05;35;44.56;35.00;
2025;05;05;36;44.56;19.58;
2025;05;05;37;52.56;44.34;
2025;05;05;38;52.56;26.30;
2025;05;05;39;52.56;13.80;
2025;05;05;40;52.56;-.01;
2025;05;05;41;50.43;3.52;
2025;05;05;42;50.43;3.52;
2025;05;05;43;50.43;1.00;
2025;05;05;44;46.43;-.06;
2025;05;05;45;62.83;.00;
2025;05;05;46;62.83;.00;
2025;05;05;47;62.83;-.01;
2025;05;05;48;62.78;-.01;
2025;05;05;49;52.60;-.13;
2025;05;05;50;49.60;-.50;
2025;05;05;51;48.60;-.98;
2025;05;05;52;48.60;-.99;
2025;05;05;53;52.56;-1.54;
2025;05;05;54;48.56;-1.54;
2025;05;05;55;48.56;-1.54;
2025;05;05;56;48.56;-1.54;
2025;05;05;57;46.27;-1.54;
2025;05;05;58;43.27;-1.54;
2025;05;05;59;42.27;-1.54;
2025;05;05;60;42.27;-1.54;
2025;05;05;61;38.17;-1.54;
2025;05;05;62;38.17;-2.50;
2025;05;05;63;34.17;-3.00;
2025;05;05;64;34.17;-3.00;
2025;05;05;65;35.36;-4.00;
2025;05;05;66;31.36;-4.00;
2025;05;05;67;31.36;-4.00;
2025;05;05;68;31.36;-3.89;
2025;05;05;69;35.36;-7.00;
2025;05;05;70;35.36;-4.00;
2025;05;05;71;35.36;-1.54;
2025;05;05;72;31.36;-1.54;
2025;05;05;73;32.01;-7.00;
2025;05;05;74;32.01;-1.14;
2025;05;05;75;36.01;-.13;
2025;05;05;76;36.01;-.01;
2025;05;05;77;48.56;-7.00;
2025;05;05;78;48.56;-.01;
2025;05;05;79;52.56;1.72;
2025;05;05;80;65.90;3.52;
2025;05;05;81;44.23;.00;
2025;05;05;82;48.23;7.89;
2025;05;05;83;48.23;14.91;
2025;05;05;84;65.90;30.00;
2025;05;05;85;52.56;28.10;
2025;05;05;86;52.56;28.10;
2025;05;05;87;52.56;28.10;
2025;05;05;88;52.56;18.00;
2025;05;05;89;52.56;18.56;
2025;05;05;90;52.56;14.00;
2025;05;05;91;52.56;16.06;
2025;05;05;92;52.56;8.00;
2025;05;05;93;65.90;12.20;
2025;05;05;94;50.73;10.20;
2025;05;05;95;50.73;3.21;
2025;05;05;96;50.73;.63;
*
