MARGINALPIBC;
2025;10;09;1;95.69;95.69;
2025;10;09;2;95.02;95.02;
2025;10;09;3;88.00;88.00;
2025;10;09;4;82.08;82.08;
2025;10;09;5;88.50;88.50;
2025;10;09;6;83.68;83.68;
2025;10;09;7;83.42;83.42;
2025;10;09;8;80.00;80.00;
2025;10;09;9;86.22;86.22;
2025;10;09;10;84.21;84.21;
2025;10;09;11;80.40;80.40;
2025;10;09;12;77.55;77.55;
2025;10;09;13;79.41;79.41;
2025;10;09;14;75.00;75.00;
2025;10;09;15;74.99;74.99;
2025;10;09;16;72.69;72.69;
2025;10;09;17;73.01;73.01;
2025;10;09;18;72.25;72.25;
2025;10;09;19;72.56;72.56;
2025;10;09;20;74.99;74.99;
2025;10;09;21;68.66;68.66;
2025;10;09;22;73.01;73.01;
2025;10;09;23;77.13;77.13;
2025;10;09;24;85.20;85.20;
2025;10;09;25;76.34;76.34;
2025;10;09;26;82.29;82.29;
2025;10;09;27;89.47;89.47;
2025;10;09;28;93.02;93.02;
2025;10;09;29;91.00;91.00;
2025;10;09;30;94.91;94.91;
2025;10;09;31;97.84;97.84;
2025;10;09;32;100.41;100.41;
2025;10;09;33;102.52;102.52;
2025;10;09;34;103.02;103.02;
2025;10;09;35;102.71;102.71;
2025;10;09;36;97.69;97.69;
2025;10;09;37;97.45;97.45;
2025;10;09;38;95.52;95.52;
2025;10;09;39;89.62;89.62;
2025;10;09;40;66.60;66.60;
2025;10;09;41;73.01;63.07;
2025;10;09;42;73.01;60.42;
2025;10;09;43;73.01;28.00;
2025;10;09;44;72.56;5.11;
2025;10;09;45;35.20;35.20;
2025;10;09;46;25.10;11.60;
2025;10;09;47;21.23;6.20;
2025;10;09;48;21.23;2.39;
2025;10;09;49;25.33;5.99;
2025;10;09;50;24.01;5.10;
2025;10;09;51;24.01;5.10;
2025;10;09;52;24.01;4.95;
2025;10;09;53;22.01;9.80;
2025;10;09;54;21.56;9.99;
2025;10;09;55;20.33;9.99;
2025;10;09;56;19.01;7.69;
2025;10;09;57;17.32;-1.01;
2025;10;09;58;19.01;-.09;
2025;10;09;59;20.33;-1.00;
2025;10;09;60;19.94;-3.62;
2025;10;09;61;19.01;-3.62;
2025;10;09;62;19.01;-3.62;
2025;10;09;63;24.08;-4.00;
2025;10;09;64;23.41;2.69;
2025;10;09;65;25.05;.11;
2025;10;09;66;25.10;.00;
2025;10;09;67;20.01;6.46;
2025;10;09;68;20.01;14.74;
2025;10;09;69;20.01;13.14;
2025;10;09;70;30.20;30.20;
2025;10;09;71;64.51;57.42;
2025;10;09;72;72.56;57.88;
2025;10;09;73;73.01;35.99;
2025;10;09;74;73.01;58.07;
2025;10;09;75;84.95;84.95;
2025;10;09;76;97.20;91.02;
2025;10;09;77;89.75;89.75;
2025;10;09;78;94.08;94.08;
2025;10;09;79;100.00;100.00;
2025;10;09;80;110.76;110.76;
2025;10;09;81;117.19;117.19;
2025;10;09;82;111.34;111.34;
2025;10;09;83;104.67;104.67;
2025;10;09;84;100.00;100.00;
2025;10;09;85;105.10;105.10;
2025;10;09;86;100.11;100.11;
2025;10;09;87;95.64;95.64;
2025;10;09;88;92.16;92.16;
2025;10;09;89;97.69;97.69;
2025;10;09;90;93.53;93.53;
2025;10;09;91;93.66;93.66;
2025;10;09;92;90.70;90.70;
2025;10;09;93;99.72;99.72;
2025;10;09;94;96.97;96.97;
2025;10;09;95;91.36;91.36;
2025;10;09;96;85.30;85.30;
*
