MARGINALPIBC;
2025;06;10;1;113.97;113.97;
2025;06;10;2;112.26;112.26;
2025;06;10;3;109.52;109.52;
2025;06;10;4;107.07;107.07;
2025;06;10;5;109.98;109.98;
2025;06;10;6;107.52;107.52;
2025;06;10;7;106.00;106.00;
2025;06;10;8;104.74;104.74;
2025;06;10;9;107.00;107.00;
2025;06;10;10;106.14;106.14;
2025;06;10;11;105.46;105.46;
2025;06;10;12;105.46;105.46;
2025;06;10;13;106.14;106.14;
2025;06;10;14;105.54;105.54;
2025;06;10;15;105.41;105.41;
2025;06;10;16;105.54;105.54;
2025;06;10;17;105.43;105.43;
2025;06;10;18;105.14;105.14;
2025;06;10;19;105.43;105.43;
2025;06;10;20;106.00;106.00;
2025;06;10;21;104.35;104.35;
2025;06;10;22;105.00;105.00;
2025;06;10;23;106.14;106.14;
2025;06;10;24;108.10;108.10;
2025;06;10;25;104.50;104.50;
2025;06;10;26;106.39;106.39;
2025;06;10;27;108.47;108.47;
2025;06;10;28;109.40;109.40;
2025;06;10;29;109.52;109.52;
2025;06;10;30;110.41;110.41;
2025;06;10;31;110.00;110.00;
2025;06;10;32;109.13;109.13;
2025;06;10;33;109.99;109.99;
2025;06;10;34;108.51;108.51;
2025;06;10;35;104.74;104.74;
2025;06;10;36;99.99;99.99;
2025;06;10;37;101.51;101.51;
2025;06;10;38;96.21;96.21;
2025;06;10;39;91.25;91.25;
2025;06;10;40;85.71;85.71;
2025;06;10;41;96.21;96.21;
2025;06;10;42;91.97;91.97;
2025;06;10;43;89.47;89.47;
2025;06;10;44;85.47;85.47;
2025;06;10;45;85.47;85.47;
2025;06;10;46;82.47;82.47;
2025;06;10;47;82.47;82.47;
2025;06;10;48;77.47;77.47;
2025;06;10;49;66.60;66.60;
2025;06;10;50;65.21;65.21;
2025;06;10;51;61.10;61.10;
2025;06;10;52;62.17;62.17;
2025;06;10;53;61.74;61.74;
2025;06;10;54;61.64;61.64;
2025;06;10;55;60.17;60.17;
2025;06;10;56;60.17;60.17;
2025;06;10;57;60.39;60.39;
2025;06;10;58;59.57;59.57;
2025;06;10;59;58.51;58.51;
2025;06;10;60;56.54;56.54;
2025;06;10;61;56.02;56.02;
2025;06;10;62;54.88;54.88;
2025;06;10;63;54.88;54.88;
2025;06;10;64;54.88;54.88;
2025;06;10;65;55.01;55.01;
2025;06;10;66;55.01;55.01;
2025;06;10;67;56.15;56.15;
2025;06;10;68;58.12;58.12;
2025;06;10;69;72.39;72.39;
2025;06;10;70;83.34;83.34;
2025;06;10;71;88.35;88.35;
2025;06;10;72;88.35;88.35;
2025;06;10;73;58.13;58.13;
2025;06;10;74;73.03;73.03;
2025;06;10;75;90.00;90.00;
2025;06;10;76;95.27;95.27;
2025;06;10;77;80.70;80.70;
2025;06;10;78;91.97;91.97;
2025;06;10;79;100.60;100.60;
2025;06;10;80;105.70;105.70;
2025;06;10;81;100.00;100.00;
2025;06;10;82;107.62;107.62;
2025;06;10;83;114.48;114.48;
2025;06;10;84;119.58;119.58;
2025;06;10;85;117.87;117.87;
2025;06;10;86;119.25;119.25;
2025;06;10;87;119.25;119.25;
2025;06;10;88;117.00;117.00;
2025;06;10;89;121.18;121.18;
2025;06;10;90;118.18;118.18;
2025;06;10;91;113.17;113.17;
2025;06;10;92;108.47;108.47;
2025;06;10;93;114.30;114.30;
2025;06;10;94;109.30;109.30;
2025;06;10;95;106.14;106.14;
2025;06;10;96;101.90;101.90;
*
