MARGINALPIBC;
2025;10;07;1;104.57;104.57;
2025;10;07;2;101.85;101.85;
2025;10;07;3;101.02;101.02;
2025;10;07;4;101.01;101.01;
2025;10;07;5;101.25;101.25;
2025;10;07;6;99.45;99.45;
2025;10;07;7;98.21;98.21;
2025;10;07;8;98.21;98.21;
2025;10;07;9;98.14;98.14;
2025;10;07;10;98.14;98.14;
2025;10;07;11;98.21;98.21;
2025;10;07;12;97.39;97.39;
2025;10;07;13;96.57;96.57;
2025;10;07;14;96.35;96.35;
2025;10;07;15;96.35;96.35;
2025;10;07;16;96.35;96.35;
2025;10;07;17;96.35;96.35;
2025;10;07;18;96.35;96.35;
2025;10;07;19;96.35;96.35;
2025;10;07;20;96.35;96.35;
2025;10;07;21;95.55;95.55;
2025;10;07;22;95.55;95.55;
2025;10;07;23;95.55;95.55;
2025;10;07;24;97.55;97.55;
2025;10;07;25;96.90;96.90;
2025;10;07;26;100.00;100.00;
2025;10;07;27;101.44;101.44;
2025;10;07;28;106.39;106.39;
2025;10;07;29;107.30;107.30;
2025;10;07;30;117.10;117.10;
2025;10;07;31;124.50;124.50;
2025;10;07;32;129.12;129.12;
2025;10;07;33;150.55;150.55;
2025;10;07;34;135.79;135.79;
2025;10;07;35;126.97;126.97;
2025;10;07;36;116.00;116.00;
2025;10;07;37;148.42;148.42;
2025;10;07;38;109.39;109.39;
2025;10;07;39;97.38;97.38;
2025;10;07;40;87.21;87.21;
2025;10;07;41;91.23;91.23;
2025;10;07;42;80.95;78.72;
2025;10;07;43;77.41;62.80;
2025;10;07;44;48.82;48.82;
2025;10;07;45;70.00;70.00;
2025;10;07;46;61.92;61.92;
2025;10;07;47;48.68;48.68;
2025;10;07;48;41.10;41.10;
2025;10;07;49;63.58;63.58;
2025;10;07;50;55.33;55.33;
2025;10;07;51;53.80;53.80;
2025;10;07;52;47.23;47.23;
2025;10;07;53;50.00;50.00;
2025;10;07;54;46.42;46.42;
2025;10;07;55;44.00;44.00;
2025;10;07;56;40.20;40.20;
2025;10;07;57;39.43;37.30;
2025;10;07;58;37.98;35.75;
2025;10;07;59;39.06;36.83;
2025;10;07;60;41.81;39.58;
2025;10;07;61;38.19;38.19;
2025;10;07;62;41.31;41.31;
2025;10;07;63;46.80;46.80;
2025;10;07;64;52.45;52.45;
2025;10;07;65;44.40;44.25;
2025;10;07;66;51.00;51.00;
2025;10;07;67;61.00;61.00;
2025;10;07;68;77.55;69.55;
2025;10;07;69;69.10;64.10;
2025;10;07;70;77.81;73.97;
2025;10;07;71;95.43;81.20;
2025;10;07;72;111.76;91.67;
2025;10;07;73;88.22;88.22;
2025;10;07;74;96.45;96.45;
2025;10;07;75;110.40;110.40;
2025;10;07;76;128.99;128.99;
2025;10;07;77;118.23;118.23;
2025;10;07;78;130.34;130.34;
2025;10;07;79;173.81;173.81;
2025;10;07;80;183.93;183.93;
2025;10;07;81;175.00;175.00;
2025;10;07;82;160.09;160.09;
2025;10;07;83;169.68;169.68;
2025;10;07;84;168.63;168.63;
2025;10;07;85;177.00;185.09;
2025;10;07;86;168.15;177.90;
2025;10;07;87;153.21;163.06;
2025;10;07;88;129.94;139.11;
2025;10;07;89;133.23;133.23;
2025;10;07;90;128.19;128.19;
2025;10;07;91;123.54;123.54;
2025;10;07;92;120.80;120.80;
2025;10;07;93;119.88;119.88;
2025;10;07;94;120.16;120.16;
2025;10;07;95;118.91;118.91;
2025;10;07;96;111.20;111.20;
*
