MARGINALPIBC;
2025;08;31;1;80.05;80.05;
2025;08;31;2;77.95;77.95;
2025;08;31;3;74.95;74.95;
2025;08;31;4;71.38;71.38;
2025;08;31;5;75.40;75.40;
2025;08;31;6;74.95;74.95;
2025;08;31;7;73.00;73.00;
2025;08;31;8;72.40;72.40;
2025;08;31;9;70.70;70.70;
2025;08;31;10;70.40;70.40;
2025;08;31;11;67.49;67.49;
2025;08;31;12;65.49;65.49;
2025;08;31;13;67.00;67.00;
2025;08;31;14;64.99;64.99;
2025;08;31;15;62.00;62.00;
2025;08;31;16;58.63;58.63;
2025;08;31;17;70.02;70.02;
2025;08;31;18;67.17;67.17;
2025;08;31;19;66.12;66.12;
2025;08;31;20;65.13;65.13;
2025;08;31;21;67.12;67.12;
2025;08;31;22;66.12;66.12;
2025;08;31;23;65.12;65.12;
2025;08;31;24;65.12;65.12;
2025;08;31;25;69.11;69.11;
2025;08;31;26;69.12;69.12;
2025;08;31;27;69.11;69.11;
2025;08;31;28;68.83;68.83;
2025;08;31;29;74.40;74.40;
2025;08;31;30;74.39;74.39;
2025;08;31;31;71.40;71.40;
2025;08;31;32;70.04;70.04;
2025;08;31;33;73.98;73.98;
2025;08;31;34;50.01;50.01;
2025;08;31;35;13.24;13.24;
2025;08;31;36;1.01;1.01;
2025;08;31;37;37.17;37.17;
2025;08;31;38;13.92;13.92;
2025;08;31;39;-0.40;-.40;
2025;08;31;40;-10.40;-10.40;
2025;08;31;41;4.31;1.55;
2025;08;31;42;4.31;.00;
2025;08;31;43;-4.00;-4.00;
2025;08;31;44;-5.00;-5.80;
2025;08;31;45;0.00;.00;
2025;08;31;46;0.00;.00;
2025;08;31;47;0.00;.00;
2025;08;31;48;-0.01;-.01;
2025;08;31;49;0.00;.00;
2025;08;31;50;-0.08;-.08;
2025;08;31;51;-0.30;-.30;
2025;08;31;52;-1.10;-1.10;
2025;08;31;53;0.00;-.95;
2025;08;31;54;-0.95;-.95;
2025;08;31;55;-0.95;-.95;
2025;08;31;56;-1.02;-1.02;
2025;08;31;57;0.00;-3.02;
2025;08;31;58;-2.15;-2.15;
2025;08;31;59;-1.60;-1.60;
2025;08;31;60;-0.77;-.77;
2025;08;31;61;0.00;-.93;
2025;08;31;62;-2.10;-2.10;
2025;08;31;63;-4.61;-4.61;
2025;08;31;64;-4.62;-4.62;
2025;08;31;65;-4.90;-4.90;
2025;08;31;66;-3.48;-3.48;
2025;08;31;67;-2.10;-2.10;
2025;08;31;68;-0.94;-.94;
2025;08;31;69;-5.27;-5.27;
2025;08;31;70;-4.12;-4.12;
2025;08;31;71;-0.77;-.77;
2025;08;31;72;-0.23;-.23;
2025;08;31;73;-5.00;-22.49;
2025;08;31;74;-0.01;-10.00;
2025;08;31;75;4.31;.00;
2025;08;31;76;5.00;.65;
2025;08;31;77;-8.00;-8.00;
2025;08;31;78;1.10;1.10;
2025;08;31;79;18.52;18.52;
2025;08;31;80;73.98;73.98;
2025;08;31;81;26.98;26.98;
2025;08;31;82;54.55;54.55;
2025;08;31;83;73.65;73.65;
2025;08;31;84;79.48;79.48;
2025;08;31;85;73.88;73.88;
2025;08;31;86;74.91;74.91;
2025;08;31;87;77.33;77.33;
2025;08;31;88;73.89;73.89;
2025;08;31;89;73.98;73.98;
2025;08;31;90;72.07;72.07;
2025;08;31;91;73.65;73.65;
2025;08;31;92;70.40;70.40;
2025;08;31;93;73.65;73.65;
2025;08;31;94;64.01;64.01;
2025;08;31;95;59.99;59.99;
2025;08;31;96;47.52;47.52;
*
