MARGINALPIBC;
2025;04;27;1;0.89;.89;
2025;04;27;2;0.11;.11;
2025;04;27;3;0.89;.89;
2025;04;27;4;2.00;2.00;
2025;04;27;5;0.00;.00;
2025;04;27;6;0.00;.00;
2025;04;27;7;0.00;.00;
2025;04;27;8;0.00;.00;
2025;04;27;9;0.00;.00;
2025;04;27;10;0.00;.00;
2025;04;27;11;0.00;.00;
2025;04;27;12;0.00;.00;
2025;04;27;13;0.00;.00;
2025;04;27;14;0.00;.00;
2025;04;27;15;0.00;.00;
2025;04;27;16;0.00;.00;
2025;04;27;17;0.00;.00;
2025;04;27;18;0.00;.00;
2025;04;27;19;0.00;.00;
2025;04;27;20;0.00;.00;
2025;04;27;21;0.00;.00;
2025;04;27;22;0.00;.00;
2025;04;27;23;0.00;.00;
2025;04;27;24;0.00;.00;
2025;04;27;25;0.00;.00;
2025;04;27;26;0.00;.00;
2025;04;27;27;0.00;.00;
2025;04;27;28;0.00;.00;
2025;04;27;29;0.00;.00;
2025;04;27;30;0.00;.00;
2025;04;27;31;0.00;.00;
2025;04;27;32;0.00;.00;
2025;04;27;33;0.00;.00;
2025;04;27;34;0.00;.00;
2025;04;27;35;0.00;.00;
2025;04;27;36;0.00;.00;
2025;04;27;37;0.00;.00;
2025;04;27;38;0.00;.00;
2025;04;27;39;0.00;.00;
2025;04;27;40;0.00;.00;
2025;04;27;41;0.00;.00;
2025;04;27;42;0.00;.00;
2025;04;27;43;0.00;.00;
2025;04;27;44;0.00;.00;
2025;04;27;45;-0.86;-.86;
2025;04;27;46;-1.00;-1.00;
2025;04;27;47;-1.00;-1.00;
2025;04;27;48;-1.00;-1.00;
2025;04;27;49;-1.54;-1.54;
2025;04;27;50;-1.54;-1.54;
2025;04;27;51;-1.54;-1.54;
2025;04;27;52;-1.54;-1.54;
2025;04;27;53;-1.54;-1.54;
2025;04;27;54;-1.54;-1.54;
2025;04;27;55;-1.54;-1.54;
2025;04;27;56;-1.54;-1.54;
2025;04;27;57;-1.54;-1.54;
2025;04;27;58;-1.54;-1.54;
2025;04;27;59;-1.54;-1.54;
2025;04;27;60;-1.54;-1.54;
2025;04;27;61;-3.27;-3.62;
2025;04;27;62;-3.27;-3.62;
2025;04;27;63;-3.27;-3.62;
2025;04;27;64;-2.00;-3.02;
2025;04;27;65;-3.27;-5.00;
2025;04;27;66;-3.27;-4.00;
2025;04;27;67;-0.01;-.01;
2025;04;27;68;0.00;.00;
2025;04;27;69;-3.27;-5.17;
2025;04;27;70;-0.17;-.17;
2025;04;27;71;0.00;.00;
2025;04;27;72;0.00;.00;
2025;04;27;73;0.00;.00;
2025;04;27;74;0.00;.00;
2025;04;27;75;0.00;.00;
2025;04;27;76;0.50;.00;
2025;04;27;77;0.00;.00;
2025;04;27;78;0.00;.00;
2025;04;27;79;0.52;.52;
2025;04;27;80;3.72;3.72;
2025;04;27;81;2.11;2.11;
2025;04;27;82;10.11;10.11;
2025;04;27;83;35.00;35.00;
2025;04;27;84;41.98;41.98;
2025;04;27;85;87.92;87.92;
2025;04;27;86;86.50;86.50;
2025;04;27;87;86.22;86.22;
2025;04;27;88;83.31;83.31;
2025;04;27;89;81.38;81.38;
2025;04;27;90;80.14;80.14;
2025;04;27;91;79.15;79.15;
2025;04;27;92;69.86;78.54;
2025;04;27;93;37.00;37.00;
2025;04;27;94;35.00;35.00;
2025;04;27;95;35.00;35.00;
2025;04;27;96;35.00;35.00;
*
