MARGINALPIBC;
2026;05;31;1;104.67;104.67;
2026;05;31;2;101.79;101.79;
2026;05;31;3;101.39;101.39;
2026;05;31;4;99.49;99.49;
2026;05;31;5;100.06;100.06;
2026;05;31;6;94.20;94.20;
2026;05;31;7;94.04;94.04;
2026;05;31;8;86.12;86.12;
2026;05;31;9;85.62;85.62;
2026;05;31;10;80.00;80.00;
2026;05;31;11;82.20;82.20;
2026;05;31;12;73.10;73.10;
2026;05;31;13;85.47;85.47;
2026;05;31;14;85.32;85.32;
2026;05;31;15;82.87;82.87;
2026;05;31;16;79.33;79.33;
2026;05;31;17;76.05;76.05;
2026;05;31;18;78.10;78.10;
2026;05;31;19;78.79;78.79;
2026;05;31;20;77.90;77.90;
2026;05;31;21;78.20;78.20;
2026;05;31;22;80.16;80.16;
2026;05;31;23;81.79;81.79;
2026;05;31;24;84.88;84.88;
2026;05;31;25;87.50;87.50;
2026;05;31;26;89.00;89.00;
2026;05;31;27;92.31;92.31;
2026;05;31;28;90.00;90.00;
2026;05;31;29;95.07;95.07;
2026;05;31;30;95.01;95.01;
2026;05;31;31;83.51;83.51;
2026;05;31;32;60.00;60.00;
2026;05;31;33;43.67;43.67;
2026;05;31;34;27.06;27.06;
2026;05;31;35;0.00;.00;
2026;05;31;36;1.00;1.00;
2026;05;31;37;5.17;5.17;
2026;05;31;38;-1.16;-1.16;
2026;05;31;39;0.00;-1.52;
2026;05;31;40;0.00;-.88;
2026;05;31;41;0.00;.00;
2026;05;31;42;0.00;.00;
2026;05;31;43;0.00;.00;
2026;05;31;44;0.00;.00;
2026;05;31;45;0.00;.00;
2026;05;31;46;0.00;.00;
2026;05;31;47;0.00;.00;
2026;05;31;48;0.00;.00;
2026;05;31;49;0.01;.01;
2026;05;31;50;0.00;.00;
2026;05;31;51;0.84;.84;
2026;05;31;52;0.84;.84;
2026;05;31;53;0.84;.84;
2026;05;31;54;0.04;.04;
2026;05;31;55;0.00;.00;
2026;05;31;56;0.00;.00;
2026;05;31;57;0.00;.00;
2026;05;31;58;0.00;.00;
2026;05;31;59;0.00;.00;
2026;05;31;60;0.00;.00;
2026;05;31;61;0.00;.00;
2026;05;31;62;-0.30;-.50;
2026;05;31;63;-0.11;-.30;
2026;05;31;64;-0.11;-.30;
2026;05;31;65;0.00;.00;
2026;05;31;66;0.00;.00;
2026;05;31;67;0.00;.00;
2026;05;31;68;0.00;.00;
2026;05;31;69;0.00;.00;
2026;05;31;70;0.84;.84;
2026;05;31;71;0.00;.00;
2026;05;31;72;0.00;.00;
2026;05;31;73;0.39;.01;
2026;05;31;74;0.89;.84;
2026;05;31;75;1.55;1.55;
2026;05;31;76;13.10;13.10;
2026;05;31;77;5.59;5.59;
2026;05;31;78;23.47;23.47;
2026;05;31;79;40.37;40.37;
2026;05;31;80;62.88;62.88;
2026;05;31;81;49.93;49.93;
2026;05;31;82;80.24;80.24;
2026;05;31;83;97.90;97.90;
2026;05;31;84;103.70;103.70;
2026;05;31;85;104.20;104.20;
2026;05;31;86;105.42;105.42;
2026;05;31;87;106.08;106.08;
2026;05;31;88;105.90;105.90;
2026;05;31;89;106.14;106.14;
2026;05;31;90;106.00;106.00;
2026;05;31;91;109.32;109.32;
2026;05;31;92;105.66;105.66;
2026;05;31;93;104.86;104.86;
2026;05;31;94;101.00;101.00;
2026;05;31;95;102.81;102.81;
2026;05;31;96;100.00;100.00;
*
