MARGINALPIBC;
2026;03;15;1;-0.99;-.99;
2026;03;15;2;-0.99;-.99;
2026;03;15;3;-0.99;-.99;
2026;03;15;4;-0.89;-.89;
2026;03;15;5;-0.81;-.81;
2026;03;15;6;-0.89;-.89;
2026;03;15;7;-0.99;-.99;
2026;03;15;8;-0.99;-.99;
2026;03;15;9;-0.81;-.81;
2026;03;15;10;-0.81;-.81;
2026;03;15;11;-0.81;-.81;
2026;03;15;12;-0.81;-.81;
2026;03;15;13;-0.89;-.89;
2026;03;15;14;-0.89;-.89;
2026;03;15;15;-0.99;-.99;
2026;03;15;16;-0.99;-.99;
2026;03;15;17;-0.99;-.99;
2026;03;15;18;-1.00;-1.00;
2026;03;15;19;-1.01;-1.01;
2026;03;15;20;-1.81;-1.81;
2026;03;15;21;-1.32;-1.32;
2026;03;15;22;-1.00;-1.00;
2026;03;15;23;-0.99;-.99;
2026;03;15;24;-0.99;-.99;
2026;03;15;25;-0.92;-.92;
2026;03;15;26;-0.89;-.89;
2026;03;15;27;-0.81;-.81;
2026;03;15;28;-0.81;-.81;
2026;03;15;29;-0.89;-.89;
2026;03;15;30;-0.89;-.89;
2026;03;15;31;-0.99;-.99;
2026;03;15;32;-0.99;-.99;
2026;03;15;33;-0.99;-.99;
2026;03;15;34;-1.98;-1.98;
2026;03;15;35;-7.50;-7.50;
2026;03;15;36;-7.82;-7.82;
2026;03;15;37;-2.01;-2.01;
2026;03;15;38;-7.82;-7.82;
2026;03;15;39;-5.00;-5.00;
2026;03;15;40;-8.37;-8.37;
2026;03;15;41;-1.51;-1.51;
2026;03;15;42;-1.81;-1.81;
2026;03;15;43;-1.18;-1.18;
2026;03;15;44;-2.00;-6.00;
2026;03;15;45;-2.01;-2.01;
2026;03;15;46;-1.50;-1.50;
2026;03;15;47;-1.95;-1.95;
2026;03;15;48;0.00;-2.10;
2026;03;15;49;-2.10;-2.10;
2026;03;15;50;-4.09;-4.09;
2026;03;15;51;-4.40;-4.40;
2026;03;15;52;-5.00;-5.00;
2026;03;15;53;-5.10;-5.10;
2026;03;15;54;-5.10;-5.10;
2026;03;15;55;-6.00;-6.10;
2026;03;15;56;-6.19;-6.19;
2026;03;15;57;-6.00;-7.10;
2026;03;15;58;-7.10;-7.10;
2026;03;15;59;-7.10;-7.10;
2026;03;15;60;-6.10;-6.10;
2026;03;15;61;-5.10;-5.10;
2026;03;15;62;-5.60;-5.60;
2026;03;15;63;-6.00;-6.00;
2026;03;15;64;-6.00;-6.00;
2026;03;15;65;-6.00;-6.00;
2026;03;15;66;-5.10;-5.10;
2026;03;15;67;-4.09;-4.09;
2026;03;15;68;-2.10;-2.10;
2026;03;15;69;-0.99;-.99;
2026;03;15;70;-0.99;-.99;
2026;03;15;71;-0.81;-.81;
2026;03;15;72;-0.79;-.79;
2026;03;15;73;-0.89;-.89;
2026;03;15;74;-0.99;-.99;
2026;03;15;75;-0.89;-.89;
2026;03;15;76;13.82;13.82;
2026;03;15;77;1.38;1.38;
2026;03;15;78;14.66;14.66;
2026;03;15;79;11.39;11.39;
2026;03;15;80;0.80;.80;
2026;03;15;81;-0.81;-.81;
2026;03;15;82;0.90;.90;
2026;03;15;83;2.99;2.99;
2026;03;15;84;5.01;5.01;
2026;03;15;85;17.50;17.50;
2026;03;15;86;15.11;15.11;
2026;03;15;87;25.01;25.01;
2026;03;15;88;17.50;17.50;
2026;03;15;89;15.01;15.01;
2026;03;15;90;5.00;5.00;
2026;03;15;91;9.68;9.68;
2026;03;15;92;5.23;5.23;
2026;03;15;93;5.00;5.00;
2026;03;15;94;2.16;2.16;
2026;03;15;95;2.12;2.12;
2026;03;15;96;0.01;.01;
*
