MARGINALPIBC;
2026;06;09;1;104.10;104.10;
2026;06;09;2;94.92;94.92;
2026;06;09;3;90.20;90.20;
2026;06;09;4;85.24;85.24;
2026;06;09;5;85.69;85.69;
2026;06;09;6;85.64;85.64;
2026;06;09;7;85.39;85.39;
2026;06;09;8;84.81;84.81;
2026;06;09;9;80.16;80.16;
2026;06;09;10;78.00;78.00;
2026;06;09;11;74.86;74.86;
2026;06;09;12;71.29;71.29;
2026;06;09;13;78.16;78.16;
2026;06;09;14;78.00;78.00;
2026;06;09;15;77.64;77.64;
2026;06;09;16;77.64;77.64;
2026;06;09;17;79.68;79.68;
2026;06;09;18;79.68;79.68;
2026;06;09;19;79.78;79.78;
2026;06;09;20;79.92;79.92;
2026;06;09;21;80.95;80.95;
2026;06;09;22;82.17;82.17;
2026;06;09;23;82.41;82.41;
2026;06;09;24;84.64;84.64;
2026;06;09;25;90.97;90.97;
2026;06;09;26;98.50;98.50;
2026;06;09;27;97.00;97.00;
2026;06;09;28;100.95;100.95;
2026;06;09;29;109.82;109.82;
2026;06;09;30;105.62;105.62;
2026;06;09;31;92.86;92.86;
2026;06;09;32;86.90;86.90;
2026;06;09;33;89.20;89.20;
2026;06;09;34;50.04;50.04;
2026;06;09;35;36.42;36.42;
2026;06;09;36;10.00;10.00;
2026;06;09;37;8.98;8.44;
2026;06;09;38;1.18;-.86;
2026;06;09;39;1.97;-9.16;
2026;06;09;40;1.72;-11.32;
2026;06;09;41;1.90;-10.80;
2026;06;09;42;1.65;-1.00;
2026;06;09;43;1.16;-9.27;
2026;06;09;44;1.65;-5.04;
2026;06;09;45;2.15;-.02;
2026;06;09;46;2.05;-.01;
2026;06;09;47;1.90;-.02;
2026;06;09;48;1.65;-.02;
2026;06;09;49;2.91;-.01;
2026;06;09;50;2.05;-.01;
2026;06;09;51;2.00;.00;
2026;06;09;52;1.80;-.01;
2026;06;09;53;1.65;.00;
2026;06;09;54;1.15;-.01;
2026;06;09;55;0.99;.00;
2026;06;09;56;0.99;.00;
2026;06;09;57;0.99;.00;
2026;06;09;58;0.10;.00;
2026;06;09;59;0.00;.00;
2026;06;09;60;0.00;.00;
2026;06;09;61;0.00;.00;
2026;06;09;62;0.00;.00;
2026;06;09;63;-0.01;-.01;
2026;06;09;64;-0.01;-.01;
2026;06;09;65;-0.03;-.03;
2026;06;09;66;-0.02;-.02;
2026;06;09;67;-0.01;-.01;
2026;06;09;68;-0.01;-.01;
2026;06;09;69;-0.01;-.01;
2026;06;09;70;0.00;.00;
2026;06;09;71;-1.10;-9.34;
2026;06;09;72;-0.66;-.66;
2026;06;09;73;-0.86;-.86;
2026;06;09;74;0.36;.36;
2026;06;09;75;0.41;.41;
2026;06;09;76;7.10;7.10;
2026;06;09;77;2.10;2.10;
2026;06;09;78;19.39;19.39;
2026;06;09;79;33.96;33.96;
2026;06;09;80;55.18;55.18;
2026;06;09;81;33.22;33.22;
2026;06;09;82;74.10;74.10;
2026;06;09;83;94.41;94.41;
2026;06;09;84;113.07;113.07;
2026;06;09;85;114.38;114.38;
2026;06;09;86;121.00;121.00;
2026;06;09;87;124.02;124.02;
2026;06;09;88;122.56;122.56;
2026;06;09;89;118.01;118.01;
2026;06;09;90;115.58;115.58;
2026;06;09;91;117.55;117.55;
2026;06;09;92;110.38;110.38;
2026;06;09;93;107.00;107.00;
2026;06;09;94;102.65;102.65;
2026;06;09;95;103.56;103.56;
2026;06;09;96;93.96;93.96;
*
