MARGINALPIBC;
2026;01;09;1;76.30;76.30;
2026;01;09;2;66.21;66.21;
2026;01;09;3;52.50;52.50;
2026;01;09;4;50.50;50.50;
2026;01;09;5;49.83;49.83;
2026;01;09;6;48.91;48.91;
2026;01;09;7;45.00;45.00;
2026;01;09;8;41.50;41.50;
2026;01;09;9;47.06;47.06;
2026;01;09;10;42.32;42.32;
2026;01;09;11;34.07;34.07;
2026;01;09;12;35.35;35.35;
2026;01;09;13;31.00;31.00;
2026;01;09;14;30.01;30.01;
2026;01;09;15;25.40;25.40;
2026;01;09;16;23.82;23.82;
2026;01;09;17;22.00;22.00;
2026;01;09;18;21.04;21.04;
2026;01;09;19;22.00;22.00;
2026;01;09;20;25.46;25.46;
2026;01;09;21;34.90;34.90;
2026;01;09;22;34.90;34.90;
2026;01;09;23;39.20;39.20;
2026;01;09;24;44.63;44.63;
2026;01;09;25;48.00;48.00;
2026;01;09;26;48.45;48.45;
2026;01;09;27;53.50;53.50;
2026;01;09;28;51.20;51.20;
2026;01;09;29;64.17;64.17;
2026;01;09;30;79.99;79.99;
2026;01;09;31;83.60;83.60;
2026;01;09;32;87.70;87.70;
2026;01;09;33;79.99;79.99;
2026;01;09;34;83.01;83.01;
2026;01;09;35;87.70;87.70;
2026;01;09;36;87.51;87.51;
2026;01;09;37;87.87;87.87;
2026;01;09;38;85.00;85.00;
2026;01;09;39;80.00;80.00;
2026;01;09;40;73.65;73.65;
2026;01;09;41;81.02;81.02;
2026;01;09;42;75.40;75.40;
2026;01;09;43;65.50;65.50;
2026;01;09;44;64.85;64.85;
2026;01;09;45;65.11;65.11;
2026;01;09;46;55.34;55.34;
2026;01;09;47;47.50;47.50;
2026;01;09;48;43.81;43.81;
2026;01;09;49;40.00;40.00;
2026;01;09;50;37.50;37.50;
2026;01;09;51;27.01;27.01;
2026;01;09;52;29.98;29.98;
2026;01;09;53;34.94;34.94;
2026;01;09;54;32.12;32.12;
2026;01;09;55;21.36;21.36;
2026;01;09;56;18.14;18.14;
2026;01;09;57;15.51;15.51;
2026;01;09;58;14.51;14.51;
2026;01;09;59;14.94;14.94;
2026;01;09;60;16.01;16.01;
2026;01;09;61;15.96;15.96;
2026;01;09;62;25.01;25.01;
2026;01;09;63;36.99;36.99;
2026;01;09;64;43.36;43.36;
2026;01;09;65;42.50;42.50;
2026;01;09;66;54.19;54.19;
2026;01;09;67;58.96;58.96;
2026;01;09;68;67.33;67.33;
2026;01;09;69;75.01;75.01;
2026;01;09;70;79.99;79.99;
2026;01;09;71;85.06;85.06;
2026;01;09;72;90.95;90.95;
2026;01;09;73;84.99;84.99;
2026;01;09;74;88.73;88.73;
2026;01;09;75;88.95;88.95;
2026;01;09;76;88.94;88.94;
2026;01;09;77;87.63;91.14;
2026;01;09;78;92.38;92.40;
2026;01;09;79;90.02;90.02;
2026;01;09;80;88.58;88.58;
2026;01;09;81;91.01;91.01;
2026;01;09;82;89.40;89.40;
2026;01;09;83;88.95;88.95;
2026;01;09;84;88.30;88.30;
2026;01;09;85;88.95;88.95;
2026;01;09;86;87.87;87.87;
2026;01;09;87;85.78;85.78;
2026;01;09;88;82.89;82.89;
2026;01;09;89;85.98;85.98;
2026;01;09;90;83.91;83.91;
2026;01;09;91;83.17;83.17;
2026;01;09;92;84.02;84.02;
2026;01;09;93;84.11;84.11;
2026;01;09;94;79.99;79.99;
2026;01;09;95;79.99;79.99;
2026;01;09;96;79.99;79.99;
*
