MARGINALPIBC;
2025;02;11;1;120.01;120.01;
2025;02;11;2;115.46;115.46;
2025;02;11;3;109.65;109.65;
2025;02;11;4;107.00;107.00;
2025;02;11;5;105.51;105.51;
2025;02;11;6;106.50;106.50;
2025;02;11;7;119.13;119.13;
2025;02;11;8;138.51;150.79;
2025;02;11;9;164.06;164.06;
2025;02;11;10;146.54;146.54;
2025;02;11;11;120.62;120.62;
2025;02;11;12;118.46;118.46;
2025;02;11;13;104.98;104.98;
2025;02;11;14;102.50;102.50;
2025;02;11;15;105.00;105.00;
2025;02;11;16;104.00;104.00;
2025;02;11;17;117.06;117.06;
2025;02;11;18;146.54;146.54;
2025;02;11;19;174.57;174.57;
2025;02;11;20;186.00;186.00;
2025;02;11;21;194.50;194.50;
2025;02;11;22;157.22;157.22;
2025;02;11;23;148.38;148.38;
2025;02;11;24;131.68;131.68;
*
