MARGINALPIBC;
2026;02;17;1;9.52;9.52;
2026;02;17;2;7.28;7.28;
2026;02;17;3;3.97;3.97;
2026;02;17;4;3.62;3.78;
2026;02;17;5;3.78;3.78;
2026;02;17;6;3.78;3.78;
2026;02;17;7;2.34;3.78;
2026;02;17;8;2.34;3.78;
2026;02;17;9;2.34;3.78;
2026;02;17;10;2.34;3.78;
2026;02;17;11;2.34;2.34;
2026;02;17;12;2.34;2.34;
2026;02;17;13;1.98;1.98;
2026;02;17;14;1.98;1.98;
2026;02;17;15;1.53;1.53;
2026;02;17;16;1.50;1.50;
2026;02;17;17;1.53;1.53;
2026;02;17;18;1.53;1.53;
2026;02;17;19;1.98;1.98;
2026;02;17;20;1.98;1.98;
2026;02;17;21;1.21;3.78;
2026;02;17;22;1.21;3.78;
2026;02;17;23;1.17;3.78;
2026;02;17;24;1.17;3.78;
2026;02;17;25;1.17;7.78;
2026;02;17;26;1.17;14.00;
2026;02;17;27;1.21;14.00;
2026;02;17;28;1.21;21.87;
2026;02;17;29;1.21;36.00;
2026;02;17;30;1.28;32.96;
2026;02;17;31;1.27;35.00;
2026;02;17;32;2.34;40.00;
2026;02;17;33;-0.10;40.21;
2026;02;17;34;1.50;46.21;
2026;02;17;35;2.70;45.00;
2026;02;17;36;1.00;33.29;
2026;02;17;37;1.00;29.10;
2026;02;17;38;1.00;22.50;
2026;02;17;39;1.27;14.52;
2026;02;17;40;8.78;8.78;
2026;02;17;41;-1.22;9.30;
2026;02;17;42;1.53;3.78;
2026;02;17;43;3.78;3.78;
2026;02;17;44;2.34;2.34;
2026;02;17;45;2.35;2.35;
2026;02;17;46;1.98;1.98;
2026;02;17;47;1.53;1.53;
2026;02;17;48;0.91;.91;
2026;02;17;49;0.91;.91;
2026;02;17;50;0.91;.91;
2026;02;17;51;0.90;.90;
2026;02;17;52;0.30;.30;
2026;02;17;53;0.01;.01;
2026;02;17;54;0.01;.01;
2026;02;17;55;0.00;.00;
2026;02;17;56;0.00;.00;
2026;02;17;57;0.00;.00;
2026;02;17;58;0.00;.00;
2026;02;17;59;0.00;.00;
2026;02;17;60;0.00;.00;
2026;02;17;61;0.00;.00;
2026;02;17;62;0.00;.00;
2026;02;17;63;0.10;.00;
2026;02;17;64;0.10;.00;
2026;02;17;65;0.10;.00;
2026;02;17;66;0.11;.11;
2026;02;17;67;0.91;.91;
2026;02;17;68;0.91;.91;
2026;02;17;69;1.21;1.21;
2026;02;17;70;3.78;3.78;
2026;02;17;71;11.48;11.48;
2026;02;17;72;15.94;21.90;
2026;02;17;73;1.00;25.65;
2026;02;17;74;1.00;35.01;
2026;02;17;75;1.00;79.75;
2026;02;17;76;1.00;97.74;
2026;02;17;77;7.01;124.30;
2026;02;17;78;7.05;122.11;
2026;02;17;79;7.05;116.21;
2026;02;17;80;8.06;114.30;
2026;02;17;81;28.03;114.38;
2026;02;17;82;28.03;107.01;
2026;02;17;83;28.04;102.24;
2026;02;17;84;28.03;98.27;
2026;02;17;85;28.03;95.00;
2026;02;17;86;20.45;88.24;
2026;02;17;87;17.19;83.55;
2026;02;17;88;7.05;82.25;
2026;02;17;89;7.01;87.58;
2026;02;17;90;7.01;82.29;
2026;02;17;91;1.00;84.30;
2026;02;17;92;1.00;76.02;
2026;02;17;93;1.27;81.46;
2026;02;17;94;1.27;68.02;
2026;02;17;95;1.27;42.51;
2026;02;17;96;1.27;35.01;
*
