MARGINALPIBC;
2025;07;11;1;127.19;127.19;
2025;07;11;2;124.16;124.16;
2025;07;11;3;120.01;120.01;
2025;07;11;4;119.30;119.30;
2025;07;11;5;121.00;121.00;
2025;07;11;6;118.56;118.56;
2025;07;11;7;115.46;115.46;
2025;07;11;8;115.46;115.46;
2025;07;11;9;114.35;114.35;
2025;07;11;10;113.85;113.85;
2025;07;11;11;113.85;113.85;
2025;07;11;12;113.85;113.85;
2025;07;11;13;112.73;112.73;
2025;07;11;14;112.73;112.73;
2025;07;11;15;112.73;112.73;
2025;07;11;16;112.73;112.73;
2025;07;11;17;113.73;113.73;
2025;07;11;18;113.73;113.73;
2025;07;11;19;113.73;113.73;
2025;07;11;20;113.73;113.73;
2025;07;11;21;113.33;113.33;
2025;07;11;22;113.33;113.33;
2025;07;11;23;114.33;114.33;
2025;07;11;24;114.33;114.33;
2025;07;11;25;111.87;111.87;
2025;07;11;26;116.47;116.47;
2025;07;11;27;119.26;119.26;
2025;07;11;28;123.99;123.99;
2025;07;11;29;126.00;126.00;
2025;07;11;30;135.00;135.00;
2025;07;11;31;130.00;130.00;
2025;07;11;32;125.00;125.00;
2025;07;11;33;140.88;140.88;
2025;07;11;34;129.62;129.62;
2025;07;11;35;120.62;120.62;
2025;07;11;36;111.07;111.07;
2025;07;11;37;119.60;119.60;
2025;07;11;38;105.61;105.61;
2025;07;11;39;96.54;96.54;
2025;07;11;40;90.00;90.00;
2025;07;11;41;81.25;81.25;
2025;07;11;42;76.88;76.88;
2025;07;11;43;74.19;64.34;
2025;07;11;44;68.10;63.05;
2025;07;11;45;77.30;77.30;
2025;07;11;46;76.88;76.88;
2025;07;11;47;76.77;76.75;
2025;07;11;48;76.75;76.75;
2025;07;11;49;85.00;85.00;
2025;07;11;50;84.11;84.11;
2025;07;11;51;84.00;84.00;
2025;07;11;52;81.59;81.59;
2025;07;11;53;85.01;85.01;
2025;07;11;54;84.63;84.63;
2025;07;11;55;84.01;84.01;
2025;07;11;56;80.06;80.06;
2025;07;11;57;77.99;77.99;
2025;07;11;58;77.40;77.40;
2025;07;11;59;77.40;77.40;
2025;07;11;60;77.27;77.27;
2025;07;11;61;77.27;77.27;
2025;07;11;62;77.27;77.27;
2025;07;11;63;77.27;77.27;
2025;07;11;64;77.14;77.14;
2025;07;11;65;76.75;76.75;
2025;07;11;66;76.88;76.88;
2025;07;11;67;76.88;76.88;
2025;07;11;68;77.14;77.14;
2025;07;11;69;77.14;77.14;
2025;07;11;70;77.40;77.40;
2025;07;11;71;78.40;78.40;
2025;07;11;72;81.39;81.39;
2025;07;11;73;74.83;74.83;
2025;07;11;74;76.88;76.88;
2025;07;11;75;79.35;79.35;
2025;07;11;76;87.51;87.51;
2025;07;11;77;77.40;77.40;
2025;07;11;78;89.07;89.07;
2025;07;11;79;100.27;100.27;
2025;07;11;80;114.08;114.08;
2025;07;11;81;84.23;84.23;
2025;07;11;82;109.23;109.23;
2025;07;11;83;126.23;126.23;
2025;07;11;84;142.23;142.23;
2025;07;11;85;122.67;122.67;
2025;07;11;86;130.67;130.67;
2025;07;11;87;131.67;131.67;
2025;07;11;88;137.67;137.67;
2025;07;11;89;140.01;140.01;
2025;07;11;90;140.01;140.01;
2025;07;11;91;138.16;138.16;
2025;07;11;92;135.44;135.44;
2025;07;11;93;140.01;140.01;
2025;07;11;94;130.99;130.99;
2025;07;11;95;128.00;128.00;
2025;07;11;96;125.50;125.50;
*
