MARGINALPIBC;
2025;09;18;1;114.08;114.08;
2025;09;18;2;109.18;109.18;
2025;09;18;3;108.18;108.18;
2025;09;18;4;104.58;104.58;
2025;09;18;5;106.51;106.51;
2025;09;18;6;105.26;105.26;
2025;09;18;7;104.76;104.76;
2025;09;18;8;104.19;104.19;
2025;09;18;9;105.00;105.00;
2025;09;18;10;104.58;104.58;
2025;09;18;11;104.58;104.58;
2025;09;18;12;104.54;104.54;
2025;09;18;13;104.89;104.89;
2025;09;18;14;104.78;104.78;
2025;09;18;15;104.78;104.78;
2025;09;18;16;104.78;104.78;
2025;09;18;17;104.78;104.78;
2025;09;18;18;104.78;104.78;
2025;09;18;19;104.78;104.78;
2025;09;18;20;104.78;104.78;
2025;09;18;21;104.58;104.58;
2025;09;18;22;104.58;104.58;
2025;09;18;23;105.26;105.26;
2025;09;18;24;105.46;105.46;
2025;09;18;25;104.19;104.19;
2025;09;18;26;104.58;104.58;
2025;09;18;27;107.28;107.28;
2025;09;18;28;111.57;111.57;
2025;09;18;29;117.55;117.55;
2025;09;18;30;120.35;123.55;
2025;09;18;31;120.35;126.70;
2025;09;18;32;121.55;128.48;
2025;09;18;33;127.40;127.40;
2025;09;18;34;118.76;118.76;
2025;09;18;35;108.40;108.40;
2025;09;18;36;96.40;96.40;
2025;09;18;37;128.47;128.47;
2025;09;18;38;108.43;108.43;
2025;09;18;39;93.05;93.05;
2025;09;18;40;72.19;72.19;
2025;09;18;41;77.40;77.40;
2025;09;18;42;61.10;61.10;
2025;09;18;43;58.47;56.40;
2025;09;18;44;58.47;46.40;
2025;09;18;45;75.00;75.00;
2025;09;18;46;74.06;74.06;
2025;09;18;47;65.00;65.00;
2025;09;18;48;64.15;64.15;
2025;09;18;49;54.23;54.23;
2025;09;18;50;54.22;54.00;
2025;09;18;51;54.78;54.78;
2025;09;18;52;54.78;54.78;
2025;09;18;53;54.14;50.10;
2025;09;18;54;54.14;53.50;
2025;09;18;55;54.14;50.00;
2025;09;18;56;54.14;50.00;
2025;09;18;57;48.16;44.02;
2025;09;18;58;47.31;44.02;
2025;09;18;59;48.16;44.02;
2025;09;18;60;48.17;44.02;
2025;09;18;61;47.29;44.00;
2025;09;18;62;47.29;41.10;
2025;09;18;63;47.29;42.59;
2025;09;18;64;47.29;44.00;
2025;09;18;65;55.19;49.00;
2025;09;18;66;58.47;55.00;
2025;09;18;67;58.47;58.47;
2025;09;18;68;60.22;60.22;
2025;09;18;69;64.12;64.12;
2025;09;18;70;66.28;66.28;
2025;09;18;71;71.00;71.00;
2025;09;18;72;81.30;81.30;
2025;09;18;73;65.92;65.92;
2025;09;18;74;86.64;86.64;
2025;09;18;75;101.86;101.86;
2025;09;18;76;120.00;120.00;
2025;09;18;77;97.47;97.47;
2025;09;18;78;114.72;114.72;
2025;09;18;79;129.69;129.69;
2025;09;18;80;135.30;135.30;
2025;09;18;81;135.10;135.10;
2025;09;18;82;148.00;148.00;
2025;09;18;83;156.00;156.00;
2025;09;18;84;157.00;159.20;
2025;09;18;85;196.00;196.00;
2025;09;18;86;199.00;199.00;
2025;09;18;87;196.00;196.00;
2025;09;18;88;192.00;192.00;
2025;09;18;89;126.00;126.00;
2025;09;18;90;123.50;123.50;
2025;09;18;91;117.50;117.50;
2025;09;18;92;105.00;105.00;
2025;09;18;93;103.65;103.65;
2025;09;18;94;102.27;102.27;
2025;09;18;95;99.09;99.09;
2025;09;18;96;97.47;97.47;
*
