MARGINALPIBC;
2025;09;09;1;84.07;84.07;
2025;09;09;2;83.33;83.33;
2025;09;09;3;77.59;77.59;
2025;09;09;4;71.40;71.40;
2025;09;09;5;72.89;72.89;
2025;09;09;6;71.40;71.40;
2025;09;09;7;71.33;71.33;
2025;09;09;8;70.25;70.25;
2025;09;09;9;70.01;70.01;
2025;09;09;10;69.75;69.75;
2025;09;09;11;69.50;69.50;
2025;09;09;12;68.51;68.51;
2025;09;09;13;69.51;69.51;
2025;09;09;14;69.75;69.75;
2025;09;09;15;69.51;69.51;
2025;09;09;16;69.75;69.75;
2025;09;09;17;71.09;71.09;
2025;09;09;18;69.75;69.75;
2025;09;09;19;70.51;70.51;
2025;09;09;20;76.51;76.51;
2025;09;09;21;69.45;69.45;
2025;09;09;22;69.45;69.45;
2025;09;09;23;72.92;72.92;
2025;09;09;24;77.35;77.35;
2025;09;09;25;81.09;81.09;
2025;09;09;26;85.56;85.56;
2025;09;09;27;87.20;87.20;
2025;09;09;28;89.60;89.60;
2025;09;09;29;86.93;86.93;
2025;09;09;30;91.10;91.10;
2025;09;09;31;96.07;96.07;
2025;09;09;32;96.10;96.10;
2025;09;09;33;97.64;97.64;
2025;09;09;34;96.34;96.34;
2025;09;09;35;92.18;92.18;
2025;09;09;36;86.93;86.93;
2025;09;09;37;110.51;110.51;
2025;09;09;38;95.71;95.71;
2025;09;09;39;80.91;80.91;
2025;09;09;40;45.21;45.21;
2025;09;09;41;78.95;78.95;
2025;09;09;42;68.15;68.15;
2025;09;09;43;45.00;45.00;
2025;09;09;44;39.92;39.92;
2025;09;09;45;35.00;35.00;
2025;09;09;46;33.22;33.22;
2025;09;09;47;30.22;30.22;
2025;09;09;48;30.22;30.22;
2025;09;09;49;26.00;26.00;
2025;09;09;50;26.00;26.00;
2025;09;09;51;26.00;26.00;
2025;09;09;52;21.00;21.00;
2025;09;09;53;19.40;19.25;
2025;09;09;54;19.35;19.25;
2025;09;09;55;19.25;19.25;
2025;09;09;56;17.71;17.71;
2025;09;09;57;17.29;17.19;
2025;09;09;58;17.29;17.19;
2025;09;09;59;17.19;17.19;
2025;09;09;60;8.65;8.59;
2025;09;09;61;13.91;8.91;
2025;09;09;62;13.91;6.91;
2025;09;09;63;10.41;4.22;
2025;09;09;64;10.41;6.91;
2025;09;09;65;12.00;12.00;
2025;09;09;66;16.37;16.37;
2025;09;09;67;16.57;16.57;
2025;09;09;68;17.60;17.60;
2025;09;09;69;29.80;29.80;
2025;09;09;70;34.00;34.00;
2025;09;09;71;35.52;35.52;
2025;09;09;72;43.40;43.40;
2025;09;09;73;5.87;5.87;
2025;09;09;74;20.00;20.00;
2025;09;09;75;65.19;65.19;
2025;09;09;76;87.04;87.04;
2025;09;09;77;30.00;30.00;
2025;09;09;78;73.67;73.67;
2025;09;09;79;90.67;90.67;
2025;09;09;80;110.00;110.00;
2025;09;09;81;95.66;95.66;
2025;09;09;82;103.87;103.87;
2025;09;09;83;111.27;111.27;
2025;09;09;84;112.36;112.36;
2025;09;09;85;115.00;115.00;
2025;09;09;86;115.73;115.73;
2025;09;09;87;113.07;113.07;
2025;09;09;88;109.90;109.90;
2025;09;09;89;106.09;106.09;
2025;09;09;90;101.20;101.20;
2025;09;09;91;95.01;95.01;
2025;09;09;92;86.93;86.93;
2025;09;09;93;92.97;92.97;
2025;09;09;94;87.04;87.04;
2025;09;09;95;78.07;78.07;
2025;09;09;96;58.07;58.07;
*
