MARGINALPIBC;
2025;03;25;1;41.76;41.76;
2025;03;25;2;42.99;42.99;
2025;03;25;3;41.91;41.91;
2025;03;25;4;40.51;40.51;
2025;03;25;5;27.76;27.76;
2025;03;25;6;25.26;25.26;
2025;03;25;7;23.25;23.25;
2025;03;25;8;21.66;21.66;
2025;03;25;9;13.13;13.13;
2025;03;25;10;13.13;13.13;
2025;03;25;11;13.13;13.13;
2025;03;25;12;13.13;13.13;
2025;03;25;13;12.20;12.20;
2025;03;25;14;12.20;12.20;
2025;03;25;15;12.20;12.20;
2025;03;25;16;12.20;12.20;
2025;03;25;17;12.73;12.73;
2025;03;25;18;12.73;12.73;
2025;03;25;19;12.73;12.73;
2025;03;25;20;12.73;12.73;
2025;03;25;21;19.27;19.27;
2025;03;25;22;19.70;19.70;
2025;03;25;23;20.31;20.31;
2025;03;25;24;20.87;20.87;
2025;03;25;25;37.38;37.38;
2025;03;25;26;44.94;44.94;
2025;03;25;27;47.13;47.13;
2025;03;25;28;48.57;48.57;
2025;03;25;29;91.00;100.99;
2025;03;25;30;90.99;101.99;
2025;03;25;31;90.03;94.54;
2025;03;25;32;85.99;90.99;
2025;03;25;33;54.43;54.43;
2025;03;25;34;50.13;50.13;
2025;03;25;35;35.63;35.63;
2025;03;25;36;16.93;16.93;
2025;03;25;37;9.73;9.73;
2025;03;25;38;5.00;5.00;
2025;03;25;39;1.91;1.91;
2025;03;25;40;4.38;4.38;
2025;03;25;41;4.31;3.52;
2025;03;25;42;1.43;1.06;
2025;03;25;43;1.06;1.06;
2025;03;25;44;1.06;1.06;
2025;03;25;45;0.01;.01;
2025;03;25;46;0.00;.00;
2025;03;25;47;0.00;.00;
2025;03;25;48;0.00;.00;
2025;03;25;49;0.01;.01;
2025;03;25;50;0.01;.01;
2025;03;25;51;0.01;.01;
2025;03;25;52;0.01;.01;
2025;03;25;53;0.10;.10;
2025;03;25;54;0.15;.15;
2025;03;25;55;0.65;.65;
2025;03;25;56;0.65;.65;
2025;03;25;57;0.63;.63;
2025;03;25;58;0.65;.65;
2025;03;25;59;0.65;.65;
2025;03;25;60;0.65;.65;
2025;03;25;61;1.54;1.54;
2025;03;25;62;3.52;3.52;
2025;03;25;63;3.52;3.52;
2025;03;25;64;3.52;3.52;
2025;03;25;65;3.60;3.60;
2025;03;25;66;3.60;3.60;
2025;03;25;67;3.65;3.65;
2025;03;25;68;4.31;4.31;
2025;03;25;69;4.70;4.70;
2025;03;25;70;10.10;10.10;
2025;03;25;71;15.20;15.20;
2025;03;25;72;22.20;22.20;
2025;03;25;73;53.25;53.25;
2025;03;25;74;65.00;65.00;
2025;03;25;75;65.05;65.05;
2025;03;25;76;76.23;89.52;
2025;03;25;77;47.14;160.86;
2025;03;25;78;47.14;160.86;
2025;03;25;79;90.03;160.86;
2025;03;25;80;157.64;157.64;
2025;03;25;81;52.73;158.84;
2025;03;25;82;90.03;157.30;
2025;03;25;83;146.62;156.74;
2025;03;25;84;152.18;156.19;
2025;03;25;85;128.44;130.00;
2025;03;25;86;127.69;127.69;
2025;03;25;87;126.30;126.30;
2025;03;25;88;126.26;126.26;
2025;03;25;89;104.28;112.24;
2025;03;25;90;104.28;106.50;
2025;03;25;91;104.28;106.92;
2025;03;25;92;104.28;104.28;
2025;03;25;93;90.03;99.01;
2025;03;25;94;90.03;99.00;
2025;03;25;95;90.03;99.00;
2025;03;25;96;90.03;98.00;
*
