MARGINALPIBC;
2025;12;26;1;94.36;94.36;
2025;12;26;2;90.96;90.96;
2025;12;26;3;86.36;86.36;
2025;12;26;4;85.43;85.43;
2025;12;26;5;88.00;88.00;
2025;12;26;6;85.92;85.92;
2025;12;26;7;85.64;85.64;
2025;12;26;8;81.64;81.64;
2025;12;26;9;84.17;84.17;
2025;12;26;10;80.00;80.00;
2025;12;26;11;78.11;78.11;
2025;12;26;12;72.48;72.48;
2025;12;26;13;78.00;78.00;
2025;12;26;14;75.73;75.73;
2025;12;26;15;70.41;70.41;
2025;12;26;16;65.01;65.01;
2025;12;26;17;66.60;66.60;
2025;12;26;18;62.61;62.61;
2025;12;26;19;64.82;64.82;
2025;12;26;20;60.01;60.01;
2025;12;26;21;61.11;61.11;
2025;12;26;22;63.00;63.00;
2025;12;26;23;66.50;66.50;
2025;12;26;24;68.30;68.30;
2025;12;26;25;69.87;69.87;
2025;12;26;26;74.50;74.50;
2025;12;26;27;78.48;78.48;
2025;12;26;28;82.48;82.48;
2025;12;26;29;81.67;81.67;
2025;12;26;30;84.52;84.52;
2025;12;26;31;85.06;85.06;
2025;12;26;32;86.78;86.78;
2025;12;26;33;86.22;86.22;
2025;12;26;34;86.94;86.94;
2025;12;26;35;87.97;87.97;
2025;12;26;36;90.47;90.47;
2025;12;26;37;95.33;95.33;
2025;12;26;38;90.85;90.85;
2025;12;26;39;88.80;88.80;
2025;12;26;40;84.66;84.66;
2025;12;26;41;99.33;99.33;
2025;12;26;42;92.01;92.01;
2025;12;26;43;87.40;87.40;
2025;12;26;44;83.88;83.88;
2025;12;26;45;90.00;90.00;
2025;12;26;46;87.72;87.72;
2025;12;26;47;86.13;86.13;
2025;12;26;48;83.24;83.24;
2025;12;26;49;85.46;85.46;
2025;12;26;50;84.77;84.77;
2025;12;26;51;84.18;84.18;
2025;12;26;52;83.32;83.32;
2025;12;26;53;82.48;82.48;
2025;12;26;54;82.68;82.68;
2025;12;26;55;81.65;81.65;
2025;12;26;56;82.16;82.16;
2025;12;26;57;77.78;77.78;
2025;12;26;58;80.44;80.44;
2025;12;26;59;82.30;82.30;
2025;12;26;60;84.54;84.54;
2025;12;26;61;73.89;73.89;
2025;12;26;62;77.97;77.97;
2025;12;26;63;81.76;81.76;
2025;12;26;64;86.78;86.78;
2025;12;26;65;81.95;81.95;
2025;12;26;66;85.93;85.93;
2025;12;26;67;83.17;83.17;
2025;12;26;68;89.69;89.69;
2025;12;26;69;82.48;82.48;
2025;12;26;70;89.03;89.03;
2025;12;26;71;90.96;90.96;
2025;12;26;72;97.29;97.29;
2025;12;26;73;92.59;92.59;
2025;12;26;74;96.50;96.50;
2025;12;26;75;99.82;99.82;
2025;12;26;76;101.60;101.60;
2025;12;26;77;97.00;99.46;
2025;12;26;78;95.73;100.84;
2025;12;26;79;95.38;100.00;
2025;12;26;80;95.73;100.61;
2025;12;26;81;99.76;99.76;
2025;12;26;82;100.70;100.70;
2025;12;26;83;98.07;98.07;
2025;12;26;84;99.41;99.41;
2025;12;26;85;104.50;104.50;
2025;12;26;86;97.40;97.40;
2025;12;26;87;90.91;90.91;
2025;12;26;88;90.01;90.01;
2025;12;26;89;91.11;91.11;
2025;12;26;90;89.82;89.82;
2025;12;26;91;91.21;91.21;
2025;12;26;92;87.59;87.59;
2025;12;26;93;89.26;89.26;
2025;12;26;94;86.22;86.22;
2025;12;26;95;85.85;85.85;
2025;12;26;96;82.48;82.48;
*
