MARGINALPIBC;
2025;12;09;1;54.97;54.97;
2025;12;09;2;50.62;50.62;
2025;12;09;3;41.62;41.62;
2025;12;09;4;40.28;40.28;
2025;12;09;5;40.30;40.30;
2025;12;09;6;33.00;33.00;
2025;12;09;7;35.37;35.37;
2025;12;09;8;32.01;32.01;
2025;12;09;9;33.99;33.99;
2025;12;09;10;32.01;32.01;
2025;12;09;11;30.99;30.99;
2025;12;09;12;30.51;30.51;
2025;12;09;13;31.84;31.84;
2025;12;09;14;30.51;30.51;
2025;12;09;15;30.51;30.51;
2025;12;09;16;30.51;30.51;
2025;12;09;17;30.01;30.01;
2025;12;09;18;30.01;30.01;
2025;12;09;19;30.50;30.50;
2025;12;09;20;30.51;30.51;
2025;12;09;21;30.51;30.51;
2025;12;09;22;30.75;30.75;
2025;12;09;23;34.98;34.98;
2025;12;09;24;35.50;35.50;
2025;12;09;25;32.01;32.01;
2025;12;09;26;40.00;40.00;
2025;12;09;27;51.43;51.43;
2025;12;09;28;60.99;60.99;
2025;12;09;29;74.70;74.70;
2025;12;09;30;79.00;79.00;
2025;12;09;31;82.52;82.52;
2025;12;09;32;86.42;86.42;
2025;12;09;33;87.13;87.13;
2025;12;09;34;86.42;86.42;
2025;12;09;35;86.32;86.32;
2025;12;09;36;82.48;82.48;
2025;12;09;37;85.28;85.28;
2025;12;09;38;75.01;75.01;
2025;12;09;39;56.22;56.22;
2025;12;09;40;45.11;45.11;
2025;12;09;41;53.47;53.47;
2025;12;09;42;41.85;41.85;
2025;12;09;43;30.51;30.51;
2025;12;09;44;16.83;16.83;
2025;12;09;45;16.79;16.79;
2025;12;09;46;15.28;15.28;
2025;12;09;47;10.00;10.00;
2025;12;09;48;6.76;5.76;
2025;12;09;49;11.19;11.19;
2025;12;09;50;9.33;9.33;
2025;12;09;51;10.90;10.90;
2025;12;09;52;13.20;13.20;
2025;12;09;53;11.72;11.72;
2025;12;09;54;12.79;12.79;
2025;12;09;55;13.85;13.85;
2025;12;09;56;17.21;17.21;
2025;12;09;57;16.35;16.35;
2025;12;09;58;25.28;25.28;
2025;12;09;59;27.08;27.08;
2025;12;09;60;28.99;28.99;
2025;12;09;61;33.36;33.36;
2025;12;09;62;46.84;46.84;
2025;12;09;63;73.22;73.22;
2025;12;09;64;75.08;75.08;
2025;12;09;65;60.12;60.12;
2025;12;09;66;78.30;78.30;
2025;12;09;67;84.08;84.08;
2025;12;09;68;85.70;85.70;
2025;12;09;69;80.94;80.94;
2025;12;09;70;84.90;84.90;
2025;12;09;71;92.50;92.50;
2025;12;09;72;101.97;101.97;
2025;12;09;73;93.64;93.64;
2025;12;09;74;99.84;99.84;
2025;12;09;75;100.75;100.75;
2025;12;09;76;101.71;101.71;
2025;12;09;77;91.00;91.00;
2025;12;09;78;101.70;101.70;
2025;12;09;79;105.01;105.01;
2025;12;09;80;105.82;105.82;
2025;12;09;81;106.62;106.62;
2025;12;09;82;108.98;108.98;
2025;12;09;83;113.16;113.16;
2025;12;09;84;110.75;110.75;
2025;12;09;85;127.80;127.80;
2025;12;09;86;113.30;113.30;
2025;12;09;87;105.00;105.00;
2025;12;09;88;102.97;102.97;
2025;12;09;89;98.19;98.19;
2025;12;09;90;97.31;97.31;
2025;12;09;91;94.16;94.16;
2025;12;09;92;95.01;95.01;
2025;12;09;93;94.85;94.85;
2025;12;09;94;87.84;87.84;
2025;12;09;95;86.41;86.41;
2025;12;09;96;85.01;85.01;
*
