MARGINALPIBC;
2025;06;09;1;90.60;90.60;
2025;06;09;2;88.60;88.60;
2025;06;09;3;85.60;85.60;
2025;06;09;4;84.60;84.60;
2025;06;09;5;80.11;80.11;
2025;06;09;6;76.94;76.94;
2025;06;09;7;72.94;72.94;
2025;06;09;8;72.94;72.94;
2025;06;09;9;75.94;75.94;
2025;06;09;10;75.94;75.94;
2025;06;09;11;75.94;75.94;
2025;06;09;12;77.36;77.36;
2025;06;09;13;79.00;79.00;
2025;06;09;14;78.00;78.00;
2025;06;09;15;80.00;80.00;
2025;06;09;16;80.00;80.00;
2025;06;09;17;80.00;80.00;
2025;06;09;18;80.86;80.86;
2025;06;09;19;82.86;82.86;
2025;06;09;20;86.21;86.21;
2025;06;09;21;85.35;85.35;
2025;06;09;22;86.35;86.35;
2025;06;09;23;87.35;87.35;
2025;06;09;24;89.70;89.70;
2025;06;09;25;87.25;87.25;
2025;06;09;26;89.58;89.58;
2025;06;09;27;92.30;92.30;
2025;06;09;28;96.47;96.47;
2025;06;09;29;99.06;99.06;
2025;06;09;30;97.66;97.66;
2025;06;09;31;93.30;93.30;
2025;06;09;32;89.44;89.44;
2025;06;09;33;95.34;95.34;
2025;06;09;34;88.51;88.51;
2025;06;09;35;68.10;68.10;
2025;06;09;36;47.70;47.70;
2025;06;09;37;55.10;55.10;
2025;06;09;38;25.10;25.10;
2025;06;09;39;20.06;17.10;
2025;06;09;40;20.06;-.01;
2025;06;09;41;22.19;22.19;
2025;06;09;42;13.30;12.19;
2025;06;09;43;13.20;5.93;
2025;06;09;44;13.30;-.02;
2025;06;09;45;17.18;3.52;
2025;06;09;46;12.88;3.17;
2025;06;09;47;12.88;3.17;
2025;06;09;48;12.78;3.17;
2025;06;09;49;12.63;1.72;
2025;06;09;50;12.63;1.72;
2025;06;09;51;12.63;1.72;
2025;06;09;52;12.53;1.72;
2025;06;09;53;14.44;1.72;
2025;06;09;54;12.63;1.72;
2025;06;09;55;12.53;1.72;
2025;06;09;56;12.53;1.72;
2025;06;09;57;22.79;2.95;
2025;06;09;58;22.79;3.45;
2025;06;09;59;22.79;3.52;
2025;06;09;60;22.79;3.00;
2025;06;09;61;6.70;3.17;
2025;06;09;62;6.70;3.17;
2025;06;09;63;6.70;3.17;
2025;06;09;64;6.70;3.52;
2025;06;09;65;6.17;.57;
2025;06;09;66;6.17;3.13;
2025;06;09;67;6.17;5.66;
2025;06;09;68;17.99;17.99;
2025;06;09;69;12.39;12.39;
2025;06;09;70;12.39;12.39;
2025;06;09;71;17.39;17.39;
2025;06;09;72;31.04;31.04;
2025;06;09;73;37.70;37.70;
2025;06;09;74;45.00;45.00;
2025;06;09;75;50.05;50.05;
2025;06;09;76;70.00;70.00;
2025;06;09;77;55.50;55.50;
2025;06;09;78;80.00;80.00;
2025;06;09;79;90.46;90.46;
2025;06;09;80;100.31;100.31;
2025;06;09;81;87.06;87.06;
2025;06;09;82;94.76;94.76;
2025;06;09;83;104.56;104.56;
2025;06;09;84;113.76;113.76;
2025;06;09;85;129.00;129.00;
2025;06;09;86;130.00;130.00;
2025;06;09;87;130.50;130.50;
2025;06;09;88;130.00;130.00;
2025;06;09;89;119.97;119.97;
2025;06;09;90;119.10;119.10;
2025;06;09;91;115.83;115.83;
2025;06;09;92;113.41;113.41;
2025;06;09;93;106.06;106.06;
2025;06;09;94;100.04;100.04;
2025;06;09;95;98.28;98.28;
2025;06;09;96;94.37;94.37;
*
