MARGINALPIBC;
2026;03;13;1;78.01;78.01;
2026;03;13;2;75.20;75.20;
2026;03;13;3;71.95;71.95;
2026;03;13;4;60.00;60.00;
2026;03;13;5;78.77;78.77;
2026;03;13;6;71.95;71.95;
2026;03;13;7;70.37;70.37;
2026;03;13;8;60.50;60.50;
2026;03;13;9;53.00;53.00;
2026;03;13;10;48.00;48.00;
2026;03;13;11;45.00;45.00;
2026;03;13;12;46.12;46.12;
2026;03;13;13;53.00;53.00;
2026;03;13;14;45.01;45.01;
2026;03;13;15;44.70;44.70;
2026;03;13;16;45.00;45.00;
2026;03;13;17;43.94;43.94;
2026;03;13;18;46.12;46.12;
2026;03;13;19;46.12;46.12;
2026;03;13;20;50.20;50.20;
2026;03;13;21;45.00;45.00;
2026;03;13;22;45.80;45.80;
2026;03;13;23;45.01;45.01;
2026;03;13;24;55.50;55.50;
2026;03;13;25;58.12;58.12;
2026;03;13;26;50.00;50.00;
2026;03;13;27;68.80;68.80;
2026;03;13;28;73.53;73.53;
2026;03;13;29;73.53;73.53;
2026;03;13;30;78.00;78.00;
2026;03;13;31;85.43;85.43;
2026;03;13;32;75.40;75.40;
2026;03;13;33;85.96;85.96;
2026;03;13;34;73.53;73.53;
2026;03;13;35;38.67;38.67;
2026;03;13;36;31.29;31.29;
2026;03;13;37;45.75;45.75;
2026;03;13;38;20.00;20.00;
2026;03;13;39;3.78;3.78;
2026;03;13;40;2.00;1.50;
2026;03;13;41;10.47;1.98;
2026;03;13;42;8.47;.91;
2026;03;13;43;8.47;.91;
2026;03;13;44;7.98;.01;
2026;03;13;45;6.01;.00;
2026;03;13;46;5.01;.01;
2026;03;13;47;3.00;.00;
2026;03;13;48;2.00;.00;
2026;03;13;49;2.00;.00;
2026;03;13;50;2.00;.00;
2026;03;13;51;2.00;.00;
2026;03;13;52;2.00;.00;
2026;03;13;53;2.00;.00;
2026;03;13;54;2.00;.00;
2026;03;13;55;0.02;.00;
2026;03;13;56;0.02;.00;
2026;03;13;57;2.00;.00;
2026;03;13;58;2.00;.00;
2026;03;13;59;0.02;.00;
2026;03;13;60;0.02;.00;
2026;03;13;61;2.00;.00;
2026;03;13;62;2.00;.00;
2026;03;13;63;0.02;.00;
2026;03;13;64;0.02;.00;
2026;03;13;65;0.00;.00;
2026;03;13;66;0.00;.00;
2026;03;13;67;0.00;.00;
2026;03;13;68;0.91;.91;
2026;03;13;69;0.91;.91;
2026;03;13;70;3.78;3.78;
2026;03;13;71;11.23;11.23;
2026;03;13;72;35.00;35.00;
2026;03;13;73;48.63;48.63;
2026;03;13;74;84.74;84.74;
2026;03;13;75;93.47;100.12;
2026;03;13;76;99.54;109.00;
2026;03;13;77;85.79;102.58;
2026;03;13;78;95.08;110.08;
2026;03;13;79;97.36;117.16;
2026;03;13;80;97.11;118.07;
2026;03;13;81;98.53;106.01;
2026;03;13;82;98.53;106.38;
2026;03;13;83;96.66;96.66;
2026;03;13;84;91.29;91.29;
2026;03;13;85;97.81;97.81;
2026;03;13;86;95.37;95.37;
2026;03;13;87;90.00;90.00;
2026;03;13;88;80.98;80.98;
2026;03;13;89;84.63;85.13;
2026;03;13;90;81.79;86.19;
2026;03;13;91;73.86;80.00;
2026;03;13;92;71.95;71.95;
2026;03;13;93;71.95;71.95;
2026;03;13;94;70.37;70.37;
2026;03;13;95;67.12;67.12;
2026;03;13;96;44.99;44.99;
*
