MARGINALPIBC;
2025;02;26;1;102.48;102.48;
2025;02;26;2;86.97;86.97;
2025;02;26;3;90.98;90.98;
2025;02;26;4;86.48;86.48;
2025;02;26;5;88.69;88.69;
2025;02;26;6;96.37;96.37;
2025;02;26;7;111.26;111.26;
2025;02;26;8;136.58;136.58;
2025;02;26;9;139.08;139.08;
2025;02;26;10;104.46;104.46;
2025;02;26;11;65.00;65.00;
2025;02;26;12;63.01;63.01;
2025;02;26;13;56.20;56.20;
2025;02;26;14;57.50;57.50;
2025;02;26;15;54.59;54.59;
2025;02;26;16;58.33;58.33;
2025;02;26;17;71.98;71.98;
2025;02;26;18;95.00;95.00;
2025;02;26;19;126.37;126.37;
2025;02;26;20;161.90;161.94;
2025;02;26;21;224.50;224.50;
2025;02;26;22;180.80;180.80;
2025;02;26;23;128.66;128.66;
2025;02;26;24;124.68;124.68;
*
