MARGINALPIBC;
2025;05;08;1;70.01;45.00;
2025;05;08;2;45.10;37.59;
2025;05;08;3;35.10;16.77;
2025;05;08;4;12.91;12.91;
2025;05;08;5;30.17;21.88;
2025;05;08;6;30.07;17.87;
2025;05;08;7;30.07;15.78;
2025;05;08;8;14.00;14.00;
2025;05;08;9;50.01;17.22;
2025;05;08;10;30.30;15.63;
2025;05;08;11;28.30;15.59;
2025;05;08;12;28.30;13.63;
2025;05;08;13;50.01;4.11;
2025;05;08;14;39.99;3.65;
2025;05;08;15;39.99;3.58;
2025;05;08;16;39.99;3.55;
2025;05;08;17;39.70;5.65;
2025;05;08;18;39.70;6.65;
2025;05;08;19;39.70;7.30;
2025;05;08;20;27.80;11.65;
2025;05;08;21;39.01;9.02;
2025;05;08;22;39.01;9.52;
2025;05;08;23;39.01;14.00;
2025;05;08;24;39.01;26.92;
2025;05;08;25;25.09;25.09;
2025;05;08;26;30.09;30.09;
2025;05;08;27;40.09;40.09;
2025;05;08;28;53.91;53.91;
2025;05;08;29;45.29;45.29;
2025;05;08;30;52.91;52.91;
2025;05;08;31;55.28;55.28;
2025;05;08;32;55.00;55.00;
2025;05;08;33;65.00;65.00;
2025;05;08;34;63.01;63.01;
2025;05;08;35;70.01;51.11;
2025;05;08;36;70.01;34.00;
2025;05;08;37;40.29;32.17;
2025;05;08;38;70.01;7.60;
2025;05;08;39;70.01;1.26;
2025;05;08;40;50.29;.00;
2025;05;08;41;51.79;14.10;
2025;05;08;42;51.79;3.52;
2025;05;08;43;49.69;.85;
2025;05;08;44;35.01;.10;
2025;05;08;45;49.30;1.50;
2025;05;08;46;49.30;.85;
2025;05;08;47;35.01;.01;
2025;05;08;48;35.01;.00;
2025;05;08;49;45.10;.00;
2025;05;08;50;45.10;.00;
2025;05;08;51;35.01;.00;
2025;05;08;52;35.01;.00;
2025;05;08;53;44.55;10.75;
2025;05;08;54;44.25;5.98;
2025;05;08;55;10.01;3.52;
2025;05;08;56;10.01;1.72;
2025;05;08;57;32.97;.65;
2025;05;08;58;10.01;.14;
2025;05;08;59;10.01;.01;
2025;05;08;60;10.01;.00;
2025;05;08;61;10.01;.65;
2025;05;08;62;28.79;.01;
2025;05;08;63;10.01;.01;
2025;05;08;64;10.01;.01;
2025;05;08;65;24.00;.65;
2025;05;08;66;10.01;.65;
2025;05;08;67;10.01;.85;
2025;05;08;68;10.01;1.00;
2025;05;08;69;10.01;.01;
2025;05;08;70;10.01;.85;
2025;05;08;71;24.20;3.01;
2025;05;08;72;24.20;3.52;
2025;05;08;73;36.20;-3.62;
2025;05;08;74;36.20;-1.90;
2025;05;08;75;50.01;3.52;
2025;05;08;76;70.01;12.01;
2025;05;08;77;36.09;.00;
2025;05;08;78;36.49;11.02;
2025;05;08;79;70.01;35.11;
2025;05;08;80;80.01;56.04;
2025;05;08;81;10.01;4.27;
2025;05;08;82;30.10;30.10;
2025;05;08;83;70.01;53.91;
2025;05;08;84;80.01;67.73;
2025;05;08;85;81.08;81.08;
2025;05;08;86;84.59;84.59;
2025;05;08;87;84.59;84.59;
2025;05;08;88;80.93;80.93;
2025;05;08;89;80.00;80.00;
2025;05;08;90;62.51;62.51;
2025;05;08;91;55.00;55.00;
2025;05;08;92;50.00;50.00;
2025;05;08;93;52.22;52.22;
2025;05;08;94;40.21;35.10;
2025;05;08;95;40.01;30.10;
2025;05;08;96;20.00;20.00;
*
