MARGINALPIBC;
2026;05;20;1;103.12;103.12;
2026;05;20;2;100.30;100.30;
2026;05;20;3;97.95;97.95;
2026;05;20;4;90.30;90.30;
2026;05;20;5;94.50;94.50;
2026;05;20;6;88.74;88.74;
2026;05;20;7;86.55;86.55;
2026;05;20;8;85.86;85.86;
2026;05;20;9;80.80;80.80;
2026;05;20;10;74.28;74.28;
2026;05;20;11;70.50;70.50;
2026;05;20;12;70.19;70.19;
2026;05;20;13;74.97;74.97;
2026;05;20;14;75.01;75.01;
2026;05;20;15;74.26;74.26;
2026;05;20;16;73.27;73.27;
2026;05;20;17;71.02;71.02;
2026;05;20;18;71.02;71.02;
2026;05;20;19;71.54;71.54;
2026;05;20;20;71.41;71.41;
2026;05;20;21;69.78;69.78;
2026;05;20;22;67.76;67.76;
2026;05;20;23;70.75;70.75;
2026;05;20;24;84.01;84.01;
2026;05;20;25;99.00;99.00;
2026;05;20;26;95.00;95.00;
2026;05;20;27;102.65;102.65;
2026;05;20;28;106.05;106.05;
2026;05;20;29;113.20;113.20;
2026;05;20;30;114.70;114.70;
2026;05;20;31;106.17;106.17;
2026;05;20;32;95.67;95.67;
2026;05;20;33;110.27;110.27;
2026;05;20;34;97.60;97.60;
2026;05;20;35;89.47;89.47;
2026;05;20;36;58.59;58.59;
2026;05;20;37;68.60;68.60;
2026;05;20;38;51.90;51.90;
2026;05;20;39;20.01;20.01;
2026;05;20;40;17.00;-1.13;
2026;05;20;41;17.00;.83;
2026;05;20;42;11.75;-.63;
2026;05;20;43;11.75;-2.05;
2026;05;20;44;10.01;-10.00;
2026;05;20;45;17.32;-1.00;
2026;05;20;46;12.00;-3.30;
2026;05;20;47;12.00;-11.00;
2026;05;20;48;11.45;.00;
2026;05;20;49;10.10;-.01;
2026;05;20;50;10.01;-.01;
2026;05;20;51;5.02;-8.01;
2026;05;20;52;5.02;-.01;
2026;05;20;53;4.00;-.05;
2026;05;20;54;2.96;-.05;
2026;05;20;55;2.51;-.01;
2026;05;20;56;2.51;-.30;
2026;05;20;57;2.51;.00;
2026;05;20;58;2.50;.00;
2026;05;20;59;2.51;-.34;
2026;05;20;60;2.51;-.34;
2026;05;20;61;2.51;-.16;
2026;05;20;62;2.51;-.30;
2026;05;20;63;2.22;-.30;
2026;05;20;64;2.00;-.30;
2026;05;20;65;2.22;-.15;
2026;05;20;66;2.51;-.30;
2026;05;20;67;2.51;.00;
2026;05;20;68;2.51;.00;
2026;05;20;69;2.51;1.00;
2026;05;20;70;3.01;-2.00;
2026;05;20;71;4.89;.00;
2026;05;20;72;5.02;.84;
2026;05;20;73;5.00;5.00;
2026;05;20;74;8.96;8.96;
2026;05;20;75;11.95;11.95;
2026;05;20;76;25.00;25.00;
2026;05;20;77;8.02;8.02;
2026;05;20;78;35.34;35.34;
2026;05;20;79;60.96;60.96;
2026;05;20;80;89.05;89.05;
2026;05;20;81;70.00;70.00;
2026;05;20;82;98.45;98.45;
2026;05;20;83;116.04;116.04;
2026;05;20;84;123.10;123.10;
2026;05;20;85;117.01;117.01;
2026;05;20;86;128.00;128.00;
2026;05;20;87;130.21;130.21;
2026;05;20;88;124.47;124.47;
2026;05;20;89;132.39;132.39;
2026;05;20;90;121.03;121.03;
2026;05;20;91;130.01;130.01;
2026;05;20;92;120.64;120.64;
2026;05;20;93;116.06;116.06;
2026;05;20;94;114.01;114.01;
2026;05;20;95;112.19;112.19;
2026;05;20;96;105.05;105.05;
*
