MARGINALPIBC;
2025;11;19;1;97.26;97.26;
2025;11;19;2;95.42;95.42;
2025;11;19;3;94.40;94.40;
2025;11;19;4;93.25;93.25;
2025;11;19;5;92.56;92.56;
2025;11;19;6;91.73;91.73;
2025;11;19;7;91.66;91.66;
2025;11;19;8;91.66;91.66;
2025;11;19;9;89.45;89.45;
2025;11;19;10;89.26;89.26;
2025;11;19;11;89.29;89.29;
2025;11;19;12;89.29;89.29;
2025;11;19;13;89.13;89.13;
2025;11;19;14;89.13;89.13;
2025;11;19;15;89.26;89.26;
2025;11;19;16;89.20;89.20;
2025;11;19;17;89.26;89.26;
2025;11;19;18;88.82;88.82;
2025;11;19;19;88.95;88.95;
2025;11;19;20;89.13;89.13;
2025;11;19;21;88.70;88.70;
2025;11;19;22;88.84;88.84;
2025;11;19;23;89.13;89.13;
2025;11;19;24;90.96;90.96;
2025;11;19;25;101.05;101.05;
2025;11;19;26;102.94;102.94;
2025;11;19;27;105.74;105.74;
2025;11;19;28;112.28;112.28;
2025;11;19;29;101.99;101.99;
2025;11;19;30;108.06;108.06;
2025;11;19;31;114.84;114.84;
2025;11;19;32;115.55;115.55;
2025;11;19;33;125.74;125.74;
2025;11;19;34;118.11;118.11;
2025;11;19;35;109.90;109.90;
2025;11;19;36;100.12;100.12;
2025;11;19;37;102.18;102.18;
2025;11;19;38;95.23;95.23;
2025;11;19;39;90.03;90.03;
2025;11;19;40;88.68;88.68;
2025;11;19;41;92.67;92.67;
2025;11;19;42;89.13;89.13;
2025;11;19;43;86.70;86.70;
2025;11;19;44;81.50;81.50;
2025;11;19;45;81.43;81.43;
2025;11;19;46;78.14;78.14;
2025;11;19;47;76.80;76.80;
2025;11;19;48;76.80;76.80;
2025;11;19;49;80.56;80.56;
2025;11;19;50;76.60;76.60;
2025;11;19;51;76.60;76.60;
2025;11;19;52;73.55;73.55;
2025;11;19;53;76.60;76.60;
2025;11;19;54;71.99;71.99;
2025;11;19;55;72.82;72.82;
2025;11;19;56;76.60;76.60;
2025;11;19;57;76.60;76.60;
2025;11;19;58;76.60;76.60;
2025;11;19;59;76.60;76.60;
2025;11;19;60;76.96;76.96;
2025;11;19;61;73.25;73.25;
2025;11;19;62;79.73;79.73;
2025;11;19;63;81.17;81.17;
2025;11;19;64;85.30;85.30;
2025;11;19;65;75.94;75.94;
2025;11;19;66;83.90;83.90;
2025;11;19;67;89.50;89.50;
2025;11;19;68;93.41;93.41;
2025;11;19;69;96.70;96.70;
2025;11;19;70;105.27;105.27;
2025;11;19;71;112.85;112.85;
2025;11;19;72;118.40;118.40;
2025;11;19;73;112.34;112.34;
2025;11;19;74;114.84;114.84;
2025;11;19;75;118.62;118.62;
2025;11;19;76;119.69;119.69;
2025;11;19;77;114.11;114.11;
2025;11;19;78;116.29;116.29;
2025;11;19;79;118.49;118.49;
2025;11;19;80;120.08;120.08;
2025;11;19;81;121.86;121.86;
2025;11;19;82;121.26;121.26;
2025;11;19;83;120.55;120.55;
2025;11;19;84;117.83;117.83;
2025;11;19;85;117.35;117.35;
2025;11;19;86;113.04;113.04;
2025;11;19;87;106.83;106.83;
2025;11;19;88;97.89;97.89;
2025;11;19;89;103.76;103.76;
2025;11;19;90;98.45;98.45;
2025;11;19;91;96.08;96.08;
2025;11;19;92;93.22;93.22;
2025;11;19;93;97.25;97.25;
2025;11;19;94;93.49;93.49;
2025;11;19;95;91.65;91.65;
2025;11;19;96;89.11;89.11;
*
