MARGINALPIBC;
2025;02;25;1;88.75;88.75;
2025;02;25;2;77.12;77.12;
2025;02;25;3;73.90;73.90;
2025;02;25;4;73.98;73.98;
2025;02;25;5;81.17;81.17;
2025;02;25;6;89.26;89.26;
2025;02;25;7;101.00;101.00;
2025;02;25;8;123.75;123.75;
2025;02;25;9;139.25;139.25;
2025;02;25;10;125.48;125.48;
2025;02;25;11;107.00;107.00;
2025;02;25;12;92.50;92.50;
2025;02;25;13;79.85;79.85;
2025;02;25;14;76.37;76.37;
2025;02;25;15;65.17;65.17;
2025;02;25;16;69.57;69.57;
2025;02;25;17;71.00;71.00;
2025;02;25;18;86.10;86.10;
2025;02;25;19;114.49;114.49;
2025;02;25;20;140.99;140.99;
2025;02;25;21;137.99;137.99;
2025;02;25;22;128.97;128.97;
2025;02;25;23;114.29;114.29;
2025;02;25;24;108.80;108.80;
*
