MARGINALPIBC;
2025;03;09;1;35.40;35.40;
2025;03;09;2;34.01;34.01;
2025;03;09;3;35.01;35.01;
2025;03;09;4;27.84;27.84;
2025;03;09;5;23.50;23.50;
2025;03;09;6;26.42;26.42;
2025;03;09;7;26.81;26.81;
2025;03;09;8;30.00;30.00;
2025;03;09;9;33.00;33.00;
2025;03;09;10;28.27;28.27;
2025;03;09;11;9.99;9.99;
2025;03;09;12;7.66;7.66;
2025;03;09;13;11.21;11.21;
2025;03;09;14;6.80;6.80;
2025;03;09;15;3.52;3.52;
2025;03;09;16;15.56;15.56;
2025;03;09;17;35.10;35.10;
2025;03;09;18;47.68;47.68;
2025;03;09;19;89.02;89.02;
2025;03;09;20;125.01;125.01;
2025;03;09;21;127.60;127.60;
2025;03;09;22;110.66;114.76;
2025;03;09;23;92.04;97.04;
2025;03;09;24;83.06;88.06;
*
