MARGINALPIBC;
2025;10;29;1;92.25;92.25;
2025;10;29;2;91.36;91.36;
2025;10;29;3;89.92;89.92;
2025;10;29;4;88.74;88.74;
2025;10;29;5;90.81;90.81;
2025;10;29;6;89.34;89.34;
2025;10;29;7;87.76;87.76;
2025;10;29;8;87.51;87.51;
2025;10;29;9;86.91;86.91;
2025;10;29;10;87.20;87.20;
2025;10;29;11;86.99;86.99;
2025;10;29;12;87.40;87.40;
2025;10;29;13;87.97;87.97;
2025;10;29;14;87.29;87.29;
2025;10;29;15;87.32;87.32;
2025;10;29;16;87.12;87.12;
2025;10;29;17;87.40;87.40;
2025;10;29;18;87.09;87.09;
2025;10;29;19;88.40;88.40;
2025;10;29;20;88.01;88.01;
2025;10;29;21;86.86;86.86;
2025;10;29;22;86.23;86.23;
2025;10;29;23;86.70;86.70;
2025;10;29;24;87.40;87.40;
2025;10;29;25;87.45;87.45;
2025;10;29;26;88.41;88.41;
2025;10;29;27;90.20;90.20;
2025;10;29;28;99.00;99.00;
2025;10;29;29;108.44;108.44;
2025;10;29;30;110.67;110.67;
2025;10;29;31;112.92;112.92;
2025;10;29;32;112.29;112.29;
2025;10;29;33;112.01;112.01;
2025;10;29;34;112.26;112.26;
2025;10;29;35;109.41;109.41;
2025;10;29;36;106.59;106.59;
2025;10;29;37;106.78;106.78;
2025;10;29;38;105.50;105.50;
2025;10;29;39;100.88;100.88;
2025;10;29;40;95.00;95.00;
2025;10;29;41;95.00;94.90;
2025;10;29;42;90.00;90.00;
2025;10;29;43;86.22;86.22;
2025;10;29;44;85.00;85.00;
2025;10;29;45;85.01;85.01;
2025;10;29;46;82.51;82.51;
2025;10;29;47;82.51;82.51;
2025;10;29;48;82.51;82.51;
2025;10;29;49;83.38;83.38;
2025;10;29;50;82.51;82.51;
2025;10;29;51;82.51;82.51;
2025;10;29;52;82.87;82.87;
2025;10;29;53;82.59;82.59;
2025;10;29;54;85.01;85.01;
2025;10;29;55;85.01;85.01;
2025;10;29;56;87.73;87.73;
2025;10;29;57;84.54;84.54;
2025;10;29;58;86.70;86.70;
2025;10;29;59;97.32;97.32;
2025;10;29;60;106.02;106.02;
2025;10;29;61;95.00;95.00;
2025;10;29;62;101.77;101.77;
2025;10;29;63;106.09;106.09;
2025;10;29;64;107.40;107.40;
2025;10;29;65;106.07;106.07;
2025;10;29;66;107.30;107.30;
2025;10;29;67;100.99;100.99;
2025;10;29;68;106.33;106.33;
2025;10;29;69;113.88;113.88;
2025;10;29;70;116.59;116.59;
2025;10;29;71;131.00;131.00;
2025;10;29;72;134.88;134.88;
2025;10;29;73;136.35;136.35;
2025;10;29;74;142.57;142.57;
2025;10;29;75;146.23;146.23;
2025;10;29;76;153.79;153.79;
2025;10;29;77;150.99;150.99;
2025;10;29;78;159.01;159.01;
2025;10;29;79;165.44;165.44;
2025;10;29;80;165.99;165.99;
2025;10;29;81;168.83;168.83;
2025;10;29;82;170.11;170.11;
2025;10;29;83;169.71;169.71;
2025;10;29;84;170.00;170.00;
2025;10;29;85;166.43;166.43;
2025;10;29;86;163.78;163.78;
2025;10;29;87;151.50;151.50;
2025;10;29;88;145.88;145.88;
2025;10;29;89;145.20;145.20;
2025;10;29;90;136.35;136.35;
2025;10;29;91;135.01;135.01;
2025;10;29;92;132.97;132.97;
2025;10;29;93;132.97;132.97;
2025;10;29;94;129.15;122.35;
2025;10;29;95;122.15;118.46;
2025;10;29;96;120.57;115.63;
*
