MARGINALPIBC;
2025;04;01;1;90.00;90.00;
2025;04;01;2;87.00;87.00;
2025;04;01;3;79.01;79.01;
2025;04;01;4;62.94;62.94;
2025;04;01;5;75.78;75.78;
2025;04;01;6;70.78;70.78;
2025;04;01;7;70.78;70.78;
2025;04;01;8;57.78;57.78;
2025;04;01;9;68.02;68.02;
2025;04;01;10;62.52;62.52;
2025;04;01;11;60.00;60.00;
2025;04;01;12;53.00;53.00;
2025;04;01;13;55.47;55.47;
2025;04;01;14;53.00;53.00;
2025;04;01;15;53.00;53.00;
2025;04;01;16;53.00;53.00;
2025;04;01;17;53.00;53.00;
2025;04;01;18;53.00;53.00;
2025;04;01;19;53.65;53.65;
2025;04;01;20;53.00;53.00;
2025;04;01;21;55.97;55.97;
2025;04;01;22;58.20;58.20;
2025;04;01;23;60.21;60.21;
2025;04;01;24;64.20;64.20;
2025;04;01;25;72.20;72.20;
2025;04;01;26;80.19;80.19;
2025;04;01;27;82.19;82.19;
2025;04;01;28;84.22;84.22;
2025;04;01;29;143.60;144.51;
2025;04;01;30;143.60;152.40;
2025;04;01;31;150.50;152.91;
2025;04;01;32;155.50;155.60;
2025;04;01;33;179.36;179.36;
2025;04;01;34;164.37;164.37;
2025;04;01;35;151.38;151.38;
2025;04;01;36;127.66;127.66;
2025;04;01;37;99.97;99.97;
2025;04;01;38;90.82;90.82;
2025;04;01;39;79.98;79.98;
2025;04;01;40;53.00;53.00;
2025;04;01;41;50.84;50.84;
2025;04;01;42;38.10;38.10;
2025;04;01;43;26.11;26.11;
2025;04;01;44;19.04;19.04;
2025;04;01;45;12.00;12.00;
2025;04;01;46;5.20;5.20;
2025;04;01;47;5.20;5.20;
2025;04;01;48;4.20;4.20;
2025;04;01;49;4.26;.00;
2025;04;01;50;4.26;.00;
2025;04;01;51;3.59;.00;
2025;04;01;52;3.59;.00;
2025;04;01;53;3.48;.00;
2025;04;01;54;3.38;.00;
2025;04;01;55;2.48;.00;
2025;04;01;56;0.00;.00;
2025;04;01;57;2.80;-.58;
2025;04;01;58;1.80;-1.91;
2025;04;01;59;0.00;-2.01;
2025;04;01;60;0.00;-2.01;
2025;04;01;61;0.00;-.02;
2025;04;01;62;0.00;-.02;
2025;04;01;63;2.38;-.07;
2025;04;01;64;2.38;-.07;
2025;04;01;65;0.00;-.01;
2025;04;01;66;0.00;-.01;
2025;04;01;67;0.00;-.01;
2025;04;01;68;2.38;-.01;
2025;04;01;69;3.38;.00;
2025;04;01;70;3.38;.00;
2025;04;01;71;3.59;.00;
2025;04;01;72;3.59;.01;
2025;04;01;73;4.74;4.74;
2025;04;01;74;15.89;15.89;
2025;04;01;75;23.81;23.81;
2025;04;01;76;47.16;47.16;
2025;04;01;77;42.02;42.02;
2025;04;01;78;52.00;52.00;
2025;04;01;79;55.89;55.89;
2025;04;01;80;73.01;73.01;
2025;04;01;81;102.96;114.81;
2025;04;01;82;106.96;114.96;
2025;04;01;83;106.96;114.96;
2025;04;01;84;109.96;114.96;
2025;04;01;85;108.93;130.60;
2025;04;01;86;108.93;126.93;
2025;04;01;87;108.93;127.93;
2025;04;01;88;108.93;121.03;
2025;04;01;89;84.20;84.20;
2025;04;01;90;84.20;84.20;
2025;04;01;91;84.20;84.20;
2025;04;01;92;84.20;84.20;
2025;04;01;93;58.69;58.69;
2025;04;01;94;58.44;58.44;
2025;04;01;95;58.44;58.44;
2025;04;01;96;53.00;53.00;
*
