MARGINALPIBC;
2025;04;18;1;24.00;24.00;
2025;04;18;2;21.00;21.00;
2025;04;18;3;21.00;21.00;
2025;04;18;4;18.99;18.99;
2025;04;18;5;7.52;7.52;
2025;04;18;6;5.83;5.83;
2025;04;18;7;5.52;5.52;
2025;04;18;8;5.52;5.52;
2025;04;18;9;5.26;5.26;
2025;04;18;10;4.56;4.56;
2025;04;18;11;4.44;4.44;
2025;04;18;12;4.25;4.25;
2025;04;18;13;6.57;6.57;
2025;04;18;14;6.56;6.56;
2025;04;18;15;6.56;6.56;
2025;04;18;16;5.70;5.70;
2025;04;18;17;6.56;6.56;
2025;04;18;18;6.56;6.56;
2025;04;18;19;5.57;5.57;
2025;04;18;20;5.57;5.57;
2025;04;18;21;4.25;4.25;
2025;04;18;22;4.25;4.25;
2025;04;18;23;4.42;4.42;
2025;04;18;24;4.42;4.42;
2025;04;18;25;-0.15;-.15;
2025;04;18;26;-0.01;-.01;
2025;04;18;27;0.00;.00;
2025;04;18;28;0.00;.00;
2025;04;18;29;1.88;1.88;
2025;04;18;30;1.88;1.88;
2025;04;18;31;1.88;1.88;
2025;04;18;32;0.09;.09;
2025;04;18;33;13.26;13.26;
2025;04;18;34;7.05;7.05;
2025;04;18;35;-0.01;-.01;
2025;04;18;36;-0.45;-.45;
2025;04;18;37;8.64;8.64;
2025;04;18;38;4.31;4.31;
2025;04;18;39;2.14;2.14;
2025;04;18;40;0.21;.21;
2025;04;18;41;3.52;3.52;
2025;04;18;42;2.70;2.70;
2025;04;18;43;0.80;.80;
2025;04;18;44;-0.95;-.95;
2025;04;18;45;0.00;.00;
2025;04;18;46;0.00;.00;
2025;04;18;47;-1.25;-1.25;
2025;04;18;48;-3.62;-3.62;
2025;04;18;49;0.00;-.20;
2025;04;18;50;0.00;-.20;
2025;04;18;51;0.00;-.20;
2025;04;18;52;0.10;-.50;
2025;04;18;53;0.00;-.69;
2025;04;18;54;0.00;-.78;
2025;04;18;55;0.00;-.80;
2025;04;18;56;-0.64;-2.48;
2025;04;18;57;0.00;-1.06;
2025;04;18;58;-0.21;-1.06;
2025;04;18;59;-1.15;-1.15;
2025;04;18;60;-1.16;-1.16;
2025;04;18;61;0.00;-1.54;
2025;04;18;62;0.00;-1.54;
2025;04;18;63;-0.59;-1.54;
2025;04;18;64;-0.59;-1.54;
2025;04;18;65;0.00;-1.54;
2025;04;18;66;0.00;-1.54;
2025;04;18;67;-0.59;-1.54;
2025;04;18;68;-0.59;-1.54;
2025;04;18;69;-2.00;-5.37;
2025;04;18;70;-1.36;-3.51;
2025;04;18;71;-0.56;-1.50;
2025;04;18;72;-0.56;-1.00;
2025;04;18;73;-5.20;-5.20;
2025;04;18;74;-2.79;-2.79;
2025;04;18;75;0.00;.00;
2025;04;18;76;0.00;.00;
2025;04;18;77;-6.45;-6.45;
2025;04;18;78;-3.48;-3.48;
2025;04;18;79;2.32;2.32;
2025;04;18;80;5.53;5.53;
2025;04;18;81;-0.97;-.97;
2025;04;18;82;0.00;.00;
2025;04;18;83;13.54;13.54;
2025;04;18;84;21.53;21.53;
2025;04;18;85;21.55;21.55;
2025;04;18;86;27.00;27.00;
2025;04;18;87;28.00;28.00;
2025;04;18;88;28.00;28.33;
2025;04;18;89;10.00;10.00;
2025;04;18;90;5.78;5.78;
2025;04;18;91;5.00;5.00;
2025;04;18;92;4.44;5.00;
2025;04;18;93;8.22;8.22;
2025;04;18;94;2.10;2.10;
2025;04;18;95;0.00;.00;
2025;04;18;96;0.00;.00;
*
