MARGINALPIBC;
2025;07;27;1;82.56;82.56;
2025;07;27;2;78.94;78.94;
2025;07;27;3;70.74;70.74;
2025;07;27;4;60.74;60.74;
2025;07;27;5;63.67;63.67;
2025;07;27;6;61.68;61.68;
2025;07;27;7;58.44;58.44;
2025;07;27;8;52.67;52.67;
2025;07;27;9;66.26;66.26;
2025;07;27;10;63.00;63.00;
2025;07;27;11;63.00;63.00;
2025;07;27;12;63.00;63.00;
2025;07;27;13;62.94;62.94;
2025;07;27;14;62.79;62.79;
2025;07;27;15;59.94;59.94;
2025;07;27;16;60.44;60.44;
2025;07;27;17;48.92;48.92;
2025;07;27;18;47.35;47.35;
2025;07;27;19;46.10;46.10;
2025;07;27;20;46.10;46.10;
2025;07;27;21;45.86;45.86;
2025;07;27;22;45.86;45.86;
2025;07;27;23;47.16;47.16;
2025;07;27;24;48.72;48.72;
2025;07;27;25;49.75;49.75;
2025;07;27;26;51.16;51.16;
2025;07;27;27;51.16;51.16;
2025;07;27;28;51.17;51.17;
2025;07;27;29;50.20;50.20;
2025;07;27;30;50.00;50.00;
2025;07;27;31;40.00;40.00;
2025;07;27;32;26.44;26.44;
2025;07;27;33;70.31;70.31;
2025;07;27;34;58.57;58.57;
2025;07;27;35;22.34;22.34;
2025;07;27;36;5.68;5.68;
2025;07;27;37;33.52;33.52;
2025;07;27;38;5.93;5.93;
2025;07;27;39;3.52;.42;
2025;07;27;40;3.52;-5.80;
2025;07;27;41;1.54;.00;
2025;07;27;42;1.54;.00;
2025;07;27;43;1.54;.00;
2025;07;27;44;1.54;-2.50;
2025;07;27;45;1.22;.00;
2025;07;27;46;1.22;.00;
2025;07;27;47;1.22;.00;
2025;07;27;48;1.22;.00;
2025;07;27;49;1.22;.00;
2025;07;27;50;1.22;.00;
2025;07;27;51;1.22;.00;
2025;07;27;52;1.22;.00;
2025;07;27;53;1.22;.00;
2025;07;27;54;1.22;.00;
2025;07;27;55;1.22;.00;
2025;07;27;56;0.14;.00;
2025;07;27;57;1.22;.00;
2025;07;27;58;0.00;.00;
2025;07;27;59;0.00;.00;
2025;07;27;60;0.00;.00;
2025;07;27;61;0.00;-.27;
2025;07;27;62;0.00;-.27;
2025;07;27;63;-0.27;-.27;
2025;07;27;64;-0.27;-.27;
2025;07;27;65;0.00;-.40;
2025;07;27;66;0.00;-.40;
2025;07;27;67;-0.27;-.27;
2025;07;27;68;-0.27;-.27;
2025;07;27;69;0.00;-.27;
2025;07;27;70;0.00;-.27;
2025;07;27;71;0.00;-.10;
2025;07;27;72;0.00;.00;
2025;07;27;73;0.00;-9.00;
2025;07;27;74;1.23;-5.00;
2025;07;27;75;1.23;.00;
2025;07;27;76;1.23;.00;
2025;07;27;77;0.51;-20.00;
2025;07;27;78;4.31;.65;
2025;07;27;79;24.89;24.89;
2025;07;27;80;82.46;82.46;
2025;07;27;81;5.00;5.00;
2025;07;27;82;19.07;19.07;
2025;07;27;83;60.00;60.00;
2025;07;27;84;78.99;78.99;
2025;07;27;85;51.26;51.26;
2025;07;27;86;62.67;62.67;
2025;07;27;87;74.40;74.40;
2025;07;27;88;69.64;69.64;
2025;07;27;89;85.00;85.00;
2025;07;27;90;83.64;83.64;
2025;07;27;91;84.03;84.03;
2025;07;27;92;79.67;79.67;
2025;07;27;93;76.28;76.28;
2025;07;27;94;67.15;67.15;
2025;07;27;95;64.95;64.95;
2025;07;27;96;48.95;48.95;
*
