MARGINALPIBC;
2025;06;24;1;138.82;138.82;
2025;06;24;2;133.99;133.99;
2025;06;24;3;130.75;130.75;
2025;06;24;4;127.82;127.82;
2025;06;24;5;133.18;133.18;
2025;06;24;6;130.11;130.11;
2025;06;24;7;127.88;127.88;
2025;06;24;8;126.84;126.84;
2025;06;24;9;126.88;126.88;
2025;06;24;10;125.89;125.89;
2025;06;24;11;123.94;123.94;
2025;06;24;12;123.94;123.94;
2025;06;24;13;127.11;127.11;
2025;06;24;14;126.88;126.88;
2025;06;24;15;126.88;126.88;
2025;06;24;16;125.67;125.67;
2025;06;24;17;126.93;126.93;
2025;06;24;18;126.88;126.88;
2025;06;24;19;126.88;126.88;
2025;06;24;20;126.89;126.89;
2025;06;24;21;126.87;126.87;
2025;06;24;22;126.88;126.88;
2025;06;24;23;127.71;127.71;
2025;06;24;24;130.11;130.11;
2025;06;24;25;126.11;126.11;
2025;06;24;26;128.60;128.60;
2025;06;24;27;130.11;130.11;
2025;06;24;28;130.37;130.37;
2025;06;24;29;135.61;135.61;
2025;06;24;30;135.61;135.61;
2025;06;24;31;134.09;134.09;
2025;06;24;32;129.73;129.73;
2025;06;24;33;136.90;136.90;
2025;06;24;34;134.83;134.83;
2025;06;24;35;127.40;127.40;
2025;06;24;36;123.90;123.90;
2025;06;24;37;129.05;129.05;
2025;06;24;38;124.04;124.04;
2025;06;24;39;119.04;119.04;
2025;06;24;40;118.87;118.87;
2025;06;24;41;110.46;110.46;
2025;06;24;42;105.47;105.47;
2025;06;24;43;100.47;100.47;
2025;06;24;44;85.47;85.47;
2025;06;24;45;100.90;100.90;
2025;06;24;46;92.69;92.69;
2025;06;24;47;82.69;82.69;
2025;06;24;48;77.69;77.69;
2025;06;24;49;81.75;81.75;
2025;06;24;50;76.75;76.75;
2025;06;24;51;76.73;76.73;
2025;06;24;52;71.25;71.25;
2025;06;24;53;55.92;55.92;
2025;06;24;54;53.27;53.27;
2025;06;24;55;47.29;47.29;
2025;06;24;56;40.29;40.29;
2025;06;24;57;21.23;21.23;
2025;06;24;58;17.73;17.73;
2025;06;24;59;16.24;16.24;
2025;06;24;60;16.24;16.24;
2025;06;24;61;10.45;10.45;
2025;06;24;62;7.65;7.65;
2025;06;24;63;9.50;9.50;
2025;06;24;64;7.51;7.51;
2025;06;24;65;7.50;7.50;
2025;06;24;66;7.50;7.50;
2025;06;24;67;10.00;10.00;
2025;06;24;68;18.40;18.40;
2025;06;24;69;20.06;20.06;
2025;06;24;70;20.07;20.07;
2025;06;24;71;30.06;30.06;
2025;06;24;72;36.06;36.06;
2025;06;24;73;59.95;59.95;
2025;06;24;74;71.95;71.95;
2025;06;24;75;81.95;81.95;
2025;06;24;76;103.00;103.00;
2025;06;24;77;82.07;82.07;
2025;06;24;78;99.59;99.59;
2025;06;24;79;112.54;112.54;
2025;06;24;80;124.72;124.72;
2025;06;24;81;104.59;104.59;
2025;06;24;82;120.25;120.25;
2025;06;24;83;133.10;133.10;
2025;06;24;84;140.01;140.01;
2025;06;24;85;148.80;148.80;
2025;06;24;86;152.72;152.72;
2025;06;24;87;154.82;154.82;
2025;06;24;88;156.03;156.03;
2025;06;24;89;164.52;164.52;
2025;06;24;90;164.52;164.52;
2025;06;24;91;159.52;159.52;
2025;06;24;92;154.82;154.82;
2025;06;24;93;142.31;142.31;
2025;06;24;94;137.55;137.55;
2025;06;24;95;134.97;134.97;
2025;06;24;96;131.81;131.81;
*
