MARGINALPIBC;
2025;03;18;1;58.80;58.80;
2025;03;18;2;40.32;40.32;
2025;03;18;3;40.00;40.00;
2025;03;18;4;34.90;34.90;
2025;03;18;5;34.80;34.80;
2025;03;18;6;38.99;38.99;
2025;03;18;7;56.34;56.34;
2025;03;18;8;82.99;83.87;
2025;03;18;9;95.39;95.39;
2025;03;18;10;72.65;72.65;
2025;03;18;11;37.84;37.84;
2025;03;18;12;14.00;14.00;
2025;03;18;13;27.20;27.20;
2025;03;18;14;9.68;9.68;
2025;03;18;15;6.10;6.10;
2025;03;18;16;24.59;24.59;
2025;03;18;17;33.30;33.30;
2025;03;18;18;41.91;41.91;
2025;03;18;19;74.00;74.00;
2025;03;18;20;147.29;147.29;
2025;03;18;21;131.97;131.97;
2025;03;18;22;100.70;100.70;
2025;03;18;23;90.00;90.00;
2025;03;18;24;74.43;74.43;
*
