MARGINALPIBC;
2025;05;20;1;20.53;20.53;
2025;05;20;2;18.53;18.53;
2025;05;20;3;10.00;10.00;
2025;05;20;4;4.40;4.40;
2025;05;20;5;16.94;16.94;
2025;05;20;6;16.93;16.93;
2025;05;20;7;16.51;16.51;
2025;05;20;8;11.93;11.93;
2025;05;20;9;14.00;14.00;
2025;05;20;10;13.58;13.58;
2025;05;20;11;13.43;13.43;
2025;05;20;12;9.08;9.08;
2025;05;20;13;7.75;7.75;
2025;05;20;14;7.74;7.74;
2025;05;20;15;7.74;7.74;
2025;05;20;16;7.74;7.74;
2025;05;20;17;7.00;7.00;
2025;05;20;18;7.00;7.00;
2025;05;20;19;7.44;7.44;
2025;05;20;20;12.00;12.00;
2025;05;20;21;14.26;14.26;
2025;05;20;22;16.26;16.26;
2025;05;20;23;18.26;18.26;
2025;05;20;24;22.20;22.20;
2025;05;20;25;10.66;10.66;
2025;05;20;26;15.66;15.66;
2025;05;20;27;19.81;19.81;
2025;05;20;28;25.66;25.66;
2025;05;20;29;32.09;32.09;
2025;05;20;30;35.00;35.00;
2025;05;20;31;30.09;30.09;
2025;05;20;32;25.09;25.09;
2025;05;20;33;32.20;32.20;
2025;05;20;34;22.30;22.30;
2025;05;20;35;4.40;4.40;
2025;05;20;36;-0.70;-.70;
2025;05;20;37;14.50;10.00;
2025;05;20;38;15.00;3.52;
2025;05;20;39;15.00;-7.00;
2025;05;20;40;14.50;-10.00;
2025;05;20;41;19.30;-.04;
2025;05;20;42;18.33;-.04;
2025;05;20;43;14.26;-.04;
2025;05;20;44;8.80;-.30;
2025;05;20;45;19.56;-.04;
2025;05;20;46;10.30;-.04;
2025;05;20;47;10.30;-.45;
2025;05;20;48;0.80;-1.09;
2025;05;20;49;10.59;-1.50;
2025;05;20;50;10.59;-1.50;
2025;05;20;51;10.59;-1.53;
2025;05;20;52;10.30;-1.54;
2025;05;20;53;10.38;-1.50;
2025;05;20;54;10.30;-1.50;
2025;05;20;55;3.38;-1.50;
2025;05;20;56;0.38;-1.54;
2025;05;20;57;10.30;-1.50;
2025;05;20;58;5.38;-1.50;
2025;05;20;59;3.38;-1.54;
2025;05;20;60;0.38;-1.54;
2025;05;20;61;5.00;-1.54;
2025;05;20;62;4.31;-1.54;
2025;05;20;63;2.31;-1.54;
2025;05;20;64;2.31;-1.54;
2025;05;20;65;4.31;-2.90;
2025;05;20;66;4.31;-1.54;
2025;05;20;67;2.31;-1.54;
2025;05;20;68;2.31;-1.01;
2025;05;20;69;4.31;-1.54;
2025;05;20;70;4.31;-1.50;
2025;05;20;71;4.31;-.04;
2025;05;20;72;4.31;-.04;
2025;05;20;73;4.31;-4.54;
2025;05;20;74;4.31;-.04;
2025;05;20;75;4.31;.00;
2025;05;20;76;4.31;.00;
2025;05;20;77;-3.30;-17.00;
2025;05;20;78;-3.30;-7.00;
2025;05;20;79;7.02;7.02;
2025;05;20;80;32.20;32.20;
2025;05;20;81;4.20;4.20;
2025;05;20;82;12.20;12.20;
2025;05;20;83;28.56;28.56;
2025;05;20;84;39.09;39.09;
2025;05;20;85;53.76;53.89;
2025;05;20;86;53.90;59.30;
2025;05;20;87;53.90;53.94;
2025;05;20;88;50.55;50.55;
2025;05;20;89;53.90;61.30;
2025;05;20;90;53.85;53.85;
2025;05;20;91;53.85;53.85;
2025;05;20;92;38.51;38.51;
2025;05;20;93;35.02;35.02;
2025;05;20;94;33.01;33.01;
2025;05;20;95;26.04;26.04;
2025;05;20;96;21.84;21.84;
*
