MARGINALPIBC;
2025;04;08;1;78.91;78.91;
2025;04;08;2;80.04;80.04;
2025;04;08;3;77.17;77.17;
2025;04;08;4;64.48;64.48;
2025;04;08;5;70.11;70.11;
2025;04;08;6;65.43;65.43;
2025;04;08;7;65.43;65.43;
2025;04;08;8;57.80;57.80;
2025;04;08;9;69.07;69.07;
2025;04;08;10;67.07;67.07;
2025;04;08;11;66.17;66.17;
2025;04;08;12;59.08;59.08;
2025;04;08;13;57.50;57.50;
2025;04;08;14;55.65;55.65;
2025;04;08;15;55.65;55.65;
2025;04;08;16;52.65;52.65;
2025;04;08;17;49.22;49.22;
2025;04;08;18;49.22;49.22;
2025;04;08;19;49.22;49.22;
2025;04;08;20;46.22;46.22;
2025;04;08;21;51.16;51.16;
2025;04;08;22;51.16;51.16;
2025;04;08;23;50.75;50.75;
2025;04;08;24;51.16;51.16;
2025;04;08;25;58.50;58.50;
2025;04;08;26;60.50;60.50;
2025;04;08;27;60.50;60.50;
2025;04;08;28;60.50;60.50;
2025;04;08;29;111.66;111.66;
2025;04;08;30;122.17;122.17;
2025;04;08;31;122.27;122.27;
2025;04;08;32;123.67;123.67;
2025;04;08;33;104.00;104.00;
2025;04;08;34;98.82;98.82;
2025;04;08;35;89.90;89.90;
2025;04;08;36;54.00;54.00;
2025;04;08;37;72.88;72.88;
2025;04;08;38;46.88;46.88;
2025;04;08;39;36.79;36.79;
2025;04;08;40;21.11;21.11;
2025;04;08;41;3.52;3.52;
2025;04;08;42;-1.35;-1.35;
2025;04;08;43;-3.62;-3.62;
2025;04;08;44;-4.45;-4.45;
2025;04;08;45;-3.62;-3.62;
2025;04;08;46;-5.00;-5.00;
2025;04;08;47;-5.00;-5.00;
2025;04;08;48;-5.11;-5.11;
2025;04;08;49;-3.37;-3.37;
2025;04;08;50;-3.62;-3.62;
2025;04;08;51;-3.62;-3.62;
2025;04;08;52;-4.16;-4.16;
2025;04;08;53;-3.62;-3.62;
2025;04;08;54;-5.00;-5.00;
2025;04;08;55;-5.00;-5.00;
2025;04;08;56;-5.00;-5.00;
2025;04;08;57;-3.62;-3.62;
2025;04;08;58;-3.62;-3.62;
2025;04;08;59;-3.62;-3.62;
2025;04;08;60;-3.62;-3.62;
2025;04;08;61;-5.00;-5.00;
2025;04;08;62;-4.51;-4.51;
2025;04;08;63;-5.00;-5.00;
2025;04;08;64;-5.00;-5.00;
2025;04;08;65;-4.92;-4.92;
2025;04;08;66;-3.62;-3.62;
2025;04;08;67;-3.62;-3.62;
2025;04;08;68;-3.19;-3.19;
2025;04;08;69;-4.51;-4.51;
2025;04;08;70;-3.62;-3.62;
2025;04;08;71;-3.19;-3.19;
2025;04;08;72;-0.01;-.01;
2025;04;08;73;-4.92;-4.92;
2025;04;08;74;-3.19;-3.19;
2025;04;08;75;0.01;.01;
2025;04;08;76;3.52;3.52;
2025;04;08;77;11.72;11.72;
2025;04;08;78;21.11;21.11;
2025;04;08;79;55.74;55.74;
2025;04;08;80;77.63;77.63;
2025;04;08;81;101.60;101.60;
2025;04;08;82;112.14;112.14;
2025;04;08;83;117.60;117.60;
2025;04;08;84;117.61;117.61;
2025;04;08;85;124.44;124.44;
2025;04;08;86;123.58;123.58;
2025;04;08;87;123.34;123.34;
2025;04;08;88;117.49;117.49;
2025;04;08;89;85.88;85.88;
2025;04;08;90;84.38;84.38;
2025;04;08;91;86.09;86.09;
2025;04;08;92;83.95;83.95;
2025;04;08;93;72.33;72.33;
2025;04;08;94;69.22;69.22;
2025;04;08;95;70.15;70.15;
2025;04;08;96;59.22;59.22;
*
