MARGINALPIBC;
2026;07;08;1;146.17;146.17;
2026;07;08;2;145.50;145.50;
2026;07;08;3;144.00;144.00;
2026;07;08;4;140.56;140.56;
2026;07;08;5;137.22;137.22;
2026;07;08;6;133.30;133.30;
2026;07;08;7;128.06;128.06;
2026;07;08;8;125.64;125.64;
2026;07;08;9;146.10;146.10;
2026;07;08;10;144.00;144.00;
2026;07;08;11;146.01;146.01;
2026;07;08;12;146.56;146.56;
2026;07;08;13;152.13;152.13;
2026;07;08;14;152.13;152.13;
2026;07;08;15;152.13;152.13;
2026;07;08;16;152.13;152.13;
2026;07;08;17;152.00;152.00;
2026;07;08;18;152.13;152.13;
2026;07;08;19;152.13;152.13;
2026;07;08;20;152.13;152.13;
2026;07;08;21;152.13;152.13;
2026;07;08;22;152.13;152.13;
2026;07;08;23;152.13;152.13;
2026;07;08;24;155.00;155.00;
2026;07;08;25;144.37;144.37;
2026;07;08;26;146.60;146.60;
2026;07;08;27;149.23;149.23;
2026;07;08;28;152.13;152.13;
2026;07;08;29;154.01;154.01;
2026;07;08;30;154.10;154.10;
2026;07;08;31;148.76;148.76;
2026;07;08;32;150.00;150.00;
2026;07;08;33;155.61;155.61;
2026;07;08;34;160.00;160.00;
2026;07;08;35;142.11;142.11;
2026;07;08;36;112.42;112.42;
2026;07;08;37;120.39;120.39;
2026;07;08;38;109.77;109.77;
2026;07;08;39;107.08;77.82;
2026;07;08;40;104.47;57.70;
2026;07;08;41;105.69;75.00;
2026;07;08;42;105.68;65.85;
2026;07;08;43;100.15;50.75;
2026;07;08;44;91.56;33.95;
2026;07;08;45;92.56;39.74;
2026;07;08;46;91.56;34.17;
2026;07;08;47;91.12;33.56;
2026;07;08;48;91.12;32.95;
2026;07;08;49;91.12;28.93;
2026;07;08;50;91.12;15.16;
2026;07;08;51;91.12;15.05;
2026;07;08;52;91.12;14.06;
2026;07;08;53;89.57;17.05;
2026;07;08;54;87.37;17.16;
2026;07;08;55;87.37;20.00;
2026;07;08;56;89.35;19.39;
2026;07;08;57;87.52;29.44;
2026;07;08;58;87.52;32.34;
2026;07;08;59;90.32;31.73;
2026;07;08;60;90.37;25.95;
2026;07;08;61;90.37;16.10;
2026;07;08;62;94.35;15.99;
2026;07;08;63;92.37;21.11;
2026;07;08;64;90.37;23.26;
2026;07;08;65;90.37;16.68;
2026;07;08;66;90.37;22.78;
2026;07;08;67;90.37;32.95;
2026;07;08;68;94.35;44.65;
2026;07;08;69;90.37;72.30;
2026;07;08;70;97.37;80.00;
2026;07;08;71;94.75;94.75;
2026;07;08;72;104.00;104.00;
2026;07;08;73;99.56;99.56;
2026;07;08;74;111.02;111.02;
2026;07;08;75;116.48;116.48;
2026;07;08;76;115.95;115.95;
2026;07;08;77;109.00;109.00;
2026;07;08;78;121.03;121.03;
2026;07;08;79;129.28;129.28;
2026;07;08;80;155.60;155.60;
2026;07;08;81;125.64;125.64;
2026;07;08;82;148.41;148.41;
2026;07;08;83;154.00;154.00;
2026;07;08;84;156.17;161.65;
2026;07;08;85;157.26;157.26;
2026;07;08;86;157.96;157.96;
2026;07;08;87;161.74;161.74;
2026;07;08;88;168.43;172.03;
2026;07;08;89;165.42;165.42;
2026;07;08;90;160.00;160.00;
2026;07;08;91;160.77;160.77;
2026;07;08;92;150.70;150.70;
2026;07;08;93;151.08;151.08;
2026;07;08;94;146.99;146.99;
2026;07;08;95;141.00;141.00;
2026;07;08;96;136.04;136.04;
*
