MARGINALPIBC;
2025;08;27;1;116.60;116.60;
2025;08;27;2;114.01;114.01;
2025;08;27;3;109.10;109.10;
2025;08;27;4;107.20;107.20;
2025;08;27;5;108.88;108.88;
2025;08;27;6;107.98;107.98;
2025;08;27;7;103.04;103.04;
2025;08;27;8;102.84;102.84;
2025;08;27;9;102.12;102.12;
2025;08;27;10;101.32;101.32;
2025;08;27;11;101.12;101.12;
2025;08;27;12;100.97;100.97;
2025;08;27;13;100.92;100.92;
2025;08;27;14;99.97;99.97;
2025;08;27;15;98.54;98.54;
2025;08;27;16;98.54;98.54;
2025;08;27;17;94.15;94.15;
2025;08;27;18;94.05;94.05;
2025;08;27;19;94.05;94.05;
2025;08;27;20;94.76;94.76;
2025;08;27;21;93.05;93.05;
2025;08;27;22;93.05;93.05;
2025;08;27;23;94.05;94.05;
2025;08;27;24;94.88;94.88;
2025;08;27;25;101.80;101.80;
2025;08;27;26;102.84;102.84;
2025;08;27;27;103.84;103.84;
2025;08;27;28;107.27;107.27;
2025;08;27;29;113.12;113.12;
2025;08;27;30;116.22;116.22;
2025;08;27;31;117.65;117.65;
2025;08;27;32;118.12;118.12;
2025;08;27;33;128.88;128.88;
2025;08;27;34;121.34;121.34;
2025;08;27;35;111.64;111.64;
2025;08;27;36;98.00;98.00;
2025;08;27;37;120.97;120.97;
2025;08;27;38;109.35;109.35;
2025;08;27;39;91.25;91.25;
2025;08;27;40;70.64;70.64;
2025;08;27;41;95.44;95.44;
2025;08;27;42;92.49;92.49;
2025;08;27;43;83.22;83.22;
2025;08;27;44;72.87;72.87;
2025;08;27;45;85.46;85.46;
2025;08;27;46;79.50;79.50;
2025;08;27;47;73.84;73.84;
2025;08;27;48;60.00;60.00;
2025;08;27;49;64.49;64.49;
2025;08;27;50;65.00;65.00;
2025;08;27;51;63.45;63.45;
2025;08;27;52;63.65;63.65;
2025;08;27;53;49.90;49.85;
2025;08;27;54;49.64;49.64;
2025;08;27;55;41.86;41.86;
2025;08;27;56;41.85;41.85;
2025;08;27;57;48.04;48.04;
2025;08;27;58;50.72;50.72;
2025;08;27;59;50.42;50.42;
2025;08;27;60;45.22;45.22;
2025;08;27;61;55.62;55.62;
2025;08;27;62;56.56;56.56;
2025;08;27;63;55.62;55.62;
2025;08;27;64;55.62;55.62;
2025;08;27;65;56.10;56.10;
2025;08;27;66;56.14;56.14;
2025;08;27;67;64.00;64.00;
2025;08;27;68;72.60;72.60;
2025;08;27;69;54.00;54.00;
2025;08;27;70;60.40;60.40;
2025;08;27;71;78.11;78.11;
2025;08;27;72;84.29;84.29;
2025;08;27;73;54.99;54.99;
2025;08;27;74;64.90;64.90;
2025;08;27;75;85.35;85.35;
2025;08;27;76;91.48;91.48;
2025;08;27;77;55.55;55.55;
2025;08;27;78;91.01;91.01;
2025;08;27;79;109.01;109.01;
2025;08;27;80;126.66;126.66;
2025;08;27;81;95.88;95.88;
2025;08;27;82;106.92;106.92;
2025;08;27;83;114.10;114.10;
2025;08;27;84;121.00;121.00;
2025;08;27;85;109.32;114.32;
2025;08;27;86;114.33;114.38;
2025;08;27;87;114.32;114.32;
2025;08;27;88;106.90;106.90;
2025;08;27;89;113.64;113.64;
2025;08;27;90;113.58;113.58;
2025;08;27;91;111.36;111.36;
2025;08;27;92;107.36;107.36;
2025;08;27;93;107.72;107.72;
2025;08;27;94;103.57;103.57;
2025;08;27;95;98.07;98.07;
2025;08;27;96;95.55;95.55;
*
