MARGINALPIBC;
2026;04;24;1;94.71;94.71;
2026;04;24;2;94.90;94.90;
2026;04;24;3;94.36;94.36;
2026;04;24;4;93.36;93.36;
2026;04;24;5;95.00;95.00;
2026;04;24;6;94.94;94.94;
2026;04;24;7;94.94;94.94;
2026;04;24;8;94.26;94.26;
2026;04;24;9;92.78;92.78;
2026;04;24;10;91.78;91.78;
2026;04;24;11;91.78;91.78;
2026;04;24;12;91.78;91.78;
2026;04;24;13;91.78;91.78;
2026;04;24;14;92.18;92.18;
2026;04;24;15;92.78;92.78;
2026;04;24;16;92.78;92.78;
2026;04;24;17;93.36;93.36;
2026;04;24;18;93.36;93.36;
2026;04;24;19;93.52;93.52;
2026;04;24;20;94.26;94.26;
2026;04;24;21;94.90;94.90;
2026;04;24;22;94.94;94.94;
2026;04;24;23;96.52;96.52;
2026;04;24;24;96.61;96.61;
2026;04;24;25;98.61;98.61;
2026;04;24;26;99.00;99.00;
2026;04;24;27;100.67;100.67;
2026;04;24;28;104.82;104.82;
2026;04;24;29;102.79;102.79;
2026;04;24;30;103.81;103.81;
2026;04;24;31;105.28;105.28;
2026;04;24;32;105.30;105.30;
2026;04;24;33;105.98;105.98;
2026;04;24;34;105.78;105.78;
2026;04;24;35;104.00;104.00;
2026;04;24;36;93.50;93.50;
2026;04;24;37;104.07;104.07;
2026;04;24;38;90.00;90.00;
2026;04;24;39;78.57;78.57;
2026;04;24;40;74.26;74.26;
2026;04;24;41;94.94;94.94;
2026;04;24;42;87.66;87.66;
2026;04;24;43;87.39;87.39;
2026;04;24;44;76.03;76.03;
2026;04;24;45;77.23;77.23;
2026;04;24;46;61.70;61.70;
2026;04;24;47;63.90;63.90;
2026;04;24;48;64.91;64.91;
2026;04;24;49;55.56;55.56;
2026;04;24;50;46.04;46.04;
2026;04;24;51;41.56;41.56;
2026;04;24;52;40.56;40.56;
2026;04;24;53;41.56;41.56;
2026;04;24;54;41.56;41.56;
2026;04;24;55;40.35;40.35;
2026;04;24;56;35.81;35.81;
2026;04;24;57;30.12;30.12;
2026;04;24;58;33.14;33.14;
2026;04;24;59;30.12;30.12;
2026;04;24;60;30.12;30.12;
2026;04;24;61;30.26;30.26;
2026;04;24;62;30.12;30.12;
2026;04;24;63;30.12;30.12;
2026;04;24;64;35.00;35.00;
2026;04;24;65;35.00;35.00;
2026;04;24;66;36.00;36.00;
2026;04;24;67;40.56;40.56;
2026;04;24;68;45.56;45.56;
2026;04;24;69;49.82;49.82;
2026;04;24;70;49.91;49.91;
2026;04;24;71;46.28;46.28;
2026;04;24;72;38.49;38.49;
2026;04;24;73;33.87;33.87;
2026;04;24;74;71.89;71.89;
2026;04;24;75;74.76;74.76;
2026;04;24;76;82.61;82.61;
2026;04;24;77;78.36;78.36;
2026;04;24;78;86.61;86.61;
2026;04;24;79;96.07;96.07;
2026;04;24;80;102.91;102.91;
2026;04;24;81;93.38;93.38;
2026;04;24;82;105.78;105.78;
2026;04;24;83;107.44;107.44;
2026;04;24;84;113.94;113.94;
2026;04;24;85;111.22;111.22;
2026;04;24;86;115.01;115.01;
2026;04;24;87;114.50;114.50;
2026;04;24;88;108.81;108.81;
2026;04;24;89;99.88;103.74;
2026;04;24;90;103.70;103.70;
2026;04;24;91;102.09;102.09;
2026;04;24;92;94.76;94.76;
2026;04;24;93;101.07;101.07;
2026;04;24;94;98.10;98.10;
2026;04;24;95;90.80;90.80;
2026;04;24;96;90.13;90.13;
*
