MARGINALPIBC;
2026;03;29;1;-1.50;-1.50;
2026;03;29;2;-1.50;-1.50;
2026;03;29;3;-1.50;-1.50;
2026;03;29;4;-1.42;-1.42;
2026;03;29;5;-0.90;-.90;
2026;03;29;6;-0.90;-.90;
2026;03;29;7;-1.13;-1.13;
2026;03;29;8;-1.00;-1.00;
2026;03;29;9;-1.50;-1.50;
2026;03;29;10;-1.50;-1.50;
2026;03;29;11;-1.50;-1.50;
2026;03;29;12;-1.50;-1.50;
2026;03;29;13;-0.90;-.90;
2026;03;29;14;-0.90;-.90;
2026;03;29;15;-1.00;-1.00;
2026;03;29;16;-1.50;-1.50;
2026;03;29;17;-1.50;-1.50;
2026;03;29;18;-1.50;-1.50;
2026;03;29;19;-1.50;-1.50;
2026;03;29;20;-1.50;-1.50;
2026;03;29;21;-1.88;-1.88;
2026;03;29;22;-1.88;-1.88;
2026;03;29;23;-1.88;-1.88;
2026;03;29;24;-1.88;-1.88;
2026;03;29;25;-1.50;-1.50;
2026;03;29;26;-0.90;-.90;
2026;03;29;27;-0.90;-.90;
2026;03;29;28;-0.81;-.81;
2026;03;29;29;-2.00;-2.00;
2026;03;29;30;-2.00;-2.00;
2026;03;29;31;-9.99;-9.99;
2026;03;29;32;-8.34;-8.34;
2026;03;29;33;-0.81;-.81;
2026;03;29;34;-10.82;-10.82;
2026;03;29;35;-11.50;-11.50;
2026;03;29;36;-12.51;-12.51;
2026;03;29;37;-12.51;-12.51;
2026;03;29;38;-15.00;-15.00;
2026;03;29;39;-15.01;-15.01;
2026;03;29;40;-15.01;-15.01;
2026;03;29;41;-15.01;-20.00;
2026;03;29;42;-15.01;-25.00;
2026;03;29;43;-12.51;-35.31;
2026;03;29;44;-12.51;-35.31;
2026;03;29;45;-12.51;-36.00;
2026;03;29;46;-12.51;-36.00;
2026;03;29;47;-12.51;-37.00;
2026;03;29;48;-12.51;-37.00;
2026;03;29;49;-12.51;-36.00;
2026;03;29;50;-12.51;-36.00;
2026;03;29;51;-12.51;-36.00;
2026;03;29;52;-12.51;-37.00;
2026;03;29;53;-12.51;-36.00;
2026;03;29;54;-12.51;-37.00;
2026;03;29;55;-13.76;-37.01;
2026;03;29;56;-12.51;-37.51;
2026;03;29;57;-12.51;-39.00;
2026;03;29;58;-12.51;-39.00;
2026;03;29;59;-15.01;-40.00;
2026;03;29;60;-15.01;-40.00;
2026;03;29;61;-12.51;-40.00;
2026;03;29;62;-12.51;-40.00;
2026;03;29;63;-12.51;-40.00;
2026;03;29;64;-12.51;-39.30;
2026;03;29;65;-12.51;-37.51;
2026;03;29;66;-12.51;-37.00;
2026;03;29;67;-12.51;-32.63;
2026;03;29;68;-12.51;-25.00;
2026;03;29;69;-12.30;-12.30;
2026;03;29;70;-9.99;-20.00;
2026;03;29;71;-12.51;-16.00;
2026;03;29;72;-10.81;-10.81;
2026;03;29;73;-0.81;-.81;
2026;03;29;74;-0.20;-.20;
2026;03;29;75;0.01;.01;
2026;03;29;76;3.08;3.08;
2026;03;29;77;2.41;2.41;
2026;03;29;78;4.28;4.28;
2026;03;29;79;4.50;4.50;
2026;03;29;80;5.00;5.00;
2026;03;29;81;4.39;4.39;
2026;03;29;82;4.50;4.50;
2026;03;29;83;4.50;4.50;
2026;03;29;84;4.50;4.50;
2026;03;29;85;6.16;6.16;
2026;03;29;86;5.00;5.00;
2026;03;29;87;4.92;4.92;
2026;03;29;88;4.50;4.50;
2026;03;29;89;4.50;4.50;
2026;03;29;90;4.39;4.39;
2026;03;29;91;4.06;4.06;
2026;03;29;92;-0.71;-.71;
*
