MARGINALPIBC;
2025;05;13;1;72.00;72.00;
2025;05;13;2;67.00;67.00;
2025;05;13;3;60.00;60.00;
2025;05;13;4;47.10;47.10;
2025;05;13;5;45.01;45.01;
2025;05;13;6;42.06;42.06;
2025;05;13;7;40.01;40.01;
2025;05;13;8;36.11;36.11;
2025;05;13;9;37.83;37.83;
2025;05;13;10;36.83;36.83;
2025;05;13;11;35.83;35.83;
2025;05;13;12;30.83;30.83;
2025;05;13;13;30.01;30.01;
2025;05;13;14;30.01;30.01;
2025;05;13;15;30.01;30.01;
2025;05;13;16;30.01;30.01;
2025;05;13;17;30.01;30.01;
2025;05;13;18;30.01;30.01;
2025;05;13;19;32.01;32.01;
2025;05;13;20;34.86;34.86;
2025;05;13;21;32.79;32.79;
2025;05;13;22;37.28;37.28;
2025;05;13;23;39.79;39.79;
2025;05;13;24;42.79;42.79;
2025;05;13;25;55.00;55.00;
2025;05;13;26;63.00;63.00;
2025;05;13;27;70.00;70.00;
2025;05;13;28;79.03;79.03;
2025;05;13;29;96.00;96.00;
2025;05;13;30;97.59;97.59;
2025;05;13;31;98.09;98.09;
2025;05;13;32;97.23;97.23;
2025;05;13;33;87.94;87.94;
2025;05;13;34;85.17;85.17;
2025;05;13;35;68.25;68.25;
2025;05;13;36;47.25;47.25;
2025;05;13;37;42.28;42.28;
2025;05;13;38;30.79;30.79;
2025;05;13;39;30.79;5.63;
2025;05;13;40;30.79;-4.01;
2025;05;13;41;30.79;6.20;
2025;05;13;42;30.79;1.20;
2025;05;13;43;30.79;-3.80;
2025;05;13;44;22.51;-7.00;
2025;05;13;45;30.79;.00;
2025;05;13;46;30.79;-.95;
2025;05;13;47;30.79;-5.09;
2025;05;13;48;30.79;-7.00;
2025;05;13;49;30.79;.00;
2025;05;13;50;30.79;-.30;
2025;05;13;51;30.79;-.50;
2025;05;13;52;30.79;-.50;
2025;05;13;53;33.56;-1.54;
2025;05;13;54;30.79;-2.00;
2025;05;13;55;30.36;-2.31;
2025;05;13;56;25.56;-2.51;
2025;05;13;57;30.79;-1.88;
2025;05;13;58;30.79;-1.88;
2025;05;13;59;29.70;-2.00;
2025;05;13;60;24.90;-1.08;
2025;05;13;61;30.30;-.01;
2025;05;13;62;30.30;-.08;
2025;05;13;63;25.30;.00;
2025;05;13;64;15.30;.00;
2025;05;13;65;30.09;-6.86;
2025;05;13;66;23.78;-5.12;
2025;05;13;67;15.09;-2.50;
2025;05;13;68;15.09;.00;
2025;05;13;69;15.09;-5.09;
2025;05;13;70;10.09;-1.85;
2025;05;13;71;6.59;.65;
2025;05;13;72;30.09;3.52;
2025;05;13;73;8.71;8.71;
2025;05;13;74;11.91;11.91;
2025;05;13;75;26.80;26.80;
2025;05;13;76;37.23;37.23;
2025;05;13;77;1.56;1.56;
2025;05;13;78;6.59;6.59;
2025;05;13;79;35.29;35.29;
2025;05;13;80;53.25;53.25;
2025;05;13;81;45.31;60.00;
2025;05;13;82;72.67;80.67;
2025;05;13;83;90.51;90.51;
2025;05;13;84;94.35;94.35;
2025;05;13;85;115.98;115.98;
2025;05;13;86;118.82;118.82;
2025;05;13;87;117.97;117.97;
2025;05;13;88;113.13;113.13;
2025;05;13;89;107.30;107.30;
2025;05;13;90;102.30;102.30;
2025;05;13;91;102.95;102.95;
2025;05;13;92;97.96;97.96;
2025;05;13;93;79.59;82.14;
2025;05;13;94;74.55;74.55;
2025;05;13;95;69.55;69.55;
2025;05;13;96;61.48;61.48;
*
