MARGINALPIBC;
2025;12;06;1;52.58;52.58;
2025;12;06;2;35.02;35.02;
2025;12;06;3;29.99;18.75;
2025;12;06;4;23.86;16.85;
2025;12;06;5;24.08;17.07;
2025;12;06;6;20.00;14.00;
2025;12;06;7;20.00;19.49;
2025;12;06;8;21.56;21.56;
2025;12;06;9;23.29;23.29;
2025;12;06;10;18.36;18.36;
2025;12;06;11;16.90;16.90;
2025;12;06;12;15.88;15.88;
2025;12;06;13;16.57;16.57;
2025;12;06;14;15.90;15.90;
2025;12;06;15;13.99;13.99;
2025;12;06;16;13.10;13.10;
2025;12;06;17;13.08;13.08;
2025;12;06;18;13.98;13.98;
2025;12;06;19;11.37;11.37;
2025;12;06;20;9.99;7.00;
2025;12;06;21;10.94;10.94;
2025;12;06;22;13.42;13.42;
2025;12;06;23;15.12;15.12;
2025;12;06;24;15.21;15.21;
2025;12;06;25;17.06;17.06;
2025;12;06;26;17.66;17.66;
2025;12;06;27;16.66;16.66;
2025;12;06;28;16.66;16.66;
2025;12;06;29;16.36;16.36;
2025;12;06;30;21.24;21.24;
2025;12;06;31;22.22;22.22;
2025;12;06;32;25.55;25.55;
2025;12;06;33;16.66;16.66;
2025;12;06;34;21.09;21.09;
2025;12;06;35;24.00;24.00;
2025;12;06;36;27.33;27.33;
2025;12;06;37;35.51;35.51;
2025;12;06;38;35.00;35.00;
2025;12;06;39;26.22;26.22;
2025;12;06;40;25.01;25.01;
2025;12;06;41;29.99;29.99;
2025;12;06;42;28.88;26.98;
2025;12;06;43;25.06;20.01;
2025;12;06;44;18.05;16.20;
2025;12;06;45;16.50;16.50;
2025;12;06;46;18.62;18.62;
2025;12;06;47;16.79;16.79;
2025;12;06;48;14.00;14.00;
2025;12;06;49;19.55;19.55;
2025;12;06;50;17.38;17.38;
2025;12;06;51;16.66;16.66;
2025;12;06;52;17.46;17.46;
2025;12;06;53;16.64;16.64;
2025;12;06;54;16.57;16.57;
2025;12;06;55;13.75;11.75;
2025;12;06;56;14.30;12.29;
2025;12;06;57;13.96;11.96;
2025;12;06;58;16.50;16.50;
2025;12;06;59;18.10;18.10;
2025;12;06;60;19.85;19.85;
2025;12;06;61;13.94;13.94;
2025;12;06;62;16.69;16.69;
2025;12;06;63;18.98;18.98;
2025;12;06;64;24.33;24.33;
2025;12;06;65;15.77;15.77;
2025;12;06;66;19.99;19.10;
2025;12;06;67;28.88;28.88;
2025;12;06;68;38.58;38.58;
2025;12;06;69;45.74;45.74;
2025;12;06;70;50.24;50.24;
2025;12;06;71;53.32;53.32;
2025;12;06;72;62.37;62.37;
2025;12;06;73;67.74;67.74;
2025;12;06;74;68.46;68.46;
2025;12;06;75;68.46;68.46;
2025;12;06;76;70.80;70.80;
2025;12;06;77;68.22;68.22;
2025;12;06;78;68.22;68.22;
2025;12;06;79;68.46;68.46;
2025;12;06;80;68.55;68.55;
2025;12;06;81;68.46;68.46;
2025;12;06;82;68.70;68.70;
2025;12;06;83;68.70;68.70;
2025;12;06;84;68.70;68.70;
2025;12;06;85;68.70;68.70;
2025;12;06;86;68.70;68.70;
2025;12;06;87;68.46;68.46;
2025;12;06;88;68.22;68.22;
2025;12;06;89;68.94;68.94;
2025;12;06;90;68.46;68.46;
2025;12;06;91;67.98;67.98;
2025;12;06;92;61.50;61.50;
2025;12;06;93;65.14;65.14;
2025;12;06;94;55.46;55.46;
2025;12;06;95;54.07;54.07;
2025;12;06;96;50.05;50.05;
*
