MARGINALPIBC;
2025;08;24;1;103.60;103.60;
2025;08;24;2;100.71;100.71;
2025;08;24;3;94.00;94.00;
2025;08;24;4;91.00;91.00;
2025;08;24;5;97.01;97.01;
2025;08;24;6;93.85;93.85;
2025;08;24;7;91.60;91.60;
2025;08;24;8;90.80;90.80;
2025;08;24;9;92.02;92.02;
2025;08;24;10;91.37;91.37;
2025;08;24;11;91.00;91.00;
2025;08;24;12;88.06;88.06;
2025;08;24;13;90.07;90.07;
2025;08;24;14;89.25;89.25;
2025;08;24;15;89.14;89.14;
2025;08;24;16;89.04;89.04;
2025;08;24;17;88.66;88.66;
2025;08;24;18;88.56;88.56;
2025;08;24;19;88.56;88.56;
2025;08;24;20;88.66;88.66;
2025;08;24;21;86.00;86.00;
2025;08;24;22;86.00;86.00;
2025;08;24;23;88.00;88.00;
2025;08;24;24;88.90;88.90;
2025;08;24;25;88.32;88.32;
2025;08;24;26;89.50;89.50;
2025;08;24;27;89.25;89.25;
2025;08;24;28;90.00;90.00;
2025;08;24;29;87.36;87.36;
2025;08;24;30;88.00;88.00;
2025;08;24;31;88.89;88.89;
2025;08;24;32;88.89;88.89;
2025;08;24;33;91.79;91.79;
2025;08;24;34;85.68;85.68;
2025;08;24;35;61.00;61.00;
2025;08;24;36;35.00;35.00;
2025;08;24;37;65.00;65.00;
2025;08;24;38;25.00;25.00;
2025;08;24;39;4.00;4.00;
2025;08;24;40;24.80;.00;
2025;08;24;41;28.60;28.60;
2025;08;24;42;4.88;4.88;
2025;08;24;43;-2.01;-2.01;
2025;08;24;44;-7.00;-7.00;
2025;08;24;45;4.31;.65;
2025;08;24;46;0.00;.00;
2025;08;24;47;0.00;-.05;
2025;08;24;48;-0.77;-.77;
2025;08;24;49;1.99;.00;
2025;08;24;50;0.00;-.27;
2025;08;24;51;0.00;-.60;
2025;08;24;52;0.00;-.60;
2025;08;24;53;0.00;-.27;
2025;08;24;54;0.00;-.27;
2025;08;24;55;-0.27;-.27;
2025;08;24;56;-0.40;-.40;
2025;08;24;57;4.31;-.01;
2025;08;24;58;1.99;-.01;
2025;08;24;59;0.00;-.01;
2025;08;24;60;0.00;-.01;
2025;08;24;61;4.31;-3.20;
2025;08;24;62;1.90;.00;
2025;08;24;63;0.65;.65;
2025;08;24;64;2.15;2.15;
2025;08;24;65;0.00;-13.62;
2025;08;24;66;-2.08;-2.08;
2025;08;24;67;0.65;.65;
2025;08;24;68;11.94;11.94;
2025;08;24;69;12.93;12.93;
2025;08;24;70;22.12;22.12;
2025;08;24;71;24.51;24.51;
2025;08;24;72;52.04;52.04;
2025;08;24;73;36.15;36.15;
2025;08;24;74;61.10;61.10;
2025;08;24;75;81.57;81.57;
2025;08;24;76;91.07;91.07;
2025;08;24;77;57.82;57.82;
2025;08;24;78;85.60;85.60;
2025;08;24;79;98.77;98.77;
2025;08;24;80;113.90;113.90;
2025;08;24;81;95.00;95.00;
2025;08;24;82;105.79;105.79;
2025;08;24;83;114.84;114.84;
2025;08;24;84;115.90;115.90;
2025;08;24;85;111.83;111.83;
2025;08;24;86;111.83;111.83;
2025;08;24;87;109.12;109.12;
2025;08;24;88;104.32;104.32;
2025;08;24;89;109.68;109.68;
2025;08;24;90;106.94;106.94;
2025;08;24;91;103.93;103.93;
2025;08;24;92;98.63;98.63;
2025;08;24;93;105.77;105.77;
2025;08;24;94;100.67;100.67;
2025;08;24;95;95.70;95.70;
2025;08;24;96;91.74;91.74;
*
