MARGINALPIBC;
2025;06;30;1;125.50;125.50;
2025;06;30;2;123.50;123.50;
2025;06;30;3;120.90;120.90;
2025;06;30;4;118.81;118.81;
2025;06;30;5;115.79;115.79;
2025;06;30;6;113.86;113.86;
2025;06;30;7;111.92;111.92;
2025;06;30;8;111.18;111.18;
2025;06;30;9;109.03;109.03;
2025;06;30;10;108.17;108.17;
2025;06;30;11;107.15;107.15;
2025;06;30;12;107.15;107.15;
2025;06;30;13;106.17;106.17;
2025;06;30;14;105.78;105.78;
2025;06;30;15;104.95;104.95;
2025;06;30;16;104.86;104.86;
2025;06;30;17;109.85;109.85;
2025;06;30;18;109.89;109.89;
2025;06;30;19;110.68;110.68;
2025;06;30;20;111.89;111.89;
2025;06;30;21;110.99;110.99;
2025;06;30;22;112.00;112.00;
2025;06;30;23;113.00;113.00;
2025;06;30;24;115.00;115.00;
2025;06;30;25;108.87;108.87;
2025;06;30;26;110.78;110.78;
2025;06;30;27;112.70;112.70;
2025;06;30;28;115.00;115.00;
2025;06;30;29;121.00;121.00;
2025;06;30;30;121.00;121.00;
2025;06;30;31;119.00;119.00;
2025;06;30;32;116.99;116.99;
2025;06;30;33;134.16;134.16;
2025;06;30;34;118.45;118.45;
2025;06;30;35;108.87;108.87;
2025;06;30;36;95.00;95.00;
2025;06;30;37;112.92;112.92;
2025;06;30;38;103.79;103.79;
2025;06;30;39;93.23;93.23;
2025;06;30;40;76.15;76.15;
2025;06;30;41;86.81;86.81;
2025;06;30;42;82.20;82.20;
2025;06;30;43;76.15;76.15;
2025;06;30;44;76.15;76.15;
2025;06;30;45;85.95;85.95;
2025;06;30;46;84.03;84.03;
2025;06;30;47;82.60;82.60;
2025;06;30;48;81.90;81.90;
2025;06;30;49;84.94;84.94;
2025;06;30;50;84.94;84.94;
2025;06;30;51;85.25;85.25;
2025;06;30;52;85.13;85.13;
2025;06;30;53;84.03;84.03;
2025;06;30;54;85.34;85.34;
2025;06;30;55;85.34;85.34;
2025;06;30;56;84.94;84.94;
2025;06;30;57;82.60;82.60;
2025;06;30;58;83.41;83.41;
2025;06;30;59;84.94;84.94;
2025;06;30;60;84.94;84.94;
2025;06;30;61;82.95;82.95;
2025;06;30;62;83.18;83.18;
2025;06;30;63;85.34;85.34;
2025;06;30;64;86.90;86.90;
2025;06;30;65;79.21;79.21;
2025;06;30;66;80.71;80.71;
2025;06;30;67;84.33;84.33;
2025;06;30;68;94.11;94.11;
2025;06;30;69;89.59;89.59;
2025;06;30;70;94.10;94.10;
2025;06;30;71;101.38;101.38;
2025;06;30;72;109.10;109.10;
2025;06;30;73;95.11;95.11;
2025;06;30;74;106.06;106.06;
2025;06;30;75;112.04;112.04;
2025;06;30;76;115.11;115.11;
2025;06;30;77;99.95;99.95;
2025;06;30;78;111.38;111.38;
2025;06;30;79;130.71;130.71;
2025;06;30;80;141.38;141.38;
2025;06;30;81;127.99;127.99;
2025;06;30;82;138.00;138.00;
2025;06;30;83;154.00;154.00;
2025;06;30;84;165.00;165.00;
2025;06;30;85;195.00;195.00;
2025;06;30;86;200.00;200.00;
2025;06;30;87;199.62;199.62;
2025;06;30;88;185.38;185.38;
2025;06;30;89;186.90;186.90;
2025;06;30;90;176.34;176.34;
2025;06;30;91;160.76;160.76;
2025;06;30;92;144.00;144.00;
2025;06;30;93;142.20;142.20;
2025;06;30;94;133.90;133.90;
2025;06;30;95;127.86;127.86;
2025;06;30;96;123.86;123.86;
*
