MARGINALPIBC;
2026;03;09;1;124.30;124.30;
2026;03;09;2;117.51;117.51;
2026;03;09;3;115.00;115.00;
2026;03;09;4;110.01;110.01;
2026;03;09;5;117.60;117.60;
2026;03;09;6;115.19;115.19;
2026;03;09;7;114.04;114.04;
2026;03;09;8;110.01;110.01;
2026;03;09;9;110.01;110.01;
2026;03;09;10;106.07;106.07;
2026;03;09;11;100.30;100.30;
2026;03;09;12;102.51;102.51;
2026;03;09;13;97.00;97.00;
2026;03;09;14;100.07;100.07;
2026;03;09;15;101.22;101.22;
2026;03;09;16;103.07;103.07;
2026;03;09;17;104.00;104.00;
2026;03;09;18;104.00;104.00;
2026;03;09;19;101.19;101.19;
2026;03;09;20;100.91;100.91;
2026;03;09;21;100.07;100.07;
2026;03;09;22;101.06;101.06;
2026;03;09;23;109.63;109.63;
2026;03;09;24;116.90;116.90;
2026;03;09;25;113.90;113.90;
2026;03;09;26;110.01;110.01;
2026;03;09;27;115.35;115.35;
2026;03;09;28;120.01;120.01;
2026;03;09;29;131.77;131.77;
2026;03;09;30;140.01;141.46;
2026;03;09;31;140.01;158.51;
2026;03;09;32;138.85;138.85;
2026;03;09;33;157.78;184.50;
2026;03;09;34;146.45;146.45;
2026;03;09;35;130.64;130.64;
2026;03;09;36;119.70;119.70;
2026;03;09;37;130.64;130.64;
2026;03;09;38;124.76;124.76;
2026;03;09;39;115.10;115.10;
2026;03;09;40;109.95;109.95;
2026;03;09;41;115.52;115.52;
2026;03;09;42;109.05;109.05;
2026;03;09;43;98.62;98.62;
2026;03;09;44;91.48;91.48;
2026;03;09;45;95.70;95.70;
2026;03;09;46;93.87;93.87;
2026;03;09;47;88.00;88.00;
2026;03;09;48;85.30;85.30;
2026;03;09;49;89.01;89.01;
2026;03;09;50;84.36;84.36;
2026;03;09;51;83.65;83.65;
2026;03;09;52;82.00;82.00;
2026;03;09;53;85.39;85.39;
2026;03;09;54;83.36;83.36;
2026;03;09;55;85.00;85.00;
2026;03;09;56;85.00;85.00;
2026;03;09;57;79.01;79.01;
2026;03;09;58;81.49;81.49;
2026;03;09;59;89.30;89.30;
2026;03;09;60;88.00;88.00;
2026;03;09;61;82.01;82.01;
2026;03;09;62;87.15;87.15;
2026;03;09;63;88.00;88.00;
2026;03;09;64;94.85;94.85;
2026;03;09;65;85.48;85.48;
2026;03;09;66;78.34;78.34;
2026;03;09;67;88.37;88.37;
2026;03;09;68;102.75;102.75;
2026;03;09;69;97.52;97.52;
2026;03;09;70;110.01;110.01;
2026;03;09;71;106.79;106.79;
2026;03;09;72;110.88;110.88;
2026;03;09;73;112.00;112.00;
2026;03;09;74;118.02;118.02;
2026;03;09;75;119.88;132.45;
2026;03;09;76;121.46;156.90;
2026;03;09;77;119.88;164.20;
2026;03;09;78;121.46;212.77;
2026;03;09;79;123.83;210.51;
2026;03;09;80;126.63;200.20;
2026;03;09;81;142.78;209.78;
2026;03;09;82;152.58;189.68;
2026;03;09;83;160.01;192.00;
2026;03;09;84;169.67;169.67;
2026;03;09;85;177.74;177.74;
2026;03;09;86;161.92;161.92;
2026;03;09;87;152.60;152.60;
2026;03;09;88;141.20;141.20;
2026;03;09;89;155.21;155.21;
2026;03;09;90;142.00;142.00;
2026;03;09;91;144.29;144.29;
2026;03;09;92;130.50;130.50;
2026;03;09;93;139.08;139.08;
2026;03;09;94;130.01;134.26;
2026;03;09;95;129.88;132.42;
2026;03;09;96;118.50;123.00;
*
