MARGINALPIBC;
2025;07;06;1;109.17;109.17;
2025;07;06;2;108.09;108.09;
2025;07;06;3;104.01;104.01;
2025;07;06;4;102.99;102.99;
2025;07;06;5;100.54;100.54;
2025;07;06;6;98.30;98.30;
2025;07;06;7;95.98;95.98;
2025;07;06;8;91.60;91.60;
2025;07;06;9;92.38;92.38;
2025;07;06;10;88.87;88.87;
2025;07;06;11;86.54;86.54;
2025;07;06;12;82.76;82.76;
2025;07;06;13;91.43;91.43;
2025;07;06;14;90.23;90.23;
2025;07;06;15;89.22;89.22;
2025;07;06;16;89.22;89.22;
2025;07;06;17;90.98;90.98;
2025;07;06;18;90.24;90.24;
2025;07;06;19;90.72;90.72;
2025;07;06;20;90.98;90.98;
2025;07;06;21;90.82;90.82;
2025;07;06;22;90.74;90.74;
2025;07;06;23;90.74;90.74;
2025;07;06;24;92.57;92.57;
2025;07;06;25;93.31;93.31;
2025;07;06;26;92.09;92.09;
2025;07;06;27;92.09;92.09;
2025;07;06;28;92.25;92.25;
2025;07;06;29;90.67;90.67;
2025;07;06;30;87.31;87.31;
2025;07;06;31;81.61;81.61;
2025;07;06;32;60.00;60.00;
2025;07;06;33;63.60;63.60;
2025;07;06;34;47.40;47.40;
2025;07;06;35;30.01;30.01;
2025;07;06;36;4.31;4.31;
2025;07;06;37;27.41;16.89;
2025;07;06;38;12.40;2.40;
2025;07;06;39;10.39;-12.60;
2025;07;06;40;10.39;-15.00;
2025;07;06;41;4.31;3.00;
2025;07;06;42;4.31;2.00;
2025;07;06;43;4.31;.65;
2025;07;06;44;4.31;2.00;
2025;07;06;45;3.99;1.10;
2025;07;06;46;3.99;1.15;
2025;07;06;47;2.00;1.00;
2025;07;06;48;2.00;1.00;
2025;07;06;49;3.80;.94;
2025;07;06;50;1.65;1.65;
2025;07;06;51;1.72;1.72;
2025;07;06;52;1.72;1.72;
2025;07;06;53;4.31;3.52;
2025;07;06;54;4.31;3.67;
2025;07;06;55;4.18;4.18;
2025;07;06;56;4.07;4.07;
2025;07;06;57;4.31;3.52;
2025;07;06;58;3.54;3.29;
2025;07;06;59;3.01;2.99;
2025;07;06;60;2.99;2.01;
2025;07;06;61;3.64;-.82;
2025;07;06;62;3.16;-.32;
2025;07;06;63;1.20;-.82;
2025;07;06;64;0.67;.65;
2025;07;06;65;3.16;-4.35;
2025;07;06;66;1.20;-2.91;
2025;07;06;67;1.20;.00;
2025;07;06;68;0.67;.65;
2025;07;06;69;1.20;-9.00;
2025;07;06;70;1.20;-6.50;
2025;07;06;71;1.20;.20;
2025;07;06;72;1.72;1.72;
2025;07;06;73;4.31;-12.00;
2025;07;06;74;4.46;-6.69;
2025;07;06;75;7.30;6.46;
2025;07;06;76;24.11;16.31;
2025;07;06;77;29.54;-8.47;
2025;07;06;78;30.01;-.82;
2025;07;06;79;31.55;31.55;
2025;07;06;80;55.53;55.53;
2025;07;06;81;30.01;-.32;
2025;07;06;82;45.88;40.00;
2025;07;06;83;109.99;85.30;
2025;07;06;84;110.01;92.51;
2025;07;06;85;74.47;74.47;
2025;07;06;86;97.39;97.39;
2025;07;06;87;99.52;99.52;
2025;07;06;88;101.32;101.32;
2025;07;06;89;103.58;103.58;
2025;07;06;90;103.58;103.58;
2025;07;06;91;103.11;103.11;
2025;07;06;92;99.56;99.56;
2025;07;06;93;103.74;103.74;
2025;07;06;94;99.79;99.79;
2025;07;06;95;89.70;89.70;
2025;07;06;96;80.99;80.99;
*
