MARGINALPIBC;
2025;10;02;1;102.16;102.16;
2025;10;02;2;104.86;104.86;
2025;10;02;3;101.33;101.33;
2025;10;02;4;102.33;102.33;
2025;10;02;5;100.28;100.28;
2025;10;02;6;98.19;98.19;
2025;10;02;7;96.50;96.50;
2025;10;02;8;96.47;96.47;
2025;10;02;9;93.70;93.70;
2025;10;02;10;92.99;92.99;
2025;10;02;11;93.00;93.00;
2025;10;02;12;92.99;92.99;
2025;10;02;13;93.70;93.70;
2025;10;02;14;94.98;94.98;
2025;10;02;15;95.30;95.30;
2025;10;02;16;96.69;96.69;
2025;10;02;17;96.98;96.98;
2025;10;02;18;98.00;98.00;
2025;10;02;19;98.23;98.23;
2025;10;02;20;100.99;100.99;
2025;10;02;21;101.28;101.28;
2025;10;02;22;101.66;101.66;
2025;10;02;23;103.68;103.68;
2025;10;02;24;106.19;106.19;
2025;10;02;25;101.26;101.26;
2025;10;02;26;101.52;101.52;
2025;10;02;27;102.29;102.29;
2025;10;02;28;107.10;107.10;
2025;10;02;29;110.41;110.41;
2025;10;02;30;123.55;123.55;
2025;10;02;31;126.95;126.95;
2025;10;02;32;134.55;134.55;
2025;10;02;33;153.01;153.01;
2025;10;02;34;138.11;138.11;
2025;10;02;35;116.06;123.44;
2025;10;02;36;105.41;110.41;
2025;10;02;37;114.87;114.87;
2025;10;02;38;103.36;103.36;
2025;10;02;39;91.19;91.19;
2025;10;02;40;68.00;68.00;
2025;10;02;41;74.49;74.49;
2025;10;02;42;58.82;58.82;
2025;10;02;43;53.83;53.83;
2025;10;02;44;36.17;36.17;
2025;10;02;45;43.95;34.10;
2025;10;02;46;37.22;27.22;
2025;10;02;47;35.32;19.07;
2025;10;02;48;25.50;8.62;
2025;10;02;49;28.01;28.01;
2025;10;02;50;22.50;20.67;
2025;10;02;51;22.50;22.50;
2025;10;02;52;17.15;17.15;
2025;10;02;53;23.16;23.16;
2025;10;02;54;21.00;19.99;
2025;10;02;55;18.46;16.46;
2025;10;02;56;17.06;7.35;
2025;10;02;57;17.59;17.59;
2025;10;02;58;16.46;16.46;
2025;10;02;59;22.50;21.79;
2025;10;02;60;22.50;22.50;
2025;10;02;61;17.00;5.00;
2025;10;02;62;18.46;11.55;
2025;10;02;63;18.00;6.00;
2025;10;02;64;18.91;8.91;
2025;10;02;65;22.70;.70;
2025;10;02;66;31.90;17.79;
2025;10;02;67;32.09;14.10;
2025;10;02;68;45.10;45.10;
2025;10;02;69;25.10;25.10;
2025;10;02;70;35.59;35.59;
2025;10;02;71;42.22;42.22;
2025;10;02;72;61.31;61.31;
2025;10;02;73;37.22;37.22;
2025;10;02;74;52.40;52.40;
2025;10;02;75;87.41;87.41;
2025;10;02;76;94.69;94.69;
2025;10;02;77;92.65;92.65;
2025;10;02;78;109.90;109.90;
2025;10;02;79;115.93;115.93;
2025;10;02;80;125.00;125.00;
2025;10;02;81;162.78;162.78;
2025;10;02;82;199.28;199.28;
2025;10;02;83;217.56;217.56;
2025;10;02;84;223.00;223.00;
2025;10;02;85;182.00;184.36;
2025;10;02;86;175.66;176.29;
2025;10;02;87;154.30;154.30;
2025;10;02;88;125.99;125.99;
2025;10;02;89;130.81;140.00;
2025;10;02;90;124.90;130.00;
2025;10;02;91;121.44;132.81;
2025;10;02;92;113.91;121.79;
2025;10;02;93;113.00;113.00;
2025;10;02;94;109.99;109.99;
2025;10;02;95;129.99;129.99;
2025;10;02;96;129.99;129.99;
*
