MARGINALPIBC;
2025;10;05;1;28.00;28.00;
2025;10;05;2;20.77;20.77;
2025;10;05;3;20.77;20.77;
2025;10;05;4;20.77;20.77;
2025;10;05;5;17.50;17.50;
2025;10;05;6;15.01;15.01;
2025;10;05;7;12.23;12.23;
2025;10;05;8;14.33;14.33;
2025;10;05;9;12.23;12.23;
2025;10;05;10;12.23;12.23;
2025;10;05;11;14.43;14.43;
2025;10;05;12;12.23;12.23;
2025;10;05;13;12.23;12.23;
2025;10;05;14;12.23;12.23;
2025;10;05;15;12.23;12.23;
2025;10;05;16;11.11;11.11;
2025;10;05;17;10.24;10.24;
2025;10;05;18;12.23;12.23;
2025;10;05;19;12.23;12.23;
2025;10;05;20;10.24;10.24;
2025;10;05;21;15.63;15.63;
2025;10;05;22;18.20;18.20;
2025;10;05;23;16.61;16.61;
2025;10;05;24;18.20;18.20;
2025;10;05;25;14.49;14.49;
2025;10;05;26;12.23;12.23;
2025;10;05;27;9.33;9.33;
2025;10;05;28;12.23;12.23;
2025;10;05;29;12.23;12.23;
2025;10;05;30;12.23;12.23;
2025;10;05;31;12.23;12.23;
2025;10;05;32;13.20;13.20;
2025;10;05;33;12.23;8.20;
2025;10;05;34;12.23;9.98;
2025;10;05;35;12.55;12.55;
2025;10;05;36;8.16;2.68;
2025;10;05;37;7.12;7.12;
2025;10;05;38;6.11;-.02;
2025;10;05;39;0.05;-1.05;
2025;10;05;40;-3.01;-3.01;
2025;10;05;41;0.38;-7.96;
2025;10;05;42;0.00;-7.00;
2025;10;05;43;0.00;-3.62;
2025;10;05;44;0.00;-4.38;
2025;10;05;45;0.99;-13.62;
2025;10;05;46;0.50;-14.12;
2025;10;05;47;0.05;-10.60;
2025;10;05;48;0.00;-8.00;
2025;10;05;49;-8.60;-8.60;
2025;10;05;50;-3.02;-3.02;
2025;10;05;51;-3.01;-3.01;
2025;10;05;52;-4.99;-4.99;
2025;10;05;53;-1.73;-5.62;
2025;10;05;54;-2.00;-5.62;
2025;10;05;55;-2.00;-5.52;
2025;10;05;56;-2.21;-4.44;
2025;10;05;57;-1.64;-6.66;
2025;10;05;58;-1.57;-5.62;
2025;10;05;59;0.00;-4.20;
2025;10;05;60;0.00;-3.12;
2025;10;05;61;0.00;-3.30;
2025;10;05;62;0.00;-3.01;
2025;10;05;63;0.05;-10.00;
2025;10;05;64;0.05;-10.00;
2025;10;05;65;-0.22;-5.01;
2025;10;05;66;0.00;-10.00;
2025;10;05;67;0.00;-10.00;
2025;10;05;68;0.00;-10.00;
2025;10;05;69;0.05;-12.00;
2025;10;05;70;0.05;-10.01;
2025;10;05;71;0.05;-10.00;
2025;10;05;72;1.97;-8.62;
2025;10;05;73;2.62;-8.00;
2025;10;05;74;5.49;-7.00;
2025;10;05;75;20.45;4.00;
2025;10;05;76;30.80;10.80;
2025;10;05;77;34.41;34.41;
2025;10;05;78;48.13;48.13;
2025;10;05;79;64.31;64.31;
2025;10;05;80;72.05;72.05;
2025;10;05;81;62.92;62.92;
2025;10;05;82;64.92;64.92;
2025;10;05;83;75.76;75.76;
2025;10;05;84;75.76;75.76;
2025;10;05;85;85.33;85.33;
2025;10;05;86;85.33;85.33;
2025;10;05;87;82.25;82.25;
2025;10;05;88;75.76;75.76;
2025;10;05;89;68.46;68.46;
2025;10;05;90;64.92;64.92;
2025;10;05;91;61.66;61.66;
2025;10;05;92;44.93;44.93;
2025;10;05;93;45.10;45.10;
2025;10;05;94;45.00;45.00;
2025;10;05;95;39.40;39.40;
2025;10;05;96;31.31;31.31;
*
