MARGINALPIBC;
2026;04;29;1;106.92;106.92;
2026;04;29;2;105.00;105.00;
2026;04;29;3;99.00;99.00;
2026;04;29;4;99.00;99.00;
2026;04;29;5;99.61;99.61;
2026;04;29;6;99.00;99.00;
2026;04;29;7;97.00;97.00;
2026;04;29;8;95.64;95.64;
2026;04;29;9;95.00;95.00;
2026;04;29;10;94.50;94.50;
2026;04;29;11;93.50;93.50;
2026;04;29;12;92.45;92.45;
2026;04;29;13;90.00;90.00;
2026;04;29;14;90.13;90.13;
2026;04;29;15;89.76;89.76;
2026;04;29;16;89.76;89.76;
2026;04;29;17;92.52;92.52;
2026;04;29;18;92.02;92.02;
2026;04;29;19;92.25;92.25;
2026;04;29;20;92.76;92.76;
2026;04;29;21;92.50;92.50;
2026;04;29;22;93.98;93.98;
2026;04;29;23;96.15;96.15;
2026;04;29;24;99.00;99.00;
2026;04;29;25;104.71;104.71;
2026;04;29;26;107.27;107.27;
2026;04;29;27;105.13;105.13;
2026;04;29;28;107.14;107.14;
2026;04;29;29;106.45;106.45;
2026;04;29;30;107.27;107.27;
2026;04;29;31;105.13;105.13;
2026;04;29;32;105.08;105.08;
2026;04;29;33;104.58;104.58;
2026;04;29;34;104.60;104.60;
2026;04;29;35;104.60;104.60;
2026;04;29;36;99.51;99.51;
2026;04;29;37;103.00;103.00;
2026;04;29;38;96.17;96.17;
2026;04;29;39;94.64;94.64;
2026;04;29;40;89.00;89.00;
2026;04;29;41;99.96;99.96;
2026;04;29;42;90.66;90.66;
2026;04;29;43;89.26;89.26;
2026;04;29;44;82.93;82.93;
2026;04;29;45;85.60;85.60;
2026;04;29;46;72.18;72.18;
2026;04;29;47;51.17;51.17;
2026;04;29;48;49.78;49.78;
2026;04;29;49;49.49;49.49;
2026;04;29;50;45.00;45.00;
2026;04;29;51;41.00;41.00;
2026;04;29;52;37.22;37.22;
2026;04;29;53;36.11;36.11;
2026;04;29;54;31.92;31.92;
2026;04;29;55;28.15;28.15;
2026;04;29;56;27.26;27.26;
2026;04;29;57;26.84;26.84;
2026;04;29;58;25.20;25.20;
2026;04;29;59;25.73;25.73;
2026;04;29;60;25.10;25.10;
2026;04;29;61;22.20;22.20;
2026;04;29;62;18.83;18.83;
2026;04;29;63;16.89;16.89;
2026;04;29;64;16.96;16.96;
2026;04;29;65;15.48;15.48;
2026;04;29;66;18.69;18.69;
2026;04;29;67;22.79;22.79;
2026;04;29;68;26.10;26.10;
2026;04;29;69;26.69;26.69;
2026;04;29;70;27.79;27.79;
2026;04;29;71;31.89;31.89;
2026;04;29;72;42.22;42.22;
2026;04;29;73;26.84;26.84;
2026;04;29;74;36.00;36.00;
2026;04;29;75;45.01;45.01;
2026;04;29;76;51.10;51.10;
2026;04;29;77;78.04;78.04;
2026;04;29;78;92.52;92.52;
2026;04;29;79;98.65;98.65;
2026;04;29;80;101.00;101.00;
2026;04;29;81;89.50;89.50;
2026;04;29;82;101.65;101.65;
2026;04;29;83;102.31;102.31;
2026;04;29;84;105.32;105.32;
2026;04;29;85;105.82;105.82;
2026;04;29;86;109.05;109.05;
2026;04;29;87;107.42;107.42;
2026;04;29;88;105.69;105.69;
2026;04;29;89;102.30;102.30;
2026;04;29;90;101.93;101.93;
2026;04;29;91;103.00;103.00;
2026;04;29;92;98.93;98.93;
2026;04;29;93;104.75;104.75;
2026;04;29;94;103.52;103.52;
2026;04;29;95;100.65;100.65;
2026;04;29;96;95.00;95.00;
*
