MARGINALPIBC;
2025;03;10;1;84.71;84.71;
2025;03;10;2;76.03;76.03;
2025;03;10;3;70.74;70.74;
2025;03;10;4;69.99;69.99;
2025;03;10;5;65.70;65.70;
2025;03;10;6;70.43;70.43;
2025;03;10;7;70.51;99.27;
2025;03;10;8;73.03;123.06;
2025;03;10;9;74.99;126.68;
2025;03;10;10;88.03;97.14;
2025;03;10;11;85.99;85.99;
2025;03;10;12;77.95;77.95;
2025;03;10;13;78.72;78.72;
2025;03;10;14;80.24;80.24;
2025;03;10;15;76.66;76.66;
2025;03;10;16;75.65;75.65;
2025;03;10;17;81.86;81.86;
2025;03;10;18;97.82;97.82;
2025;03;10;19;115.84;119.84;
2025;03;10;20;149.36;149.36;
2025;03;10;21;128.60;128.60;
2025;03;10;22;107.00;107.00;
2025;03;10;23;98.00;99.37;
2025;03;10;24;92.00;92.00;
*
