MARGINALPIBC;
2026;01;08;1;88.59;88.59;
2026;01;08;2;87.10;87.10;
2026;01;08;3;86.13;86.13;
2026;01;08;4;80.89;80.89;
2026;01;08;5;86.55;86.55;
2026;01;08;6;83.45;83.45;
2026;01;08;7;83.45;83.45;
2026;01;08;8;81.50;81.50;
2026;01;08;9;83.45;83.45;
2026;01;08;10;83.45;83.45;
2026;01;08;11;80.80;80.80;
2026;01;08;12;78.22;78.22;
2026;01;08;13;78.21;78.21;
2026;01;08;14;77.66;77.66;
2026;01;08;15;74.35;74.35;
2026;01;08;16;73.20;73.20;
2026;01;08;17;70.00;70.00;
2026;01;08;18;68.08;68.08;
2026;01;08;19;70.00;70.00;
2026;01;08;20;69.78;69.78;
2026;01;08;21;69.94;69.94;
2026;01;08;22;70.70;70.70;
2026;01;08;23;77.82;77.82;
2026;01;08;24;81.27;81.27;
2026;01;08;25;68.59;68.59;
2026;01;08;26;73.96;73.96;
2026;01;08;27;82.35;82.35;
2026;01;08;28;87.61;87.61;
2026;01;08;29;83.64;83.64;
2026;01;08;30;88.81;88.81;
2026;01;08;31;91.40;91.40;
2026;01;08;32;94.61;94.61;
2026;01;08;33;94.51;94.51;
2026;01;08;34;99.78;99.78;
2026;01;08;35;100.01;100.01;
2026;01;08;36;101.50;101.50;
2026;01;08;37;101.50;101.50;
2026;01;08;38;95.00;95.00;
2026;01;08;39;88.81;88.81;
2026;01;08;40;76.35;76.35;
2026;01;08;41;86.59;86.59;
2026;01;08;42;82.20;82.20;
2026;01;08;43;71.77;71.77;
2026;01;08;44;64.85;64.85;
2026;01;08;45;84.20;84.20;
2026;01;08;46;79.80;79.80;
2026;01;08;47;66.37;66.37;
2026;01;08;48;63.25;63.25;
2026;01;08;49;77.50;77.50;
2026;01;08;50;71.50;71.50;
2026;01;08;51;70.00;70.00;
2026;01;08;52;69.00;69.00;
2026;01;08;53;67.72;67.72;
2026;01;08;54;67.50;67.50;
2026;01;08;55;66.26;66.26;
2026;01;08;56;64.21;64.21;
2026;01;08;57;63.33;63.33;
2026;01;08;58;63.00;63.00;
2026;01;08;59;63.00;63.00;
2026;01;08;60;63.00;63.00;
2026;01;08;61;65.00;65.00;
2026;01;08;62;68.50;68.50;
2026;01;08;63;74.85;74.85;
2026;01;08;64;75.24;75.24;
2026;01;08;65;74.84;74.84;
2026;01;08;66;74.33;74.33;
2026;01;08;67;87.54;87.54;
2026;01;08;68;90.76;90.76;
2026;01;08;69;74.99;74.99;
2026;01;08;70;79.27;79.27;
2026;01;08;71;87.70;87.70;
2026;01;08;72;90.83;90.83;
2026;01;08;73;91.27;91.27;
2026;01;08;74;91.90;91.90;
2026;01;08;75;94.89;94.89;
2026;01;08;76;92.67;92.67;
2026;01;08;77;96.00;96.00;
2026;01;08;78;94.83;94.83;
2026;01;08;79;95.87;95.87;
2026;01;08;80;92.58;92.58;
2026;01;08;81;94.95;94.95;
2026;01;08;82;93.01;93.01;
2026;01;08;83;89.77;89.77;
2026;01;08;84;90.99;90.99;
2026;01;08;85;90.33;90.33;
2026;01;08;86;90.33;90.33;
2026;01;08;87;90.27;90.27;
2026;01;08;88;84.20;84.20;
2026;01;08;89;89.31;89.31;
2026;01;08;90;88.81;88.81;
2026;01;08;91;90.76;90.76;
2026;01;08;92;85.30;85.30;
2026;01;08;93;84.20;84.20;
2026;01;08;94;74.99;74.99;
2026;01;08;95;68.72;68.72;
2026;01;08;96;60.09;60.09;
*
