MARGINALPIBC;
2025;07;17;1;132.10;132.10;
2025;07;17;2;128.99;128.99;
2025;07;17;3;123.09;123.09;
2025;07;17;4;119.78;119.78;
2025;07;17;5;128.99;128.99;
2025;07;17;6;125.13;125.13;
2025;07;17;7;120.13;120.13;
2025;07;17;8;120.01;120.01;
2025;07;17;9;121.34;121.34;
2025;07;17;10;120.01;120.01;
2025;07;17;11;118.84;118.84;
2025;07;17;12;118.84;118.84;
2025;07;17;13;116.62;116.62;
2025;07;17;14;116.62;116.62;
2025;07;17;15;113.72;113.72;
2025;07;17;16;113.62;113.62;
2025;07;17;17;113.62;113.62;
2025;07;17;18;113.62;113.62;
2025;07;17;19;113.72;113.72;
2025;07;17;20;116.62;116.62;
2025;07;17;21;115.20;115.20;
2025;07;17;22;118.46;118.46;
2025;07;17;23;120.74;120.74;
2025;07;17;24;123.01;123.01;
2025;07;17;25;118.36;118.36;
2025;07;17;26;121.36;121.36;
2025;07;17;27;126.36;126.36;
2025;07;17;28;128.99;128.99;
2025;07;17;29;127.87;127.87;
2025;07;17;30;128.99;128.99;
2025;07;17;31;127.87;127.87;
2025;07;17;32;125.00;125.00;
2025;07;17;33;132.06;132.06;
2025;07;17;34;123.45;123.45;
2025;07;17;35;111.36;111.36;
2025;07;17;36;94.68;94.68;
2025;07;17;37;114.27;114.27;
2025;07;17;38;101.27;101.27;
2025;07;17;39;94.26;94.26;
2025;07;17;40;80.00;80.00;
2025;07;17;41;88.76;88.76;
2025;07;17;42;84.29;84.29;
2025;07;17;43;81.20;81.20;
2025;07;17;44;78.44;78.44;
2025;07;17;45;86.36;86.36;
2025;07;17;46;85.06;85.06;
2025;07;17;47;83.07;83.07;
2025;07;17;48;80.92;80.92;
2025;07;17;49;89.80;89.80;
2025;07;17;50;89.80;89.80;
2025;07;17;51;89.78;89.78;
2025;07;17;52;89.18;89.18;
2025;07;17;53;88.80;88.80;
2025;07;17;54;89.28;89.28;
2025;07;17;55;89.30;89.30;
2025;07;17;56;88.33;88.33;
2025;07;17;57;88.33;88.33;
2025;07;17;58;88.41;88.41;
2025;07;17;59;88.33;88.33;
2025;07;17;60;86.67;86.67;
2025;07;17;61;86.01;86.01;
2025;07;17;62;85.98;85.98;
2025;07;17;63;83.90;83.90;
2025;07;17;64;83.00;83.00;
2025;07;17;65;84.15;84.15;
2025;07;17;66;85.09;85.09;
2025;07;17;67;87.26;87.26;
2025;07;17;68;88.41;88.41;
2025;07;17;69;87.71;87.71;
2025;07;17;70;91.44;91.44;
2025;07;17;71;93.69;93.69;
2025;07;17;72;94.36;94.36;
2025;07;17;73;88.55;88.55;
2025;07;17;74;90.25;90.25;
2025;07;17;75;91.64;91.64;
2025;07;17;76;95.92;95.92;
2025;07;17;77;80.00;80.00;
2025;07;17;78;97.79;97.79;
2025;07;17;79;110.83;110.83;
2025;07;17;80;127.08;127.08;
2025;07;17;81;91.40;91.40;
2025;07;17;82;112.41;112.41;
2025;07;17;83;122.22;122.22;
2025;07;17;84;131.41;131.41;
2025;07;17;85;122.66;122.66;
2025;07;17;86;123.67;123.67;
2025;07;17;87;125.85;125.85;
2025;07;17;88;124.01;124.01;
2025;07;17;89;128.42;128.42;
2025;07;17;90;127.26;127.26;
2025;07;17;91;123.79;123.79;
2025;07;17;92;120.33;120.33;
2025;07;17;93;122.28;122.28;
2025;07;17;94;120.76;120.76;
2025;07;17;95;115.12;115.12;
2025;07;17;96;112.17;112.17;
*
