MARGINALPIBC;
2025;07;26;1;92.66;92.66;
2025;07;26;2;91.61;91.61;
2025;07;26;3;88.05;88.05;
2025;07;26;4;80.00;80.00;
2025;07;26;5;85.00;85.00;
2025;07;26;6;80.17;80.17;
2025;07;26;7;74.66;74.66;
2025;07;26;8;65.25;65.25;
2025;07;26;9;66.13;66.13;
2025;07;26;10;61.07;61.07;
2025;07;26;11;58.28;58.28;
2025;07;26;12;55.72;55.72;
2025;07;26;13;51.84;51.84;
2025;07;26;14;48.85;48.85;
2025;07;26;15;48.85;48.85;
2025;07;26;16;48.85;48.85;
2025;07;26;17;36.40;36.40;
2025;07;26;18;36.40;36.40;
2025;07;26;19;37.40;37.40;
2025;07;26;20;39.40;39.40;
2025;07;26;21;39.99;39.99;
2025;07;26;22;40.74;40.74;
2025;07;26;23;40.74;40.74;
2025;07;26;24;40.00;40.00;
2025;07;26;25;47.33;47.33;
2025;07;26;26;54.33;54.33;
2025;07;26;27;54.38;54.38;
2025;07;26;28;57.12;57.12;
2025;07;26;29;55.01;55.01;
2025;07;26;30;52.08;52.08;
2025;07;26;31;45.01;45.01;
2025;07;26;32;35.01;35.01;
2025;07;26;33;64.95;64.95;
2025;07;26;34;53.28;53.28;
2025;07;26;35;36.05;36.05;
2025;07;26;36;21.06;21.06;
2025;07;26;37;53.60;53.60;
2025;07;26;38;18.78;18.78;
2025;07;26;39;6.15;6.15;
2025;07;26;40;3.63;3.63;
2025;07;26;41;3.20;3.20;
2025;07;26;42;3.20;3.20;
2025;07;26;43;1.72;1.72;
2025;07;26;44;0.65;.65;
2025;07;26;45;2.64;2.64;
2025;07;26;46;2.64;2.64;
2025;07;26;47;2.64;2.64;
2025;07;26;48;1.00;1.00;
2025;07;26;49;0.88;.88;
2025;07;26;50;0.65;.65;
2025;07;26;51;0.66;.66;
2025;07;26;52;0.65;.65;
2025;07;26;53;2.64;2.64;
2025;07;26;54;2.64;2.64;
2025;07;26;55;2.64;2.64;
2025;07;26;56;0.65;.65;
2025;07;26;57;0.65;.65;
2025;07;26;58;0.65;.65;
2025;07;26;59;0.65;.65;
2025;07;26;60;0.65;.65;
2025;07;26;61;0.20;.20;
2025;07;26;62;0.20;.20;
2025;07;26;63;0.01;.01;
2025;07;26;64;0.00;.00;
2025;07;26;65;0.00;.00;
2025;07;26;66;0.00;.00;
2025;07;26;67;0.00;.00;
2025;07;26;68;0.00;.00;
2025;07;26;69;0.00;.00;
2025;07;26;70;0.00;.00;
2025;07;26;71;0.20;.20;
2025;07;26;72;0.65;.65;
2025;07;26;73;0.65;.65;
2025;07;26;74;3.20;3.20;
2025;07;26;75;5.00;5.00;
2025;07;26;76;13.68;13.68;
2025;07;26;77;-6.01;-6.01;
2025;07;26;78;3.72;3.72;
2025;07;26;79;36.22;36.22;
2025;07;26;80;72.98;72.98;
2025;07;26;81;20.55;20.55;
2025;07;26;82;49.30;49.30;
2025;07;26;83;81.56;81.56;
2025;07;26;84;91.28;91.28;
2025;07;26;85;86.37;86.37;
2025;07;26;86;90.57;90.57;
2025;07;26;87;91.79;91.79;
2025;07;26;88;90.57;90.57;
2025;07;26;89;95.38;95.38;
2025;07;26;90;94.06;94.06;
2025;07;26;91;93.33;93.33;
2025;07;26;92;90.00;90.00;
2025;07;26;93;90.66;90.66;
2025;07;26;94;88.20;88.20;
2025;07;26;95;86.56;86.56;
2025;07;26;96;75.38;75.38;
*
