MARGINALPIBC;
2026;05;25;1;47.64;47.64;
2026;05;25;2;33.83;33.83;
2026;05;25;3;33.13;33.13;
2026;05;25;4;27.20;27.20;
2026;05;25;5;43.20;43.20;
2026;05;25;6;34.66;34.66;
2026;05;25;7;34.78;34.78;
2026;05;25;8;24.84;24.84;
2026;05;25;9;25.01;25.01;
2026;05;25;10;24.16;24.16;
2026;05;25;11;24.16;24.16;
2026;05;25;12;24.16;24.16;
2026;05;25;13;29.15;29.15;
2026;05;25;14;27.90;27.90;
2026;05;25;15;20.53;20.53;
2026;05;25;16;38.55;38.55;
2026;05;25;17;24.17;24.17;
2026;05;25;18;24.16;24.16;
2026;05;25;19;24.97;24.97;
2026;05;25;20;25.00;25.00;
2026;05;25;21;26.90;26.90;
2026;05;25;22;28.01;28.01;
2026;05;25;23;32.90;32.90;
2026;05;25;24;38.32;38.32;
2026;05;25;25;46.62;46.62;
2026;05;25;26;51.60;51.60;
2026;05;25;27;52.36;52.36;
2026;05;25;28;54.76;54.76;
2026;05;25;29;89.11;89.11;
2026;05;25;30;85.45;85.45;
2026;05;25;31;55.93;55.93;
2026;05;25;32;47.00;47.00;
2026;05;25;33;53.04;53.04;
2026;05;25;34;47.94;47.94;
2026;05;25;35;24.51;24.51;
2026;05;25;36;8.50;8.50;
2026;05;25;37;18.73;18.73;
2026;05;25;38;3.08;3.08;
2026;05;25;39;0.19;.19;
2026;05;25;40;0.00;.00;
2026;05;25;41;0.00;.00;
2026;05;25;42;0.10;.10;
2026;05;25;43;0.00;.00;
2026;05;25;44;-0.01;-.01;
2026;05;25;45;-0.09;-.09;
2026;05;25;46;-0.81;-.81;
2026;05;25;47;-0.01;-.81;
2026;05;25;48;-0.81;-.81;
2026;05;25;49;-0.82;-.82;
2026;05;25;50;-1.00;-1.00;
2026;05;25;51;-0.97;-.97;
2026;05;25;52;-1.25;-1.25;
2026;05;25;53;-1.25;-1.25;
2026;05;25;54;-1.25;-1.25;
2026;05;25;55;-1.25;-1.25;
2026;05;25;56;-1.25;-1.25;
2026;05;25;57;-1.25;-1.25;
2026;05;25;58;-1.25;-1.25;
2026;05;25;59;-1.50;-1.50;
2026;05;25;60;-1.50;-1.50;
2026;05;25;61;-1.99;-1.99;
2026;05;25;62;-1.99;-1.99;
2026;05;25;63;-1.25;-1.25;
2026;05;25;64;-1.25;-1.25;
2026;05;25;65;-1.15;-1.15;
2026;05;25;66;0.00;.00;
2026;05;25;67;-0.50;-.50;
2026;05;25;68;0.00;.00;
2026;05;25;69;0.00;.00;
2026;05;25;70;0.01;.01;
2026;05;25;71;0.01;.01;
2026;05;25;72;0.84;.84;
2026;05;25;73;0.84;.84;
2026;05;25;74;1.50;1.50;
2026;05;25;75;3.08;3.08;
2026;05;25;76;19.28;19.28;
2026;05;25;77;14.23;14.23;
2026;05;25;78;4.89;4.89;
2026;05;25;79;38.70;38.70;
2026;05;25;80;82.98;82.98;
2026;05;25;81;55.60;55.60;
2026;05;25;82;85.67;85.67;
2026;05;25;83;104.18;104.18;
2026;05;25;84;109.89;109.89;
2026;05;25;85;105.90;105.90;
2026;05;25;86;108.30;108.30;
2026;05;25;87;110.00;110.00;
2026;05;25;88;107.86;107.86;
2026;05;25;89;107.73;107.73;
2026;05;25;90;106.71;106.71;
2026;05;25;91;106.36;106.36;
2026;05;25;92;105.00;105.00;
2026;05;25;93;97.00;97.00;
2026;05;25;94;90.91;90.91;
2026;05;25;95;88.43;88.43;
2026;05;25;96;81.36;81.36;
*
