MARGINALPIBC;
2025;08;19;1;101.00;101.00;
2025;08;19;2;99.97;99.97;
2025;08;19;3;93.96;93.96;
2025;08;19;4;88.06;88.06;
2025;08;19;5;98.08;98.08;
2025;08;19;6;95.05;95.05;
2025;08;19;7;90.13;90.13;
2025;08;19;8;89.11;89.11;
2025;08;19;9;94.17;94.17;
2025;08;19;10;93.19;93.19;
2025;08;19;11;92.21;92.21;
2025;08;19;12;91.09;91.09;
2025;08;19;13;86.69;86.69;
2025;08;19;14;85.12;85.12;
2025;08;19;15;85.00;85.00;
2025;08;19;16;82.41;82.41;
2025;08;19;17;85.00;85.00;
2025;08;19;18;84.95;84.95;
2025;08;19;19;84.36;84.36;
2025;08;19;20;84.95;84.95;
2025;08;19;21;84.49;84.49;
2025;08;19;22;85.00;85.00;
2025;08;19;23;85.12;85.12;
2025;08;19;24;86.83;86.83;
2025;08;19;25;87.31;87.31;
2025;08;19;26;93.70;93.70;
2025;08;19;27;94.05;94.05;
2025;08;19;28;97.02;97.02;
2025;08;19;29;94.95;94.95;
2025;08;19;30;98.00;98.00;
2025;08;19;31;99.82;99.82;
2025;08;19;32;99.82;99.82;
2025;08;19;33;104.97;104.97;
2025;08;19;34;101.48;101.48;
2025;08;19;35;93.19;93.19;
2025;08;19;36;75.78;75.78;
2025;08;19;37;98.10;98.10;
2025;08;19;38;88.57;88.57;
2025;08;19;39;74.97;74.97;
2025;08;19;40;42.22;42.22;
2025;08;19;41;78.55;78.55;
2025;08;19;42;69.64;69.64;
2025;08;19;43;54.64;54.64;
2025;08;19;44;36.04;36.04;
2025;08;19;45;71.53;71.53;
2025;08;19;46;55.39;55.39;
2025;08;19;47;49.23;49.23;
2025;08;19;48;47.55;47.55;
2025;08;19;49;43.34;43.34;
2025;08;19;50;37.61;37.61;
2025;08;19;51;38.82;38.82;
2025;08;19;52;37.50;37.50;
2025;08;19;53;35.14;35.14;
2025;08;19;54;35.54;35.54;
2025;08;19;55;35.14;35.14;
2025;08;19;56;33.14;33.14;
2025;08;19;57;36.09;36.09;
2025;08;19;58;36.91;36.91;
2025;08;19;59;37.00;37.00;
2025;08;19;60;36.45;36.45;
2025;08;19;61;41.04;41.04;
2025;08;19;62;41.85;41.85;
2025;08;19;63;49.70;49.70;
2025;08;19;64;57.41;57.41;
2025;08;19;65;39.62;39.62;
2025;08;19;66;49.40;49.40;
2025;08;19;67;61.80;61.80;
2025;08;19;68;63.70;63.70;
2025;08;19;69;48.70;48.70;
2025;08;19;70;48.70;48.70;
2025;08;19;71;55.10;55.10;
2025;08;19;72;73.70;73.70;
2025;08;19;73;19.21;19.21;
2025;08;19;74;34.99;34.99;
2025;08;19;75;62.20;62.20;
2025;08;19;76;82.18;82.18;
2025;08;19;77;48.97;48.97;
2025;08;19;78;82.59;82.59;
2025;08;19;79;95.47;95.47;
2025;08;19;80;103.33;103.33;
2025;08;19;81;81.07;81.07;
2025;08;19;82;92.85;92.85;
2025;08;19;83;98.71;98.71;
2025;08;19;84;102.22;102.22;
2025;08;19;85;101.93;101.93;
2025;08;19;86;101.85;101.85;
2025;08;19;87;101.47;101.47;
2025;08;19;88;98.30;98.30;
2025;08;19;89;102.28;102.28;
2025;08;19;90;101.22;101.22;
2025;08;19;91;99.08;99.08;
2025;08;19;92;87.73;87.73;
2025;08;19;93;98.10;98.10;
2025;08;19;94;94.00;94.00;
2025;08;19;95;89.00;89.00;
2025;08;19;96;82.81;82.81;
*
