MARGINALPIBC;
2025;02;22;1;59.05;59.05;
2025;02;22;2;53.92;53.92;
2025;02;22;3;52.12;52.12;
2025;02;22;4;47.70;47.70;
2025;02;22;5;47.70;47.70;
2025;02;22;6;55.54;55.54;
2025;02;22;7;61.02;61.02;
2025;02;22;8;72.00;72.00;
2025;02;22;9;73.34;73.34;
2025;02;22;10;69.86;69.86;
2025;02;22;11;62.08;62.08;
2025;02;22;12;60.31;60.31;
2025;02;22;13;50.24;50.24;
2025;02;22;14;43.20;43.20;
2025;02;22;15;44.04;44.04;
2025;02;22;16;43.65;43.65;
2025;02;22;17;46.50;46.50;
2025;02;22;18;72.38;72.38;
2025;02;22;19;119.94;119.94;
2025;02;22;20;129.22;134.00;
2025;02;22;21;119.97;123.47;
2025;02;22;22;108.80;115.57;
2025;02;22;23;106.96;114.96;
2025;02;22;24;102.15;105.70;
*
