MARGINALPIBC;
2025;07;19;1;103.41;103.41;
2025;07;19;2;101.15;101.15;
2025;07;19;3;93.80;93.80;
2025;07;19;4;86.60;86.60;
2025;07;19;5;95.74;95.74;
2025;07;19;6;93.25;93.25;
2025;07;19;7;93.25;93.25;
2025;07;19;8;90.26;90.26;
2025;07;19;9;88.06;88.06;
2025;07;19;10;85.00;85.00;
2025;07;19;11;82.69;82.69;
2025;07;19;12;82.01;82.01;
2025;07;19;13;82.99;82.99;
2025;07;19;14;81.99;81.99;
2025;07;19;15;79.99;79.99;
2025;07;19;16;79.99;79.99;
2025;07;19;17;80.50;80.50;
2025;07;19;18;77.50;77.50;
2025;07;19;19;77.50;77.50;
2025;07;19;20;67.51;67.51;
2025;07;19;21;79.82;79.82;
2025;07;19;22;78.74;78.74;
2025;07;19;23;78.74;78.74;
2025;07;19;24;79.74;79.74;
2025;07;19;25;85.00;85.00;
2025;07;19;26;86.60;86.60;
2025;07;19;27;88.74;88.74;
2025;07;19;28;89.70;89.70;
2025;07;19;29;84.30;84.30;
2025;07;19;30;83.77;83.77;
2025;07;19;31;83.00;83.00;
2025;07;19;32;77.27;77.27;
2025;07;19;33;84.87;84.87;
2025;07;19;34;61.63;61.63;
2025;07;19;35;40.94;40.94;
2025;07;19;36;13.77;13.77;
2025;07;19;37;64.83;64.83;
2025;07;19;38;47.25;47.25;
2025;07;19;39;12.83;12.83;
2025;07;19;40;4.83;4.83;
2025;07;19;41;8.52;8.52;
2025;07;19;42;4.52;4.52;
2025;07;19;43;4.31;2.06;
2025;07;19;44;4.31;-9.00;
2025;07;19;45;9.65;9.65;
2025;07;19;46;4.31;.65;
2025;07;19;47;4.31;-3.62;
2025;07;19;48;0.00;-9.36;
2025;07;19;49;4.31;.65;
2025;07;19;50;0.00;.00;
2025;07;19;51;0.00;.00;
2025;07;19;52;0.00;.00;
2025;07;19;53;0.00;.00;
2025;07;19;54;-0.03;-.03;
2025;07;19;55;-1.00;-1.00;
2025;07;19;56;-2.97;-2.97;
2025;07;19;57;0.00;-3.62;
2025;07;19;58;-3.62;-3.62;
2025;07;19;59;-1.37;-1.37;
2025;07;19;60;0.00;.00;
2025;07;19;61;4.31;-9.84;
2025;07;19;62;2.51;-3.02;
2025;07;19;63;0.00;.00;
2025;07;19;64;0.00;.00;
2025;07;19;65;0.00;-.39;
2025;07;19;66;0.00;.00;
2025;07;19;67;0.00;.00;
2025;07;19;68;0.00;.00;
2025;07;19;69;0.00;.00;
2025;07;19;70;0.65;.65;
2025;07;19;71;4.31;.65;
2025;07;19;72;4.31;.65;
2025;07;19;73;-5.00;-5.00;
2025;07;19;74;-1.98;-2.09;
2025;07;19;75;3.52;3.52;
2025;07;19;76;10.34;10.34;
2025;07;19;77;0.00;.00;
2025;07;19;78;25.72;25.72;
2025;07;19;79;72.32;72.32;
2025;07;19;80;92.00;92.00;
2025;07;19;81;42.92;42.92;
2025;07;19;82;56.75;56.75;
2025;07;19;83;87.56;87.56;
2025;07;19;84;101.69;101.69;
2025;07;19;85;95.00;95.00;
2025;07;19;86;98.82;98.82;
2025;07;19;87;100.23;100.23;
2025;07;19;88;100.28;100.28;
2025;07;19;89;106.75;106.75;
2025;07;19;90;103.83;103.83;
2025;07;19;91;105.80;105.80;
2025;07;19;92;101.00;101.00;
2025;07;19;93;96.25;96.25;
2025;07;19;94;92.47;92.47;
2025;07;19;95;88.74;88.74;
2025;07;19;96;81.25;81.25;
*
