MARGINALPIBC;
2026;04;19;1;73.96;73.96;
2026;04;19;2;68.40;68.40;
2026;04;19;3;41.01;41.01;
2026;04;19;4;40.00;40.00;
2026;04;19;5;68.85;68.85;
2026;04;19;6;59.01;59.01;
2026;04;19;7;59.90;59.90;
2026;04;19;8;53.01;53.01;
2026;04;19;9;49.91;49.91;
2026;04;19;10;36.01;36.01;
2026;04;19;11;33.65;33.65;
2026;04;19;12;26.47;26.47;
2026;04;19;13;34.21;34.21;
2026;04;19;14;29.10;29.10;
2026;04;19;15;27.69;27.69;
2026;04;19;16;30.20;30.20;
2026;04;19;17;26.47;26.47;
2026;04;19;18;26.88;26.88;
2026;04;19;19;26.47;26.47;
2026;04;19;20;27.52;27.52;
2026;04;19;21;36.48;36.48;
2026;04;19;22;38.00;38.00;
2026;04;19;23;37.10;37.10;
2026;04;19;24;38.00;38.00;
2026;04;19;25;39.05;39.05;
2026;04;19;26;40.00;40.00;
2026;04;19;27;42.31;42.31;
2026;04;19;28;49.00;49.00;
2026;04;19;29;55.45;55.45;
2026;04;19;30;57.13;57.13;
2026;04;19;31;59.48;59.48;
2026;04;19;32;60.00;60.00;
2026;04;19;33;47.08;47.08;
2026;04;19;34;32.30;32.30;
2026;04;19;35;10.67;10.67;
2026;04;19;36;3.71;3.71;
2026;04;19;37;13.24;13.24;
2026;04;19;38;13.24;.54;
2026;04;19;39;13.24;.00;
2026;04;19;40;13.23;-4.00;
2026;04;19;41;9.46;-.81;
2026;04;19;42;8.97;-1.00;
2026;04;19;43;8.65;-1.02;
2026;04;19;44;8.47;-6.00;
2026;04;19;45;-0.81;-.81;
2026;04;19;46;-0.82;-.82;
2026;04;19;47;-0.82;-.82;
2026;04;19;48;-0.82;-.82;
2026;04;19;49;-0.82;-.82;
2026;04;19;50;-0.82;-.82;
2026;04;19;51;-0.82;-.82;
2026;04;19;52;-0.82;-.82;
2026;04;19;53;-0.82;-.82;
2026;04;19;54;-0.82;-.82;
2026;04;19;55;-0.82;-.82;
2026;04;19;56;-0.50;-.50;
2026;04;19;57;-0.01;-.01;
2026;04;19;58;-0.31;-.31;
2026;04;19;59;-0.50;-.50;
2026;04;19;60;-0.81;-.81;
2026;04;19;61;-0.81;-.81;
2026;04;19;62;-0.82;-.82;
2026;04;19;63;-1.01;-1.01;
2026;04;19;64;-1.00;-1.00;
2026;04;19;65;-2.51;-2.51;
2026;04;19;66;-3.03;-3.03;
2026;04;19;67;-1.83;-1.83;
2026;04;19;68;-1.00;-1.00;
2026;04;19;69;0.00;-1.50;
2026;04;19;70;0.00;-.82;
2026;04;19;71;0.00;-.81;
2026;04;19;72;2.00;-.01;
2026;04;19;73;-0.09;-.09;
2026;04;19;74;0.00;.00;
2026;04;19;75;0.84;.84;
2026;04;19;76;4.09;4.09;
2026;04;19;77;9.47;9.47;
2026;04;19;78;14.14;14.14;
2026;04;19;79;49.80;49.80;
2026;04;19;80;73.68;73.68;
2026;04;19;81;56.43;56.43;
2026;04;19;82;81.00;81.00;
2026;04;19;83;90.00;90.00;
2026;04;19;84;88.50;88.50;
2026;04;19;85;86.30;86.30;
2026;04;19;86;86.00;86.00;
2026;04;19;87;86.49;86.49;
2026;04;19;88;85.80;85.80;
2026;04;19;89;87.98;87.98;
2026;04;19;90;87.50;87.50;
2026;04;19;91;87.98;87.98;
2026;04;19;92;88.50;88.50;
2026;04;19;93;86.11;86.11;
2026;04;19;94;87.98;87.98;
2026;04;19;95;87.32;87.32;
2026;04;19;96;84.98;84.98;
*
