MARGINALPIBC;
2025;07;29;1;81.67;81.67;
2025;07;29;2;69.69;69.69;
2025;07;29;3;50.68;50.68;
2025;07;29;4;32.68;32.68;
2025;07;29;5;62.52;62.52;
2025;07;29;6;40.97;40.97;
2025;07;29;7;37.97;37.97;
2025;07;29;8;29.57;29.57;
2025;07;29;9;42.77;42.77;
2025;07;29;10;36.66;36.66;
2025;07;29;11;34.78;34.78;
2025;07;29;12;30.99;30.99;
2025;07;29;13;35.73;35.73;
2025;07;29;14;32.02;32.02;
2025;07;29;15;32.00;32.00;
2025;07;29;16;31.99;31.99;
2025;07;29;17;30.28;30.28;
2025;07;29;18;30.28;30.28;
2025;07;29;19;30.28;30.28;
2025;07;29;20;30.28;30.28;
2025;07;29;21;29.87;29.87;
2025;07;29;22;34.28;34.28;
2025;07;29;23;34.78;34.78;
2025;07;29;24;35.77;35.77;
2025;07;29;25;37.02;37.02;
2025;07;29;26;45.00;45.00;
2025;07;29;27;52.99;52.99;
2025;07;29;28;65.00;65.00;
2025;07;29;29;52.66;52.66;
2025;07;29;30;55.52;55.52;
2025;07;29;31;55.00;55.00;
2025;07;29;32;50.00;50.00;
2025;07;29;33;79.61;79.61;
2025;07;29;34;54.40;54.40;
2025;07;29;35;18.93;18.93;
2025;07;29;36;3.62;3.62;
2025;07;29;37;39.15;39.15;
2025;07;29;38;17.00;17.00;
2025;07;29;39;8.12;8.12;
2025;07;29;40;4.31;.00;
2025;07;29;41;7.20;7.20;
2025;07;29;42;5.11;5.11;
2025;07;29;43;3.67;3.67;
2025;07;29;44;3.62;3.52;
2025;07;29;45;0.65;.65;
2025;07;29;46;0.65;.65;
2025;07;29;47;0.65;.65;
2025;07;29;48;0.65;.65;
2025;07;29;49;0.17;.17;
2025;07;29;50;0.17;.17;
2025;07;29;51;0.26;.26;
2025;07;29;52;0.25;.25;
2025;07;29;53;0.65;.65;
2025;07;29;54;0.65;.65;
2025;07;29;55;0.65;.65;
2025;07;29;56;0.45;.45;
2025;07;29;57;0.65;.65;
2025;07;29;58;0.65;.65;
2025;07;29;59;0.65;.65;
2025;07;29;60;0.65;.65;
2025;07;29;61;0.65;.65;
2025;07;29;62;0.65;.65;
2025;07;29;63;0.71;.65;
2025;07;29;64;0.71;.65;
2025;07;29;65;1.08;.65;
2025;07;29;66;1.08;.65;
2025;07;29;67;1.66;.65;
2025;07;29;68;1.66;.65;
2025;07;29;69;1.54;1.11;
2025;07;29;70;1.80;1.22;
2025;07;29;71;2.34;2.10;
2025;07;29;72;2.56;2.56;
2025;07;29;73;6.35;6.35;
2025;07;29;74;8.00;8.00;
2025;07;29;75;15.99;15.99;
2025;07;29;76;33.50;33.50;
2025;07;29;77;6.12;-4.83;
2025;07;29;78;8.12;5.39;
2025;07;29;79;38.69;38.69;
2025;07;29;80;82.16;82.16;
2025;07;29;81;14.00;14.00;
2025;07;29;82;52.19;52.19;
2025;07;29;83;83.54;83.54;
2025;07;29;84;94.00;94.00;
2025;07;29;85;90.22;90.22;
2025;07;29;86;93.39;93.39;
2025;07;29;87;93.02;93.02;
2025;07;29;88;90.88;90.88;
2025;07;29;89;99.14;99.14;
2025;07;29;90;96.30;96.30;
2025;07;29;91;93.71;93.71;
2025;07;29;92;89.27;89.27;
2025;07;29;93;82.74;82.74;
2025;07;29;94;79.32;79.32;
2025;07;29;95;76.04;76.04;
2025;07;29;96;54.14;54.14;
*
