MARGINALPIBC;
2025;12;08;1;71.52;71.52;
2025;12;08;2;71.20;71.20;
2025;12;08;3;70.63;70.63;
2025;12;08;4;70.00;70.00;
2025;12;08;5;69.99;69.99;
2025;12;08;6;68.70;68.70;
2025;12;08;7;60.00;60.00;
2025;12;08;8;56.10;56.10;
2025;12;08;9;61.08;61.08;
2025;12;08;10;61.85;61.85;
2025;12;08;11;60.10;60.10;
2025;12;08;12;60.10;60.10;
2025;12;08;13;60.10;60.10;
2025;12;08;14;59.99;59.99;
2025;12;08;15;60.00;60.00;
2025;12;08;16;60.00;60.00;
2025;12;08;17;53.72;53.72;
2025;12;08;18;53.72;53.72;
2025;12;08;19;53.72;53.72;
2025;12;08;20;58.82;58.82;
2025;12;08;21;60.10;60.10;
2025;12;08;22;61.15;61.15;
2025;12;08;23;61.15;61.15;
2025;12;08;24;61.15;61.15;
2025;12;08;25;55.68;55.68;
2025;12;08;26;59.99;59.99;
2025;12;08;27;57.15;57.15;
2025;12;08;28;63.00;63.00;
2025;12;08;29;68.20;68.20;
2025;12;08;30;70.00;70.00;
2025;12;08;31;70.00;70.00;
2025;12;08;32;70.00;70.00;
2025;12;08;33;70.00;70.00;
2025;12;08;34;70.00;70.00;
2025;12;08;35;65.50;65.50;
2025;12;08;36;65.00;65.00;
2025;12;08;37;71.88;71.88;
2025;12;08;38;57.61;57.61;
2025;12;08;39;39.70;39.70;
2025;12;08;40;26.96;26.96;
2025;12;08;41;40.75;40.75;
2025;12;08;42;30.00;30.00;
2025;12;08;43;28.50;28.50;
2025;12;08;44;25.00;25.00;
2025;12;08;45;29.98;29.98;
2025;12;08;46;25.30;25.30;
2025;12;08;47;26.34;26.34;
2025;12;08;48;22.95;22.95;
2025;12;08;49;26.60;26.60;
2025;12;08;50;21.00;21.00;
2025;12;08;51;25.00;25.00;
2025;12;08;52;20.96;20.96;
2025;12;08;53;16.49;16.49;
2025;12;08;54;16.49;16.49;
2025;12;08;55;11.02;11.02;
2025;12;08;56;12.57;12.57;
2025;12;08;57;13.29;13.29;
2025;12;08;58;15.40;15.40;
2025;12;08;59;16.57;16.57;
2025;12;08;60;16.90;16.90;
2025;12;08;61;19.00;19.00;
2025;12;08;62;28.19;28.19;
2025;12;08;63;30.24;30.24;
2025;12;08;64;30.01;30.01;
2025;12;08;65;25.81;25.81;
2025;12;08;66;29.45;29.45;
2025;12;08;67;38.20;38.20;
2025;12;08;68;59.08;59.08;
2025;12;08;69;68.50;68.50;
2025;12;08;70;71.20;71.20;
2025;12;08;71;75.49;75.49;
2025;12;08;72;83.68;83.68;
2025;12;08;73;80.01;80.01;
2025;12;08;74;82.10;82.10;
2025;12;08;75;83.20;83.20;
2025;12;08;76;86.14;86.14;
2025;12;08;77;85.73;85.73;
2025;12;08;78;85.12;85.12;
2025;12;08;79;85.18;85.18;
2025;12;08;80;86.42;86.42;
2025;12;08;81;86.29;86.29;
2025;12;08;82;87.00;87.00;
2025;12;08;83;86.56;86.56;
2025;12;08;84;86.29;86.29;
2025;12;08;85;93.97;93.97;
2025;12;08;86;91.14;91.14;
2025;12;08;87;90.01;90.01;
2025;12;08;88;86.25;86.25;
2025;12;08;89;83.93;83.93;
2025;12;08;90;81.85;81.85;
2025;12;08;91;80.01;80.01;
2025;12;08;92;78.69;78.69;
2025;12;08;93;78.20;78.20;
2025;12;08;94;75.01;75.01;
2025;12;08;95;70.96;70.96;
2025;12;08;96;70.00;70.00;
*
