MARGINALPIBC;
2025;05;14;1;75.94;75.94;
2025;05;14;2;65.43;65.43;
2025;05;14;3;54.43;54.43;
2025;05;14;4;39.93;39.93;
2025;05;14;5;45.54;45.54;
2025;05;14;6;44.33;44.33;
2025;05;14;7;40.33;40.33;
2025;05;14;8;35.33;35.33;
2025;05;14;9;41.21;41.21;
2025;05;14;10;40.32;40.32;
2025;05;14;11;36.20;36.20;
2025;05;14;12;34.56;34.56;
2025;05;14;13;38.91;38.91;
2025;05;14;14;37.41;37.41;
2025;05;14;15;34.91;34.91;
2025;05;14;16;32.41;32.41;
2025;05;14;17;33.00;33.00;
2025;05;14;18;33.00;33.00;
2025;05;14;19;34.00;34.00;
2025;05;14;20;36.00;36.00;
2025;05;14;21;30.05;30.05;
2025;05;14;22;35.05;35.05;
2025;05;14;23;40.05;40.05;
2025;05;14;24;50.05;50.05;
2025;05;14;25;36.75;36.75;
2025;05;14;26;43.08;43.08;
2025;05;14;27;53.08;53.08;
2025;05;14;28;58.08;58.08;
2025;05;14;29;86.84;86.84;
2025;05;14;30;89.53;89.53;
2025;05;14;31;91.48;91.48;
2025;05;14;32;85.53;85.53;
2025;05;14;33;82.93;82.93;
2025;05;14;34;70.90;70.90;
2025;05;14;35;48.33;48.33;
2025;05;14;36;22.14;22.14;
2025;05;14;37;63.62;63.62;
2025;05;14;38;47.94;47.94;
2025;05;14;39;37.80;37.80;
2025;05;14;40;26.00;-.02;
2025;05;14;41;26.20;15.29;
2025;05;14;42;26.00;3.28;
2025;05;14;43;21.66;-9.26;
2025;05;14;44;21.66;-21.26;
2025;05;14;45;38.91;.85;
2025;05;14;46;24.88;.00;
2025;05;14;47;21.66;-4.86;
2025;05;14;48;21.66;-8.00;
2025;05;14;49;29.88;-.50;
2025;05;14;50;24.88;-2.04;
2025;05;14;51;19.88;-1.13;
2025;05;14;52;19.88;-1.13;
2025;05;14;53;30.00;-4.00;
2025;05;14;54;24.01;-3.93;
2025;05;14;55;13.51;-4.00;
2025;05;14;56;5.69;-4.00;
2025;05;14;57;29.29;-3.00;
2025;05;14;58;21.30;-2.95;
2025;05;14;59;16.30;-3.00;
2025;05;14;60;16.30;-3.00;
2025;05;14;61;30.88;-1.54;
2025;05;14;62;28.87;-1.54;
2025;05;14;63;15.88;-1.54;
2025;05;14;64;15.88;-.09;
2025;05;14;65;15.00;-8.00;
2025;05;14;66;13.00;-7.79;
2025;05;14;67;10.00;-.89;
2025;05;14;68;10.00;-.50;
2025;05;14;69;11.00;-3.01;
2025;05;14;70;10.00;-.01;
2025;05;14;71;10.00;-.01;
2025;05;14;72;10.00;.00;
2025;05;14;73;10.00;-5.09;
2025;05;14;74;10.00;.17;
2025;05;14;75;16.16;16.16;
2025;05;14;76;38.91;38.91;
2025;05;14;77;-0.90;-.90;
2025;05;14;78;8.10;8.10;
2025;05;14;79;43.30;43.30;
2025;05;14;80;56.00;56.00;
2025;05;14;81;16.34;16.34;
2025;05;14;82;31.50;31.50;
2025;05;14;83;51.50;51.50;
2025;05;14;84;67.50;67.50;
2025;05;14;85;52.44;63.01;
2025;05;14;86;52.44;65.36;
2025;05;14;87;52.44;64.03;
2025;05;14;88;50.00;50.00;
2025;05;14;89;56.51;64.41;
2025;05;14;90;55.00;56.51;
2025;05;14;91;52.44;54.51;
2025;05;14;92;43.34;43.34;
2025;05;14;93;50.05;50.05;
2025;05;14;94;42.00;42.00;
2025;05;14;95;38.64;38.64;
2025;05;14;96;24.77;24.77;
*
