MARGINALPIBC;
2026;05;15;1;91.10;91.10;
2026;05;15;2;84.04;84.04;
2026;05;15;3;72.74;72.74;
2026;05;15;4;69.02;69.02;
2026;05;15;5;72.91;72.91;
2026;05;15;6;72.08;72.08;
2026;05;15;7;69.00;69.00;
2026;05;15;8;62.30;62.30;
2026;05;15;9;65.52;65.52;
2026;05;15;10;62.25;62.25;
2026;05;15;11;56.76;56.76;
2026;05;15;12;52.27;52.27;
2026;05;15;13;53.25;53.25;
2026;05;15;14;45.00;45.00;
2026;05;15;15;42.60;42.60;
2026;05;15;16;38.41;38.41;
2026;05;15;17;42.09;42.09;
2026;05;15;18;37.20;37.20;
2026;05;15;19;37.20;37.20;
2026;05;15;20;36.04;36.04;
2026;05;15;21;40.00;40.00;
2026;05;15;22;40.00;40.00;
2026;05;15;23;45.00;45.00;
2026;05;15;24;45.00;45.00;
2026;05;15;25;62.34;62.34;
2026;05;15;26;63.19;63.19;
2026;05;15;27;64.97;64.97;
2026;05;15;28;67.10;67.10;
2026;05;15;29;71.60;71.60;
2026;05;15;30;73.21;73.21;
2026;05;15;31;72.78;72.78;
2026;05;15;32;67.61;67.61;
2026;05;15;33;73.78;73.78;
2026;05;15;34;57.40;57.40;
2026;05;15;35;33.10;33.10;
2026;05;15;36;28.32;28.32;
2026;05;15;37;29.77;29.77;
2026;05;15;38;22.60;22.60;
2026;05;15;39;10.59;10.59;
2026;05;15;40;2.00;1.50;
2026;05;15;41;3.08;3.08;
2026;05;15;42;2.00;1.47;
2026;05;15;43;0.84;.84;
2026;05;15;44;2.00;.84;
2026;05;15;45;1.01;.84;
2026;05;15;46;2.00;.03;
2026;05;15;47;1.51;.50;
2026;05;15;48;1.51;.00;
2026;05;15;49;1.51;.50;
2026;05;15;50;1.51;.01;
2026;05;15;51;0.15;.00;
2026;05;15;52;0.00;.00;
2026;05;15;53;0.00;.00;
2026;05;15;54;0.00;.00;
2026;05;15;55;0.00;.00;
2026;05;15;56;-0.50;-.50;
2026;05;15;57;0.00;.00;
2026;05;15;58;0.00;.00;
2026;05;15;59;0.00;.00;
2026;05;15;60;0.00;.00;
2026;05;15;61;0.00;.00;
2026;05;15;62;0.00;.00;
2026;05;15;63;-4.01;-4.01;
2026;05;15;64;-4.01;-4.01;
2026;05;15;65;0.00;.00;
2026;05;15;66;0.00;-2.00;
2026;05;15;67;0.00;-2.00;
2026;05;15;68;0.00;-2.99;
2026;05;15;69;0.00;-10.00;
2026;05;15;70;0.00;-5.00;
2026;05;15;71;0.00;-4.00;
2026;05;15;72;0.05;.00;
2026;05;15;73;0.84;.84;
2026;05;15;74;0.84;.84;
2026;05;15;75;3.08;3.08;
2026;05;15;76;3.39;3.39;
2026;05;15;77;5.10;5.10;
2026;05;15;78;11.99;11.99;
2026;05;15;79;45.89;45.89;
2026;05;15;80;52.98;52.98;
2026;05;15;81;43.58;43.58;
2026;05;15;82;61.31;61.31;
2026;05;15;83;77.62;77.62;
2026;05;15;84;86.15;86.15;
2026;05;15;85;80.60;80.60;
2026;05;15;86;90.55;90.55;
2026;05;15;87;92.03;92.03;
2026;05;15;88;88.80;88.80;
2026;05;15;89;94.15;94.15;
2026;05;15;90;88.71;88.71;
2026;05;15;91;94.00;94.00;
2026;05;15;92;88.93;88.93;
2026;05;15;93;89.45;89.45;
2026;05;15;94;80.12;80.12;
2026;05;15;95;82.04;82.04;
2026;05;15;96;75.72;75.72;
*
