MARGINALPIBC;
2026;04;15;1;106.45;104.58;
2026;04;15;2;101.63;102.64;
2026;04;15;3;100.98;98.42;
2026;04;15;4;93.75;86.79;
2026;04;15;5;90.90;91.50;
2026;04;15;6;88.34;89.35;
2026;04;15;7;89.47;88.70;
2026;04;15;8;84.90;85.10;
2026;04;15;9;112.21;87.98;
2026;04;15;10;112.21;82.90;
2026;04;15;11;112.21;83.10;
2026;04;15;12;112.21;80.26;
2026;04;15;13;112.21;74.43;
2026;04;15;14;112.21;72.96;
2026;04;15;15;112.21;71.09;
2026;04;15;16;112.21;71.09;
2026;04;15;17;112.21;73.07;
2026;04;15;18;112.21;74.09;
2026;04;15;19;112.21;72.00;
2026;04;15;20;112.21;71.26;
2026;04;15;21;112.21;74.77;
2026;04;15;22;112.21;75.63;
2026;04;15;23;112.21;73.75;
2026;04;15;24;112.21;82.90;
2026;04;15;25;112.21;84.55;
2026;04;15;26;112.21;90.51;
2026;04;15;27;99.90;91.90;
2026;04;15;28;103.02;86.00;
2026;04;15;29;111.81;107.33;
2026;04;15;30;112.21;108.55;
2026;04;15;31;113.40;115.90;
2026;04;15;32;113.40;114.40;
2026;04;15;33;112.40;110.75;
2026;04;15;34;97.88;106.27;
2026;04;15;35;88.90;95.65;
2026;04;15;36;76.90;59.02;
2026;04;15;37;85.10;85.12;
2026;04;15;38;74.55;77.88;
2026;04;15;39;31.20;22.40;
2026;04;15;40;9.30;7.10;
2026;04;15;41;7.61;7.41;
2026;04;15;42;6.30;11.00;
2026;04;15;43;5.30;5.00;
2026;04;15;44;5.20;3.08;
2026;04;15;45;6.30;.84;
2026;04;15;46;6.30;.84;
2026;04;15;47;5.30;.00;
2026;04;15;48;5.30;.00;
2026;04;15;49;5.30;.00;
2026;04;15;50;5.30;.00;
2026;04;15;51;5.30;.00;
2026;04;15;52;5.30;.00;
2026;04;15;53;5.60;-.01;
2026;04;15;54;5.05;-.15;
2026;04;15;55;9.00;-.50;
2026;04;15;56;9.00;-.01;
2026;04;15;57;8.90;.00;
2026;04;15;58;4.10;.00;
2026;04;15;59;4.20;.00;
2026;04;15;60;4.10;.00;
2026;04;15;61;10.10;.00;
2026;04;15;62;10.10;.00;
2026;04;15;63;10.30;.00;
2026;04;15;64;9.00;.00;
2026;04;15;65;3.50;.00;
2026;04;15;66;3.10;.00;
2026;04;15;67;3.10;.00;
2026;04;15;68;3.50;.00;
2026;04;15;69;3.50;.00;
2026;04;15;70;4.10;.00;
2026;04;15;71;4.30;.84;
2026;04;15;72;4.30;2.00;
2026;04;15;73;2.00;14.18;
2026;04;15;74;4.10;17.00;
2026;04;15;75;7.20;20.00;
2026;04;15;76;14.79;35.60;
2026;04;15;77;43.79;51.59;
2026;04;15;78;72.27;79.85;
2026;04;15;79;90.08;91.52;
2026;04;15;80;94.67;98.67;
2026;04;15;81;100.06;104.10;
2026;04;15;82;114.49;119.49;
2026;04;15;83;134.07;132.50;
2026;04;15;84;143.19;145.00;
2026;04;15;85;137.01;136.40;
2026;04;15;86;171.10;135.54;
2026;04;15;87;170.80;124.92;
2026;04;15;88;165.70;113.01;
2026;04;15;89;165.40;115.51;
2026;04;15;90;114.68;111.74;
2026;04;15;91;165.40;116.91;
2026;04;15;92;165.40;114.41;
2026;04;15;93;115.90;110.75;
2026;04;15;94;112.21;104.60;
2026;04;15;95;112.21;105.85;
2026;04;15;96;112.21;97.00;
*
