MARGINALPIBC;
2026;06;03;1;105.93;105.93;
2026;06;03;2;101.16;101.16;
2026;06;03;3;100.69;100.69;
2026;06;03;4;100.33;100.33;
2026;06;03;5;96.00;96.00;
2026;06;03;6;93.14;93.14;
2026;06;03;7;92.46;92.46;
2026;06;03;8;92.34;92.34;
2026;06;03;9;92.34;92.34;
2026;06;03;10;92.22;92.22;
2026;06;03;11;91.98;91.98;
2026;06;03;12;91.74;91.74;
2026;06;03;13;90.09;90.09;
2026;06;03;14;91.50;91.50;
2026;06;03;15;91.50;91.50;
2026;06;03;16;91.90;91.90;
2026;06;03;17;91.74;91.74;
2026;06;03;18;91.74;91.74;
2026;06;03;19;91.74;91.74;
2026;06;03;20;92.98;92.98;
2026;06;03;21;95.40;95.40;
2026;06;03;22;93.73;93.73;
2026;06;03;23;95.90;95.90;
2026;06;03;24;99.00;99.00;
2026;06;03;25;100.38;100.38;
2026;06;03;26;102.35;102.35;
2026;06;03;27;107.00;107.00;
2026;06;03;28;107.98;107.98;
2026;06;03;29;115.80;115.80;
2026;06;03;30;111.21;111.21;
2026;06;03;31;106.55;106.55;
2026;06;03;32;100.78;100.78;
2026;06;03;33;104.14;104.14;
2026;06;03;34;70.00;70.00;
2026;06;03;35;35.02;35.02;
2026;06;03;36;4.93;3.00;
2026;06;03;37;6.22;3.08;
2026;06;03;38;5.57;.01;
2026;06;03;39;5.57;-5.00;
2026;06;03;40;5.14;-9.95;
2026;06;03;41;6.13;-10.82;
2026;06;03;42;6.13;-20.00;
2026;06;03;43;5.63;.00;
2026;06;03;44;5.57;.00;
2026;06;03;45;5.57;-2.68;
2026;06;03;46;5.57;-1.51;
2026;06;03;47;5.14;-2.72;
2026;06;03;48;5.14;-3.51;
2026;06;03;49;5.14;.00;
2026;06;03;50;5.13;.00;
2026;06;03;51;5.08;.00;
2026;06;03;52;4.13;.00;
2026;06;03;53;4.13;-.21;
2026;06;03;54;3.95;-1.00;
2026;06;03;55;2.67;-2.06;
2026;06;03;56;2.67;-2.86;
2026;06;03;57;2.67;-.01;
2026;06;03;58;2.67;-.01;
2026;06;03;59;2.67;-.01;
2026;06;03;60;2.66;-.01;
2026;06;03;61;2.66;-.09;
2026;06;03;62;2.66;-.09;
2026;06;03;63;2.00;-.11;
2026;06;03;64;2.00;-.11;
2026;06;03;65;2.00;-3.61;
2026;06;03;66;2.00;-3.61;
2026;06;03;67;2.00;-4.10;
2026;06;03;68;2.00;-3.58;
2026;06;03;69;2.43;.00;
2026;06;03;70;2.43;.00;
2026;06;03;71;2.67;.84;
2026;06;03;72;2.67;-5.10;
2026;06;03;73;2.00;.00;
2026;06;03;74;2.95;.51;
2026;06;03;75;3.70;3.70;
2026;06;03;76;7.21;7.21;
2026;06;03;77;24.94;24.94;
2026;06;03;78;39.11;39.11;
2026;06;03;79;34.41;34.41;
2026;06;03;80;66.80;66.80;
2026;06;03;81;84.90;84.90;
2026;06;03;82;101.56;101.56;
2026;06;03;83;123.64;123.64;
2026;06;03;84;132.59;132.59;
2026;06;03;85;128.85;128.85;
2026;06;03;86;133.24;133.24;
2026;06;03;87;133.15;133.15;
2026;06;03;88;129.85;129.85;
2026;06;03;89;120.92;120.92;
2026;06;03;90;117.25;117.25;
2026;06;03;91;113.74;113.74;
2026;06;03;92;126.01;126.01;
2026;06;03;93;121.69;121.69;
2026;06;03;94;120.74;120.74;
2026;06;03;95;118.74;118.74;
2026;06;03;96;115.01;115.01;
*
