MARGINALPIBC;
2025;03;31;1;3.01;3.01;
2025;03;31;2;2.00;2.00;
2025;03;31;3;1.06;1.06;
2025;03;31;4;0.66;.66;
2025;03;31;5;2.50;2.50;
2025;03;31;6;2.50;2.50;
2025;03;31;7;2.10;2.10;
2025;03;31;8;2.00;2.00;
2025;03;31;9;3.30;3.30;
2025;03;31;10;3.50;3.50;
2025;03;31;11;3.50;3.50;
2025;03;31;12;3.50;3.50;
2025;03;31;13;0.65;.65;
2025;03;31;14;0.66;.66;
2025;03;31;15;0.66;.66;
2025;03;31;16;0.66;.66;
2025;03;31;17;0.65;.65;
2025;03;31;18;0.65;.65;
2025;03;31;19;0.65;.65;
2025;03;31;20;0.65;.65;
2025;03;31;21;1.10;1.10;
2025;03;31;22;2.00;2.00;
2025;03;31;23;3.01;3.01;
2025;03;31;24;3.52;3.52;
2025;03;31;25;7.44;7.44;
2025;03;31;26;7.44;7.44;
2025;03;31;27;8.20;8.20;
2025;03;31;28;10.01;10.01;
2025;03;31;29;0.50;48.64;
2025;03;31;30;0.50;65.53;
2025;03;31;31;0.50;71.03;
2025;03;31;32;10.00;75.03;
2025;03;31;33;4.00;81.51;
2025;03;31;34;4.00;76.26;
2025;03;31;35;4.00;56.32;
2025;03;31;36;4.00;41.26;
2025;03;31;37;10.01;10.01;
2025;03;31;38;4.00;4.00;
2025;03;31;39;0.00;.00;
2025;03;31;40;-2.00;-2.00;
2025;03;31;41;0.00;.00;
2025;03;31;42;0.00;.00;
2025;03;31;43;0.00;.00;
2025;03;31;44;-0.01;-.01;
2025;03;31;45;-0.51;-.51;
2025;03;31;46;-0.81;-.81;
2025;03;31;47;-0.51;-.51;
2025;03;31;48;0.00;-1.30;
2025;03;31;49;-1.00;-1.67;
2025;03;31;50;-1.00;-2.00;
2025;03;31;51;-1.11;-2.00;
2025;03;31;52;0.00;-2.00;
2025;03;31;53;-1.00;-1.00;
2025;03;31;54;-1.00;-1.00;
2025;03;31;55;-0.25;-1.63;
2025;03;31;56;0.00;-2.00;
2025;03;31;57;-0.93;-.93;
2025;03;31;58;-0.62;-.62;
2025;03;31;59;-0.62;-.62;
2025;03;31;60;0.00;-.52;
2025;03;31;61;-1.00;-2.00;
2025;03;31;62;-1.00;-2.00;
2025;03;31;63;0.00;-2.00;
2025;03;31;64;3.00;-1.20;
2025;03;31;65;-1.00;-3.62;
2025;03;31;66;-0.99;-3.62;
2025;03;31;67;3.00;-3.62;
2025;03;31;68;3.01;-2.00;
2025;03;31;69;-1.00;-5.00;
2025;03;31;70;-1.00;-3.62;
2025;03;31;71;3.01;-2.51;
2025;03;31;72;4.01;-1.02;
2025;03;31;73;-1.83;-1.83;
2025;03;31;74;0.20;.20;
2025;03;31;75;3.52;3.52;
2025;03;31;76;10.01;10.01;
2025;03;31;77;24.46;24.46;
2025;03;31;78;49.90;49.90;
2025;03;31;79;60.50;60.50;
2025;03;31;80;84.14;84.14;
2025;03;31;81;144.79;144.79;
2025;03;31;82;146.78;146.78;
2025;03;31;83;148.79;148.79;
2025;03;31;84;143.70;143.70;
2025;03;31;85;195.25;195.25;
2025;03;31;86;194.25;194.25;
2025;03;31;87;195.25;195.25;
2025;03;31;88;195.24;195.24;
2025;03;31;89;119.70;119.70;
2025;03;31;90;119.85;119.85;
2025;03;31;91;119.85;119.85;
2025;03;31;92;119.85;119.85;
2025;03;31;93;94.86;94.86;
2025;03;31;94;93.01;93.01;
2025;03;31;95;94.96;94.96;
2025;03;31;96;91.70;91.70;
*
