MARGINALPIBC;
2026;04;13;1;38.13;38.13;
2026;04;13;2;35.01;35.01;
2026;04;13;3;29.57;29.57;
2026;04;13;4;16.00;16.00;
2026;04;13;5;29.18;29.18;
2026;04;13;6;20.12;20.12;
2026;04;13;7;20.00;20.00;
2026;04;13;8;19.46;19.46;
2026;04;13;9;20.00;20.00;
2026;04;13;10;15.00;15.00;
2026;04;13;11;14.00;14.00;
2026;04;13;12;14.00;14.00;
2026;04;13;13;13.10;13.10;
2026;04;13;14;12.04;12.04;
2026;04;13;15;10.00;10.00;
2026;04;13;16;11.51;11.51;
2026;04;13;17;10.00;10.00;
2026;04;13;18;11.08;11.08;
2026;04;13;19;10.00;10.00;
2026;04;13;20;10.00;10.00;
2026;04;13;21;11.51;11.51;
2026;04;13;22;14.00;14.00;
2026;04;13;23;19.00;19.00;
2026;04;13;24;22.12;22.12;
2026;04;13;25;20.00;20.00;
2026;04;13;26;19.98;19.98;
2026;04;13;27;17.74;17.74;
2026;04;13;28;24.40;24.40;
2026;04;13;29;59.00;59.00;
2026;04;13;30;67.90;67.90;
2026;04;13;31;68.20;68.20;
2026;04;13;32;68.50;68.50;
2026;04;13;33;64.66;64.66;
2026;04;13;34;50.00;50.00;
2026;04;13;35;35.46;35.46;
2026;04;13;36;30.01;30.01;
2026;04;13;37;34.59;34.59;
2026;04;13;38;5.59;5.59;
2026;04;13;39;3.50;3.50;
2026;04;13;40;2.84;2.84;
2026;04;13;41;1.92;.84;
2026;04;13;42;2.43;.84;
2026;04;13;43;3.00;.84;
2026;04;13;44;2.50;.00;
2026;04;13;45;1.92;.00;
2026;04;13;46;1.82;.00;
2026;04;13;47;1.82;.00;
2026;04;13;48;1.03;.00;
2026;04;13;49;1.02;.00;
2026;04;13;50;1.02;.00;
2026;04;13;51;1.02;.00;
2026;04;13;52;1.02;.00;
2026;04;13;53;1.02;.00;
2026;04;13;54;1.02;.00;
2026;04;13;55;0.98;.00;
2026;04;13;56;0.98;.00;
2026;04;13;57;0.90;.00;
2026;04;13;58;0.98;.00;
2026;04;13;59;0.98;.00;
2026;04;13;60;0.98;.00;
2026;04;13;61;0.09;.00;
2026;04;13;62;0.08;.00;
2026;04;13;63;0.08;.00;
2026;04;13;64;0.09;.00;
2026;04;13;65;0.09;.00;
2026;04;13;66;0.14;.00;
2026;04;13;67;0.09;.00;
2026;04;13;68;0.14;.00;
2026;04;13;69;0.05;.00;
2026;04;13;70;0.05;.00;
2026;04;13;71;0.84;.84;
2026;04;13;72;1.01;.84;
2026;04;13;73;3.08;3.08;
2026;04;13;74;3.08;3.08;
2026;04;13;75;5.41;5.41;
2026;04;13;76;14.00;14.00;
2026;04;13;77;11.50;11.50;
2026;04;13;78;16.55;16.55;
2026;04;13;79;40.30;40.30;
2026;04;13;80;50.26;50.26;
2026;04;13;81;50.26;50.26;
2026;04;13;82;82.58;82.58;
2026;04;13;83;88.19;88.19;
2026;04;13;84;96.70;96.70;
2026;04;13;85;95.49;95.49;
2026;04;13;86;95.70;95.70;
2026;04;13;87;95.71;95.71;
2026;04;13;88;94.71;94.71;
2026;04;13;89;91.70;91.70;
2026;04;13;90;85.96;85.96;
2026;04;13;91;84.48;84.48;
2026;04;13;92;81.31;81.31;
2026;04;13;93;81.50;81.50;
2026;04;13;94;74.72;74.72;
2026;04;13;95;63.69;63.69;
2026;04;13;96;49.96;49.96;
*
