MARGINALPIBC;
2025;11;21;1;86.78;86.78;
2025;11;21;2;80.29;80.29;
2025;11;21;3;74.33;74.33;
2025;11;21;4;65.39;65.39;
2025;11;21;5;68.25;68.25;
2025;11;21;6;67.42;67.42;
2025;11;21;7;62.40;62.40;
2025;11;21;8;59.27;59.27;
2025;11;21;9;67.22;67.22;
2025;11;21;10;61.48;61.48;
2025;11;21;11;59.99;59.99;
2025;11;21;12;58.77;58.77;
2025;11;21;13;58.89;58.89;
2025;11;21;14;58.07;58.07;
2025;11;21;15;57.94;57.94;
2025;11;21;16;58.43;58.43;
2025;11;21;17;58.31;58.31;
2025;11;21;18;58.05;58.05;
2025;11;21;19;58.31;58.31;
2025;11;21;20;58.24;58.24;
2025;11;21;21;48.20;48.20;
2025;11;21;22;51.19;51.19;
2025;11;21;23;55.00;55.00;
2025;11;21;24;53.97;53.97;
2025;11;21;25;58.68;58.68;
2025;11;21;26;59.33;59.33;
2025;11;21;27;59.99;59.99;
2025;11;21;28;65.89;65.89;
2025;11;21;29;68.02;68.02;
2025;11;21;30;78.54;78.54;
2025;11;21;31;80.19;80.19;
2025;11;21;32;84.04;84.04;
2025;11;21;33;83.15;83.15;
2025;11;21;34;80.97;80.97;
2025;11;21;35;72.90;72.90;
2025;11;21;36;63.44;63.44;
2025;11;21;37;68.64;68.64;
2025;11;21;38;54.00;54.00;
2025;11;21;39;41.00;41.00;
2025;11;21;40;14.00;14.00;
2025;11;21;41;13.75;13.75;
2025;11;21;42;4.31;.65;
2025;11;21;43;4.31;.00;
2025;11;21;44;4.31;.00;
2025;11;21;45;3.52;3.52;
2025;11;21;46;4.16;.65;
2025;11;21;47;4.31;.22;
2025;11;21;48;4.31;.16;
2025;11;21;49;5.11;.99;
2025;11;21;50;5.56;.82;
2025;11;21;51;5.32;.66;
2025;11;21;52;7.48;.66;
2025;11;21;53;7.48;.50;
2025;11;21;54;7.48;.63;
2025;11;21;55;5.32;.90;
2025;11;21;56;5.32;.75;
2025;11;21;57;7.93;.76;
2025;11;21;58;15.83;1.50;
2025;11;21;59;25.53;2.30;
2025;11;21;60;35.12;3.12;
2025;11;21;61;19.77;5.11;
2025;11;21;62;42.14;7.96;
2025;11;21;63;42.15;15.56;
2025;11;21;64;46.66;30.00;
2025;11;21;65;42.14;14.00;
2025;11;21;66;46.66;43.57;
2025;11;21;67;58.31;58.31;
2025;11;21;68;78.74;78.74;
2025;11;21;69;60.00;60.00;
2025;11;21;70;81.05;81.05;
2025;11;21;71;87.73;87.73;
2025;11;21;72;91.89;91.89;
2025;11;21;73;93.00;93.00;
2025;11;21;74;96.66;96.66;
2025;11;21;75;104.53;104.53;
2025;11;21;76;113.34;113.34;
2025;11;21;77;112.97;112.97;
2025;11;21;78;121.94;121.94;
2025;11;21;79;138.75;138.75;
2025;11;21;80;139.72;139.72;
2025;11;21;81;147.18;147.18;
2025;11;21;82;134.09;134.09;
2025;11;21;83;117.98;117.98;
2025;11;21;84;109.75;109.75;
2025;11;21;85;97.14;97.14;
2025;11;21;86;95.75;95.75;
2025;11;21;87;95.15;95.15;
2025;11;21;88;92.10;92.10;
2025;11;21;89;94.24;94.24;
2025;11;21;90;92.96;92.96;
2025;11;21;91;92.69;92.69;
2025;11;21;92;90.30;90.30;
2025;11;21;93;89.63;89.63;
2025;11;21;94;87.00;87.00;
2025;11;21;95;84.87;84.87;
2025;11;21;96;80.29;80.29;
*
