MARGINALPIBC;
2025;09;22;1;30.90;30.90;
2025;09;22;2;27.52;27.52;
2025;09;22;3;21.27;21.27;
2025;09;22;4;21.27;21.27;
2025;09;22;5;26.74;26.74;
2025;09;22;6;24.98;24.98;
2025;09;22;7;23.37;23.37;
2025;09;22;8;21.27;21.27;
2025;09;22;9;26.20;26.20;
2025;09;22;10;24.98;24.98;
2025;09;22;11;23.20;23.20;
2025;09;22;12;24.98;24.98;
2025;09;22;13;24.98;24.98;
2025;09;22;14;23.70;23.70;
2025;09;22;15;21.20;21.20;
2025;09;22;16;23.70;23.70;
2025;09;22;17;24.90;24.90;
2025;09;22;18;24.98;24.98;
2025;09;22;19;27.39;27.39;
2025;09;22;20;34.70;34.70;
2025;09;22;21;35.14;35.14;
2025;09;22;22;49.15;49.15;
2025;09;22;23;51.15;51.15;
2025;09;22;24;61.15;61.15;
2025;09;22;25;37.57;37.57;
2025;09;22;26;54.90;54.90;
2025;09;22;27;70.90;70.90;
2025;09;22;28;80.70;80.70;
2025;09;22;29;45.60;45.60;
2025;09;22;30;55.00;55.00;
2025;09;22;31;59.00;59.00;
2025;09;22;32;59.00;59.00;
2025;09;22;33;85.48;85.48;
2025;09;22;34;77.10;77.10;
2025;09;22;35;59.00;59.00;
2025;09;22;36;31.90;31.90;
2025;09;22;37;88.62;88.62;
2025;09;22;38;68.90;63.69;
2025;09;22;39;51.10;5.86;
2025;09;22;40;34.35;-8.13;
2025;09;22;41;21.00;21.00;
2025;09;22;42;6.00;3.52;
2025;09;22;43;5.19;-3.01;
2025;09;22;44;4.31;-8.60;
2025;09;22;45;4.31;.00;
2025;09;22;46;4.31;-3.40;
2025;09;22;47;4.31;-6.00;
2025;09;22;48;4.31;-7.00;
2025;09;22;49;3.00;-7.00;
2025;09;22;50;4.31;-7.00;
2025;09;22;51;4.31;-6.00;
2025;09;22;52;4.31;.00;
2025;09;22;53;3.52;3.52;
2025;09;22;54;3.52;3.52;
2025;09;22;55;3.52;3.52;
2025;09;22;56;3.52;3.52;
2025;09;22;57;2.41;2.41;
2025;09;22;58;3.52;3.52;
2025;09;22;59;3.52;3.52;
2025;09;22;60;3.01;3.01;
2025;09;22;61;1.72;1.72;
2025;09;22;62;1.99;1.99;
2025;09;22;63;1.99;1.99;
2025;09;22;64;2.30;2.30;
2025;09;22;65;1.72;1.72;
2025;09;22;66;2.99;2.99;
2025;09;22;67;3.52;3.52;
2025;09;22;68;3.52;3.52;
2025;09;22;69;4.31;.65;
2025;09;22;70;4.31;3.52;
2025;09;22;71;4.31;4.00;
2025;09;22;72;14.00;14.00;
2025;09;22;73;0.00;-10.00;
2025;09;22;74;5.76;-.39;
2025;09;22;75;46.70;46.70;
2025;09;22;76;80.70;80.70;
2025;09;22;77;8.16;8.16;
2025;09;22;78;47.99;47.99;
2025;09;22;79;93.13;93.13;
2025;09;22;80;126.93;126.93;
2025;09;22;81;103.85;103.85;
2025;09;22;82;106.95;106.95;
2025;09;22;83;110.01;110.01;
2025;09;22;84;113.46;113.46;
2025;09;22;85;110.01;110.01;
2025;09;22;86;110.01;110.01;
2025;09;22;87;107.38;107.38;
2025;09;22;88;99.98;99.98;
2025;09;22;89;93.81;93.81;
2025;09;22;90;88.62;88.62;
2025;09;22;91;80.30;80.30;
2025;09;22;92;72.10;72.10;
2025;09;22;93;79.95;79.95;
2025;09;22;94;75.00;75.00;
2025;09;22;95;72.19;72.19;
2025;09;22;96;70.00;70.00;
*
