MARGINALPIBC;
2025;03;16;1;80.93;80.93;
2025;03;16;2;65.30;65.30;
2025;03;16;3;62.00;62.00;
2025;03;16;4;62.22;62.22;
2025;03;16;5;62.87;62.87;
2025;03;16;6;64.19;64.19;
2025;03;16;7;63.00;63.00;
2025;03;16;8;68.10;68.10;
2025;03;16;9;60.35;60.35;
2025;03;16;10;43.49;43.49;
2025;03;16;11;30.30;30.30;
2025;03;16;12;16.06;16.06;
2025;03;16;13;11.52;11.52;
2025;03;16;14;16.37;16.37;
2025;03;16;15;14.00;14.00;
2025;03;16;16;11.99;11.99;
2025;03;16;17;25.30;25.30;
2025;03;16;18;46.00;46.00;
2025;03;16;19;82.93;82.93;
2025;03;16;20;139.66;139.66;
2025;03;16;21;130.43;130.43;
2025;03;16;22;112.31;112.31;
2025;03;16;23;107.07;107.07;
2025;03;16;24;91.00;91.00;
*
