MARGINALPIBC;
2025;12;30;1;92.75;92.75;
2025;12;30;2;90.74;90.74;
2025;12;30;3;90.01;90.01;
2025;12;30;4;88.87;88.87;
2025;12;30;5;88.82;88.82;
2025;12;30;6;88.47;88.47;
2025;12;30;7;85.41;85.41;
2025;12;30;8;82.32;82.32;
2025;12;30;9;84.29;84.29;
2025;12;30;10;82.81;82.81;
2025;12;30;11;81.61;81.61;
2025;12;30;12;80.00;80.00;
2025;12;30;13;82.25;82.25;
2025;12;30;14;81.55;81.55;
2025;12;30;15;79.60;79.60;
2025;12;30;16;78.00;78.00;
2025;12;30;17;78.57;78.57;
2025;12;30;18;78.00;78.00;
2025;12;30;19;78.00;78.00;
2025;12;30;20;77.90;77.90;
2025;12;30;21;77.33;77.33;
2025;12;30;22;77.00;77.00;
2025;12;30;23;78.00;78.00;
2025;12;30;24;79.60;79.60;
2025;12;30;25;80.33;80.33;
2025;12;30;26;80.42;80.42;
2025;12;30;27;82.12;82.12;
2025;12;30;28;84.18;84.18;
2025;12;30;29;82.00;82.00;
2025;12;30;30;83.00;83.00;
2025;12;30;31;85.94;85.94;
2025;12;30;32;88.09;88.09;
2025;12;30;33;88.82;88.82;
2025;12;30;34;92.83;92.83;
2025;12;30;35;94.61;94.61;
2025;12;30;36;95.21;95.21;
2025;12;30;37;104.38;104.38;
2025;12;30;38;98.70;98.70;
2025;12;30;39;91.38;91.38;
2025;12;30;40;82.56;82.56;
2025;12;30;41;96.78;96.78;
2025;12;30;42;88.84;88.84;
2025;12;30;43;86.07;86.07;
2025;12;30;44;84.99;84.99;
2025;12;30;45;85.49;85.49;
2025;12;30;46;80.90;80.90;
2025;12;30;47;79.01;79.01;
2025;12;30;48;76.39;76.39;
2025;12;30;49;79.17;79.17;
2025;12;30;50;77.33;77.33;
2025;12;30;51;76.50;76.50;
2025;12;30;52;74.56;74.56;
2025;12;30;53;73.74;73.74;
2025;12;30;54;76.10;76.10;
2025;12;30;55;73.00;73.00;
2025;12;30;56;73.00;73.00;
2025;12;30;57;73.00;73.00;
2025;12;30;58;73.00;73.00;
2025;12;30;59;74.64;74.64;
2025;12;30;60;78.27;78.27;
2025;12;30;61;74.28;74.28;
2025;12;30;62;81.28;81.28;
2025;12;30;63;83.00;83.00;
2025;12;30;64;84.15;84.15;
2025;12;30;65;85.22;85.22;
2025;12;30;66;85.20;85.20;
2025;12;30;67;88.44;88.44;
2025;12;30;68;94.49;94.49;
2025;12;30;69;87.83;87.83;
2025;12;30;70;95.01;95.01;
2025;12;30;71;102.45;102.45;
2025;12;30;72;102.40;102.40;
2025;12;30;73;98.14;98.14;
2025;12;30;74;100.10;100.10;
2025;12;30;75;101.01;101.01;
2025;12;30;76;101.38;101.38;
2025;12;30;77;100.73;100.73;
2025;12;30;78;98.54;98.54;
2025;12;30;79;97.33;97.33;
2025;12;30;80;96.90;96.90;
2025;12;30;81;93.25;93.25;
2025;12;30;82;91.16;91.16;
2025;12;30;83;90.83;90.83;
2025;12;30;84;90.36;90.36;
2025;12;30;85;92.11;92.11;
2025;12;30;86;90.24;90.24;
2025;12;30;87;87.86;87.86;
2025;12;30;88;87.00;87.00;
2025;12;30;89;96.40;96.40;
2025;12;30;90;96.74;96.74;
2025;12;30;91;95.02;95.02;
2025;12;30;92;94.20;94.20;
2025;12;30;93;93.79;93.79;
2025;12;30;94;90.44;90.44;
2025;12;30;95;88.19;88.19;
2025;12;30;96;87.45;87.45;
*
