MARGINALPIBC;
2025;03;08;1;5.10;5.10;
2025;03;08;2;0.00;.00;
2025;03;08;3;0.00;.00;
2025;03;08;4;-0.90;-.90;
2025;03;08;5;-1.10;-1.10;
2025;03;08;6;-3.00;-3.00;
2025;03;08;7;-0.19;-.19;
2025;03;08;8;-0.19;-.19;
2025;03;08;9;-1.10;-1.10;
2025;03;08;10;0.00;.00;
2025;03;08;11;-0.45;-.45;
2025;03;08;12;3.50;3.50;
2025;03;08;13;-0.90;-2.00;
2025;03;08;14;0.01;.01;
2025;03;08;15;-0.43;-.43;
2025;03;08;16;-2.97;-5.00;
2025;03;08;17;-1.10;-3.62;
2025;03;08;18;-0.45;-.45;
2025;03;08;19;32.50;32.50;
2025;03;08;20;41.30;41.30;
2025;03;08;21;41.13;41.13;
2025;03;08;22;40.65;40.65;
2025;03;08;23;39.90;39.90;
2025;03;08;24;38.06;38.06;
*
