MARGINALPIBC;
2026;06;28;1;128.06;128.06;
2026;06;28;2;125.01;125.01;
2026;06;28;3;111.07;111.07;
2026;06;28;4;109.57;109.57;
2026;06;28;5;123.57;123.57;
2026;06;28;6;120.08;120.08;
2026;06;28;7;120.51;120.51;
2026;06;28;8;112.39;112.39;
2026;06;28;9;115.00;115.00;
2026;06;28;10;111.07;111.07;
2026;06;28;11;111.07;111.07;
2026;06;28;12;111.39;111.39;
2026;06;28;13;111.07;111.07;
2026;06;28;14;110.59;110.59;
2026;06;28;15;110.97;110.97;
2026;06;28;16;112.50;112.50;
2026;06;28;17;112.14;112.14;
2026;06;28;18;113.66;113.66;
2026;06;28;19;113.66;113.66;
2026;06;28;20;113.00;113.00;
2026;06;28;21;112.91;112.91;
2026;06;28;22;113.59;113.59;
2026;06;28;23;113.30;113.30;
2026;06;28;24;112.68;112.68;
2026;06;28;25;113.17;113.17;
2026;06;28;26;112.95;112.95;
2026;06;28;27;110.97;110.97;
2026;06;28;28;108.07;108.07;
2026;06;28;29;112.10;112.10;
2026;06;28;30;109.86;109.86;
2026;06;28;31;104.71;104.71;
2026;06;28;32;93.17;93.17;
2026;06;28;33;104.88;104.88;
2026;06;28;34;90.92;90.92;
2026;06;28;35;77.41;77.41;
2026;06;28;36;54.18;54.18;
2026;06;28;37;63.30;63.30;
2026;06;28;38;61.06;61.06;
2026;06;28;39;52.63;52.63;
2026;06;28;40;34.25;34.25;
2026;06;28;41;40.99;40.99;
2026;06;28;42;34.30;34.30;
2026;06;28;43;31.84;31.84;
2026;06;28;44;18.96;18.96;
2026;06;28;45;15.51;15.51;
2026;06;28;46;10.01;10.01;
2026;06;28;47;3.60;3.60;
2026;06;28;48;3.60;3.60;
2026;06;28;49;3.00;3.00;
2026;06;28;50;0.00;.00;
2026;06;28;51;0.84;.84;
2026;06;28;52;1.90;1.90;
2026;06;28;53;0.00;.00;
2026;06;28;54;0.00;.00;
2026;06;28;55;-0.02;-.02;
2026;06;28;56;-0.08;-.08;
2026;06;28;57;-0.10;-.10;
2026;06;28;58;-0.51;-.51;
2026;06;28;59;-0.46;-.46;
2026;06;28;60;-2.00;-2.00;
2026;06;28;61;0.84;.84;
2026;06;28;62;0.84;.84;
2026;06;28;63;0.84;.84;
2026;06;28;64;0.15;.15;
2026;06;28;65;0.84;.84;
2026;06;28;66;1.00;1.00;
2026;06;28;67;1.00;1.00;
2026;06;28;68;5.00;5.00;
2026;06;28;69;2.00;2.00;
2026;06;28;70;3.00;3.00;
2026;06;28;71;3.66;3.66;
2026;06;28;72;21.84;21.84;
2026;06;28;73;36.19;36.19;
2026;06;28;74;53.08;53.08;
2026;06;28;75;63.86;63.86;
2026;06;28;76;88.27;88.27;
2026;06;28;77;62.01;62.01;
2026;06;28;78;70.90;70.90;
2026;06;28;79;87.04;87.04;
2026;06;28;80;72.20;72.20;
2026;06;28;81;79.99;79.99;
2026;06;28;82;107.35;107.35;
2026;06;28;83;111.07;111.07;
2026;06;28;84;126.07;126.07;
2026;06;28;85;127.57;127.57;
2026;06;28;86;131.83;131.83;
2026;06;28;87;131.07;131.07;
2026;06;28;88;127.52;127.52;
2026;06;28;89;127.39;127.39;
2026;06;28;90;124.02;124.02;
2026;06;28;91;134.54;134.54;
2026;06;28;92;120.57;120.57;
2026;06;28;93;121.04;121.04;
2026;06;28;94;126.39;126.39;
2026;06;28;95;126.94;126.94;
2026;06;28;96;113.70;113.70;
*
