MARGINALPIBC;
2025;08;30;1;85.56;85.56;
2025;08;30;2;82.16;82.16;
2025;08;30;3;80.01;80.01;
2025;08;30;4;78.80;78.80;
2025;08;30;5;81.30;81.30;
2025;08;30;6;78.80;78.80;
2025;08;30;7;78.31;78.31;
2025;08;30;8;76.78;76.78;
2025;08;30;9;81.30;81.30;
2025;08;30;10;78.80;78.80;
2025;08;30;11;78.23;78.23;
2025;08;30;12;77.56;77.56;
2025;08;30;13;80.90;80.90;
2025;08;30;14;79.98;79.98;
2025;08;30;15;78.63;78.63;
2025;08;30;16;78.00;78.00;
2025;08;30;17;76.48;76.48;
2025;08;30;18;76.38;76.38;
2025;08;30;19;76.38;76.38;
2025;08;30;20;76.48;76.48;
2025;08;30;21;76.23;76.23;
2025;08;30;22;76.14;76.14;
2025;08;30;23;76.14;76.14;
2025;08;30;24;76.74;76.74;
2025;08;30;25;78.80;78.80;
2025;08;30;26;78.80;78.80;
2025;08;30;27;79.39;79.39;
2025;08;30;28;80.11;80.11;
2025;08;30;29;80.20;80.20;
2025;08;30;30;81.10;81.10;
2025;08;30;31;81.79;81.79;
2025;08;30;32;82.70;82.70;
2025;08;30;33;82.52;82.52;
2025;08;30;34;77.05;77.05;
2025;08;30;35;65.00;65.00;
2025;08;30;36;41.66;41.66;
2025;08;30;37;64.00;64.00;
2025;08;30;38;32.00;32.00;
2025;08;30;39;10.00;10.00;
2025;08;30;40;0.00;.00;
2025;08;30;41;53.28;53.28;
2025;08;30;42;24.11;24.11;
2025;08;30;43;9.50;9.50;
2025;08;30;44;4.31;4.31;
2025;08;30;45;3.20;2.41;
2025;08;30;46;3.20;1.15;
2025;08;30;47;3.20;.65;
2025;08;30;48;2.10;-3.35;
2025;08;30;49;1.10;.65;
2025;08;30;50;1.10;.65;
2025;08;30;51;1.10;.15;
2025;08;30;52;1.10;.00;
2025;08;30;53;3.52;3.52;
2025;08;30;54;3.52;3.52;
2025;08;30;55;2.99;2.99;
2025;08;30;56;1.72;1.72;
2025;08;30;57;1.50;1.50;
2025;08;30;58;1.59;1.59;
2025;08;30;59;1.72;1.72;
2025;08;30;60;1.10;1.10;
2025;08;30;61;1.10;-3.02;
2025;08;30;62;0.50;-1.00;
2025;08;30;63;0.00;.00;
2025;08;30;64;0.00;.00;
2025;08;30;65;0.50;-5.00;
2025;08;30;66;0.50;-.25;
2025;08;30;67;0.50;.00;
2025;08;30;68;0.00;.00;
2025;08;30;69;1.10;-.50;
2025;08;30;70;1.10;.00;
2025;08;30;71;1.50;.65;
2025;08;30;72;4.31;.65;
2025;08;30;73;-0.83;-.83;
2025;08;30;74;5.17;5.17;
2025;08;30;75;16.72;16.72;
2025;08;30;76;69.77;69.77;
2025;08;30;77;11.77;11.77;
2025;08;30;78;45.18;45.18;
2025;08;30;79;81.72;81.72;
2025;08;30;80;89.73;89.73;
2025;08;30;81;58.53;58.53;
2025;08;30;82;80.90;80.90;
2025;08;30;83;87.92;87.92;
2025;08;30;84;90.90;90.90;
2025;08;30;85;97.56;97.56;
2025;08;30;86;99.85;99.85;
2025;08;30;87;99.85;99.85;
2025;08;30;88;98.12;98.12;
2025;08;30;89;95.13;95.13;
2025;08;30;90;92.84;92.84;
2025;08;30;91;91.01;91.01;
2025;08;30;92;86.27;86.27;
2025;08;30;93;87.70;87.70;
2025;08;30;94;86.27;86.27;
2025;08;30;95;83.71;83.71;
2025;08;30;96;79.01;79.01;
*
