MARGINALPIBC;
2025;06;19;1;139.01;139.01;
2025;06;19;2;136.69;136.69;
2025;06;19;3;134.38;134.38;
2025;06;19;4;134.01;134.01;
2025;06;19;5;130.22;130.22;
2025;06;19;6;128.02;128.02;
2025;06;19;7;126.68;126.68;
2025;06;19;8;126.68;126.68;
2025;06;19;9;124.86;124.86;
2025;06;19;10;123.61;123.61;
2025;06;19;11;123.61;123.61;
2025;06;19;12;123.60;123.60;
2025;06;19;13;124.74;124.74;
2025;06;19;14;124.03;124.03;
2025;06;19;15;123.91;123.91;
2025;06;19;16;123.91;123.91;
2025;06;19;17;123.12;123.12;
2025;06;19;18;123.12;123.12;
2025;06;19;19;123.12;123.12;
2025;06;19;20;123.13;123.13;
2025;06;19;21;122.51;122.51;
2025;06;19;22;123.23;123.23;
2025;06;19;23;123.95;123.95;
2025;06;19;24;124.66;124.66;
2025;06;19;25;130.01;130.01;
2025;06;19;26;131.26;131.26;
2025;06;19;27;133.00;133.00;
2025;06;19;28;134.26;134.26;
2025;06;19;29;138.24;138.24;
2025;06;19;30;137.00;137.00;
2025;06;19;31;135.92;135.92;
2025;06;19;32;134.00;134.00;
2025;06;19;33;128.37;128.37;
2025;06;19;34;126.23;126.23;
2025;06;19;35;123.37;123.37;
2025;06;19;36;102.82;102.82;
2025;06;19;37;120.05;120.05;
2025;06;19;38;117.98;117.98;
2025;06;19;39;100.01;100.01;
2025;06;19;40;97.00;97.00;
2025;06;19;41;110.45;110.45;
2025;06;19;42;109.26;109.26;
2025;06;19;43;105.01;105.01;
2025;06;19;44;99.00;99.00;
2025;06;19;45;91.91;91.91;
2025;06;19;46;90.27;90.27;
2025;06;19;47;87.78;87.78;
2025;06;19;48;83.78;83.78;
2025;06;19;49;83.33;83.33;
2025;06;19;50;83.26;83.26;
2025;06;19;51;82.49;82.49;
2025;06;19;52;80.75;80.75;
2025;06;19;53;77.51;77.51;
2025;06;19;54;77.51;77.51;
2025;06;19;55;77.51;77.51;
2025;06;19;56;77.00;77.00;
2025;06;19;57;73.86;73.86;
2025;06;19;58;74.65;74.65;
2025;06;19;59;74.65;74.65;
2025;06;19;60;73.86;73.86;
2025;06;19;61;70.01;70.01;
2025;06;19;62;70.50;70.50;
2025;06;19;63;71.50;71.50;
2025;06;19;64;71.50;71.50;
2025;06;19;65;77.51;77.51;
2025;06;19;66;79.51;79.51;
2025;06;19;67;83.51;83.51;
2025;06;19;68;86.00;86.00;
2025;06;19;69;80.00;80.00;
2025;06;19;70;90.00;90.00;
2025;06;19;71;95.00;95.00;
2025;06;19;72;96.13;96.13;
2025;06;19;73;97.00;97.00;
2025;06;19;74;108.40;108.40;
2025;06;19;75;114.24;114.24;
2025;06;19;76;118.18;118.18;
2025;06;19;77;97.00;97.00;
2025;06;19;78;112.00;112.00;
2025;06;19;79;121.63;121.63;
2025;06;19;80;132.99;132.99;
2025;06;19;81;115.00;115.00;
2025;06;19;82;128.22;128.22;
2025;06;19;83;133.22;133.22;
2025;06;19;84;138.22;138.22;
2025;06;19;85;162.04;162.04;
2025;06;19;86;163.83;163.83;
2025;06;19;87;164.76;164.76;
2025;06;19;88;164.55;164.55;
2025;06;19;89;164.35;164.35;
2025;06;19;90;162.77;162.77;
2025;06;19;91;160.17;160.17;
2025;06;19;92;158.60;158.60;
2025;06;19;93;133.02;133.02;
2025;06;19;94;132.28;132.28;
2025;06;19;95;129.33;129.33;
2025;06;19;96;128.52;128.52;
*
