MARGINALPIBC;
2026;06;10;1;97.74;97.74;
2026;06;10;2;93.70;93.70;
2026;06;10;3;81.80;81.80;
2026;06;10;4;83.42;83.42;
2026;06;10;5;82.63;82.63;
2026;06;10;6;81.43;81.43;
2026;06;10;7;81.19;81.19;
2026;06;10;8;76.20;76.20;
2026;06;10;9;74.00;74.00;
2026;06;10;10;65.60;65.60;
2026;06;10;11;63.00;63.00;
2026;06;10;12;58.35;58.35;
2026;06;10;13;62.84;62.84;
2026;06;10;14;59.81;59.81;
2026;06;10;15;55.90;55.90;
2026;06;10;16;55.84;55.84;
2026;06;10;17;54.67;54.67;
2026;06;10;18;54.00;54.00;
2026;06;10;19;54.00;54.00;
2026;06;10;20;55.68;55.68;
2026;06;10;21;55.82;55.82;
2026;06;10;22;59.01;59.01;
2026;06;10;23;65.00;65.00;
2026;06;10;24;74.99;74.99;
2026;06;10;25;86.44;86.44;
2026;06;10;26;87.64;87.64;
2026;06;10;27;94.10;94.10;
2026;06;10;28;96.86;96.86;
2026;06;10;29;98.44;98.44;
2026;06;10;30;94.59;94.59;
2026;06;10;31;84.08;84.08;
2026;06;10;32;58.36;58.36;
2026;06;10;33;87.16;87.16;
2026;06;10;34;54.01;54.01;
2026;06;10;35;38.91;38.91;
2026;06;10;36;15.23;15.23;
2026;06;10;37;25.69;25.69;
2026;06;10;38;10.21;10.21;
2026;06;10;39;12.83;12.83;
2026;06;10;40;5.00;1.00;
2026;06;10;41;2.50;2.50;
2026;06;10;42;0.84;.84;
2026;06;10;43;0.00;.00;
2026;06;10;44;4.00;4.00;
2026;06;10;45;9.49;9.49;
2026;06;10;46;6.49;6.49;
2026;06;10;47;5.59;5.59;
2026;06;10;48;5.00;5.00;
2026;06;10;49;5.59;5.59;
2026;06;10;50;5.59;5.59;
2026;06;10;51;5.59;5.59;
2026;06;10;52;5.59;5.59;
2026;06;10;53;5.00;5.00;
2026;06;10;54;5.00;5.00;
2026;06;10;55;5.00;5.00;
2026;06;10;56;5.00;5.00;
2026;06;10;57;5.00;5.00;
2026;06;10;58;4.98;4.98;
2026;06;10;59;4.67;4.67;
2026;06;10;60;3.00;3.00;
2026;06;10;61;2.00;2.00;
2026;06;10;62;1.50;1.50;
2026;06;10;63;0.84;.84;
2026;06;10;64;0.84;.84;
2026;06;10;65;2.00;2.00;
2026;06;10;66;2.00;2.00;
2026;06;10;67;2.00;2.00;
2026;06;10;68;1.50;1.50;
2026;06;10;69;1.50;1.50;
2026;06;10;70;2.00;2.00;
2026;06;10;71;4.00;4.00;
2026;06;10;72;5.59;5.59;
2026;06;10;73;0.00;.00;
2026;06;10;74;0.01;.01;
2026;06;10;75;1.95;1.95;
2026;06;10;76;10.84;10.84;
2026;06;10;77;21.50;21.50;
2026;06;10;78;22.50;22.50;
2026;06;10;79;43.21;43.21;
2026;06;10;80;54.03;54.03;
2026;06;10;81;36.92;36.92;
2026;06;10;82;57.75;57.75;
2026;06;10;83;75.47;75.47;
2026;06;10;84;95.28;95.28;
2026;06;10;85;95.28;95.28;
2026;06;10;86;103.64;103.64;
2026;06;10;87;104.49;104.49;
2026;06;10;88;104.27;104.27;
2026;06;10;89;98.13;98.13;
2026;06;10;90;97.59;97.59;
2026;06;10;91;98.44;98.44;
2026;06;10;92;91.61;91.61;
2026;06;10;93;93.34;93.34;
2026;06;10;94;84.30;84.30;
2026;06;10;95;86.44;86.44;
2026;06;10;96;66.19;66.19;
*
