MARGINALPIBC;
2025;05;30;1;64.77;64.77;
2025;05;30;2;60.00;60.00;
2025;05;30;3;57.00;57.00;
2025;05;30;4;57.00;57.00;
2025;05;30;5;61.10;61.10;
2025;05;30;6;58.33;58.33;
2025;05;30;7;55.10;55.10;
2025;05;30;8;55.10;55.10;
2025;05;30;9;58.33;58.33;
2025;05;30;10;54.70;54.70;
2025;05;30;11;53.16;53.16;
2025;05;30;12;49.70;49.70;
2025;05;30;13;55.78;55.78;
2025;05;30;14;55.77;55.77;
2025;05;30;15;55.27;55.27;
2025;05;30;16;53.16;53.16;
2025;05;30;17;55.54;55.54;
2025;05;30;18;55.54;55.54;
2025;05;30;19;55.78;55.78;
2025;05;30;20;58.33;58.33;
2025;05;30;21;52.43;52.43;
2025;05;30;22;53.16;53.16;
2025;05;30;23;56.08;56.08;
2025;05;30;24;61.08;61.08;
2025;05;30;25;51.55;51.55;
2025;05;30;26;54.37;54.37;
2025;05;30;27;59.75;59.75;
2025;05;30;28;64.77;64.77;
2025;05;30;29;78.00;78.00;
2025;05;30;30;79.38;79.38;
2025;05;30;31;71.58;71.58;
2025;05;30;32;68.17;68.17;
2025;05;30;33;79.50;79.50;
2025;05;30;34;64.77;64.77;
2025;05;30;35;45.06;45.06;
2025;05;30;36;27.72;27.72;
2025;05;30;37;63.77;63.77;
2025;05;30;38;51.08;46.00;
2025;05;30;39;46.08;16.72;
2025;05;30;40;36.08;2.03;
2025;05;30;41;34.76;34.76;
2025;05;30;42;25.25;8.83;
2025;05;30;43;24.00;1.20;
2025;05;30;44;24.00;-.07;
2025;05;30;45;17.10;3.52;
2025;05;30;46;17.10;.01;
2025;05;30;47;15.90;-.07;
2025;05;30;48;15.90;-2.00;
2025;05;30;49;19.94;1.35;
2025;05;30;50;16.95;.00;
2025;05;30;51;16.95;.00;
2025;05;30;52;15.70;.00;
2025;05;30;53;20.68;.00;
2025;05;30;54;19.67;.00;
2025;05;30;55;15.43;.00;
2025;05;30;56;16.68;-.01;
2025;05;30;57;19.42;.00;
2025;05;30;58;16.93;.00;
2025;05;30;59;16.93;.00;
2025;05;30;60;16.93;.00;
2025;05;30;61;20.43;-.01;
2025;05;30;62;16.93;-.01;
2025;05;30;63;16.93;.00;
2025;05;30;64;16.93;.00;
2025;05;30;65;16.43;.00;
2025;05;30;66;16.93;.65;
2025;05;30;67;16.43;3.52;
2025;05;30;68;20.43;19.83;
2025;05;30;69;15.64;1.00;
2025;05;30;70;16.04;2.00;
2025;05;30;71;20.33;16.25;
2025;05;30;72;23.99;23.99;
2025;05;30;73;23.43;23.43;
2025;05;30;74;32.06;32.06;
2025;05;30;75;51.31;51.31;
2025;05;30;76;60.48;60.48;
2025;05;30;77;30.06;30.06;
2025;05;30;78;47.00;47.00;
2025;05;30;79;79.50;79.50;
2025;05;30;80;89.29;89.29;
2025;05;30;81;63.70;63.70;
2025;05;30;82;89.92;89.92;
2025;05;30;83;100.29;100.29;
2025;05;30;84;103.29;103.29;
2025;05;30;85;109.08;109.08;
2025;05;30;86;115.59;115.59;
2025;05;30;87;115.66;115.66;
2025;05;30;88;115.59;115.59;
2025;05;30;89;128.20;128.20;
2025;05;30;90;127.23;127.23;
2025;05;30;91;125.00;125.00;
2025;05;30;92;118.21;118.21;
2025;05;30;93;103.35;103.35;
2025;05;30;94;100.35;100.35;
2025;05;30;95;98.36;98.36;
2025;05;30;96;95.36;95.36;
*
