MARGINALPIBC;
2026;05;06;1;115.37;115.37;
2026;05;06;2;113.16;113.16;
2026;05;06;3;109.02;109.02;
2026;05;06;4;107.00;107.00;
2026;05;06;5;109.17;109.17;
2026;05;06;6;103.30;103.30;
2026;05;06;7;105.10;105.10;
2026;05;06;8;103.30;103.30;
2026;05;06;9;109.19;109.19;
2026;05;06;10;106.34;106.34;
2026;05;06;11;106.15;106.15;
2026;05;06;12;104.79;104.79;
2026;05;06;13;105.09;105.09;
2026;05;06;14;104.72;104.72;
2026;05;06;15;106.20;106.20;
2026;05;06;16;106.20;106.20;
2026;05;06;17;105.84;105.84;
2026;05;06;18;106.20;106.20;
2026;05;06;19;106.20;106.20;
2026;05;06;20;106.20;106.20;
2026;05;06;21;106.20;106.20;
2026;05;06;22;105.01;105.01;
2026;05;06;23;105.11;105.11;
2026;05;06;24;106.19;106.19;
2026;05;06;25;109.86;109.86;
2026;05;06;26;112.75;112.75;
2026;05;06;27;113.37;113.37;
2026;05;06;28;114.70;114.70;
2026;05;06;29;116.15;116.15;
2026;05;06;30;117.51;117.51;
2026;05;06;31;119.03;119.03;
2026;05;06;32;115.28;115.28;
2026;05;06;33;112.61;112.61;
2026;05;06;34;109.78;109.78;
2026;05;06;35;104.98;104.98;
2026;05;06;36;85.12;85.12;
2026;05;06;37;101.50;101.50;
2026;05;06;38;72.57;72.57;
2026;05;06;39;46.50;46.50;
2026;05;06;40;25.65;25.65;
2026;05;06;41;26.01;26.01;
2026;05;06;42;20.01;20.01;
2026;05;06;43;9.50;9.50;
2026;05;06;44;3.08;3.08;
2026;05;06;45;4.95;4.95;
2026;05;06;46;2.49;2.49;
2026;05;06;47;2.00;1.50;
2026;05;06;48;2.00;1.50;
2026;05;06;49;6.00;1.49;
2026;05;06;50;6.00;.00;
2026;05;06;51;6.00;.00;
2026;05;06;52;6.00;-.50;
2026;05;06;53;5.00;2.50;
2026;05;06;54;5.01;3.08;
2026;05;06;55;5.00;3.08;
2026;05;06;56;5.00;3.00;
2026;05;06;57;5.15;2.20;
2026;05;06;58;5.00;2.50;
2026;05;06;59;5.00;2.15;
2026;05;06;60;5.00;2.00;
2026;05;06;61;5.00;5.00;
2026;05;06;62;5.00;5.00;
2026;05;06;63;5.00;5.00;
2026;05;06;64;5.01;5.01;
2026;05;06;65;5.01;5.01;
2026;05;06;66;5.01;5.01;
2026;05;06;67;10.01;10.01;
2026;05;06;68;12.39;12.39;
2026;05;06;69;20.10;20.10;
2026;05;06;70;25.00;25.00;
2026;05;06;71;29.00;29.00;
2026;05;06;72;40.34;40.34;
2026;05;06;73;20.01;20.01;
2026;05;06;74;26.01;26.01;
2026;05;06;75;52.52;52.52;
2026;05;06;76;60.00;60.00;
2026;05;06;77;20.76;20.76;
2026;05;06;78;69.19;69.19;
2026;05;06;79;91.43;91.43;
2026;05;06;80;104.63;104.63;
2026;05;06;81;110.36;110.36;
2026;05;06;82;114.46;142.94;
2026;05;06;83;118.78;152.80;
2026;05;06;84;120.43;162.67;
2026;05;06;85;124.10;161.27;
2026;05;06;86;124.42;157.01;
2026;05;06;87;124.42;150.01;
2026;05;06;88;124.42;133.02;
2026;05;06;89;124.42;152.00;
2026;05;06;90;124.42;143.55;
2026;05;06;91;124.42;138.03;
2026;05;06;92;124.16;124.16;
2026;05;06;93;55.00;124.01;
2026;05;06;94;119.59;119.59;
2026;05;06;95;117.04;117.04;
2026;05;06;96;111.16;111.16;
*
