MARGINALPIBC;
2025;07;23;1;112.91;112.91;
2025;07;23;2;112.91;112.91;
2025;07;23;3;107.42;107.42;
2025;07;23;4;103.39;103.39;
2025;07;23;5;106.53;106.53;
2025;07;23;6;103.49;103.49;
2025;07;23;7;99.02;99.02;
2025;07;23;8;96.53;96.53;
2025;07;23;9;100.47;100.47;
2025;07;23;10;97.67;97.67;
2025;07;23;11;97.00;97.00;
2025;07;23;12;97.62;97.62;
2025;07;23;13;97.00;97.00;
2025;07;23;14;97.00;97.00;
2025;07;23;15;97.00;97.00;
2025;07;23;16;98.17;98.17;
2025;07;23;17;96.15;96.15;
2025;07;23;18;97.00;97.00;
2025;07;23;19;98.15;98.15;
2025;07;23;20;100.15;100.15;
2025;07;23;21;95.12;95.12;
2025;07;23;22;96.00;96.00;
2025;07;23;23;98.00;98.00;
2025;07;23;24;100.90;100.90;
2025;07;23;25;97.00;97.00;
2025;07;23;26;101.11;101.11;
2025;07;23;27;105.36;105.36;
2025;07;23;28;108.62;108.62;
2025;07;23;29;111.41;111.41;
2025;07;23;30;113.08;113.08;
2025;07;23;31;113.59;113.59;
2025;07;23;32;109.91;109.91;
2025;07;23;33;117.20;117.20;
2025;07;23;34;102.00;102.00;
2025;07;23;35;89.71;89.71;
2025;07;23;36;76.50;76.50;
2025;07;23;37;95.40;95.40;
2025;07;23;38;84.08;84.08;
2025;07;23;39;71.55;71.55;
2025;07;23;40;57.85;57.85;
2025;07;23;41;76.40;76.40;
2025;07;23;42;68.35;68.35;
2025;07;23;43;55.01;55.01;
2025;07;23;44;51.40;51.40;
2025;07;23;45;56.68;56.68;
2025;07;23;46;53.33;53.33;
2025;07;23;47;47.00;47.00;
2025;07;23;48;44.06;44.06;
2025;07;23;49;61.97;61.97;
2025;07;23;50;58.22;58.22;
2025;07;23;51;55.01;55.01;
2025;07;23;52;53.33;53.33;
2025;07;23;53;55.47;55.47;
2025;07;23;54;52.27;52.27;
2025;07;23;55;51.86;51.86;
2025;07;23;56;49.56;49.56;
2025;07;23;57;44.97;44.97;
2025;07;23;58;44.97;44.97;
2025;07;23;59;44.97;44.97;
2025;07;23;60;44.97;44.97;
2025;07;23;61;49.00;49.00;
2025;07;23;62;49.00;49.00;
2025;07;23;63;46.09;46.09;
2025;07;23;64;46.09;46.09;
2025;07;23;65;47.00;47.00;
2025;07;23;66;47.00;47.00;
2025;07;23;67;47.00;47.00;
2025;07;23;68;50.00;50.00;
2025;07;23;69;47.00;47.00;
2025;07;23;70;51.56;51.56;
2025;07;23;71;51.76;51.76;
2025;07;23;72;56.76;56.76;
2025;07;23;73;47.00;47.00;
2025;07;23;74;49.13;49.13;
2025;07;23;75;54.74;54.74;
2025;07;23;76;70.21;70.21;
2025;07;23;77;47.00;47.00;
2025;07;23;78;55.01;55.01;
2025;07;23;79;80.92;80.92;
2025;07;23;80;89.31;89.31;
2025;07;23;81;63.99;63.99;
2025;07;23;82;88.46;88.46;
2025;07;23;83;102.45;102.45;
2025;07;23;84;107.87;107.87;
2025;07;23;85;104.70;104.70;
2025;07;23;86;105.92;105.92;
2025;07;23;87;107.00;107.00;
2025;07;23;88;103.00;103.00;
2025;07;23;89;107.96;107.96;
2025;07;23;90;102.96;102.96;
2025;07;23;91;102.96;102.96;
2025;07;23;92;94.00;94.00;
2025;07;23;93;100.29;100.29;
2025;07;23;94;94.34;94.34;
2025;07;23;95;89.31;89.31;
2025;07;23;96;78.99;78.99;
*
