MARGINALPIBC;
2025;06;22;1;130.45;130.45;
2025;06;22;2;127.24;127.24;
2025;06;22;3;124.24;124.24;
2025;06;22;4;124.23;124.23;
2025;06;22;5;124.86;124.86;
2025;06;22;6;121.96;121.96;
2025;06;22;7;121.55;121.55;
2025;06;22;8;120.00;120.00;
2025;06;22;9;122.84;122.84;
2025;06;22;10;121.69;121.69;
2025;06;22;11;120.89;120.89;
2025;06;22;12;120.02;120.02;
2025;06;22;13;123.51;123.51;
2025;06;22;14;121.92;121.92;
2025;06;22;15;120.21;120.21;
2025;06;22;16;120.21;120.21;
2025;06;22;17;120.94;120.94;
2025;06;22;18;120.89;120.89;
2025;06;22;19;120.89;120.89;
2025;06;22;20;120.89;120.89;
2025;06;22;21;120.63;120.63;
2025;06;22;22;120.63;120.63;
2025;06;22;23;121.52;121.52;
2025;06;22;24;120.00;120.00;
2025;06;22;25;122.53;122.53;
2025;06;22;26;122.53;122.53;
2025;06;22;27;121.93;121.93;
2025;06;22;28;120.89;120.89;
2025;06;22;29;120.19;120.19;
2025;06;22;30;118.90;118.90;
2025;06;22;31;114.00;114.00;
2025;06;22;32;108.90;108.90;
2025;06;22;33;103.69;103.69;
2025;06;22;34;97.34;97.34;
2025;06;22;35;60.00;60.00;
2025;06;22;36;38.20;38.20;
2025;06;22;37;24.87;24.87;
2025;06;22;38;4.31;4.31;
2025;06;22;39;0.65;.65;
2025;06;22;40;0.00;.00;
2025;06;22;41;6.87;6.87;
2025;06;22;42;0.65;.65;
2025;06;22;43;0.01;.01;
2025;06;22;44;0.01;.00;
2025;06;22;45;4.14;.00;
2025;06;22;46;0.01;.00;
2025;06;22;47;0.01;.00;
2025;06;22;48;0.01;.00;
2025;06;22;49;0.90;.00;
2025;06;22;50;0.00;.00;
2025;06;22;51;0.00;.00;
2025;06;22;52;0.00;.00;
2025;06;22;53;0.00;-.01;
2025;06;22;54;0.00;.00;
2025;06;22;55;0.00;.00;
2025;06;22;56;0.00;.00;
2025;06;22;57;0.00;.00;
2025;06;22;58;0.00;.00;
2025;06;22;59;0.00;.00;
2025;06;22;60;0.00;.00;
2025;06;22;61;0.00;.00;
2025;06;22;62;0.00;.00;
2025;06;22;63;0.00;.00;
2025;06;22;64;0.00;.00;
2025;06;22;65;0.00;.00;
2025;06;22;66;0.00;.00;
2025;06;22;67;0.65;.65;
2025;06;22;68;4.31;4.31;
2025;06;22;69;0.06;-10.00;
2025;06;22;70;0.06;-.46;
2025;06;22;71;1.72;1.72;
2025;06;22;72;3.52;3.52;
2025;06;22;73;0.00;.00;
2025;06;22;74;5.25;5.25;
2025;06;22;75;35.01;35.01;
2025;06;22;76;75.50;75.50;
2025;06;22;77;43.41;43.41;
2025;06;22;78;71.14;71.14;
2025;06;22;79;102.60;102.60;
2025;06;22;80;115.01;115.01;
2025;06;22;81;97.00;97.00;
2025;06;22;82;109.93;109.93;
2025;06;22;83;123.25;123.25;
2025;06;22;84;136.04;136.04;
2025;06;22;85;128.76;128.76;
2025;06;22;86;132.66;132.66;
2025;06;22;87;135.00;135.00;
2025;06;22;88;136.91;136.91;
2025;06;22;89;135.01;135.01;
2025;06;22;90;135.00;135.00;
2025;06;22;91;131.28;131.28;
2025;06;22;92;130.35;130.35;
2025;06;22;93;131.76;131.76;
2025;06;22;94;128.76;128.76;
2025;06;22;95;124.26;124.26;
2025;06;22;96;121.90;121.90;
*
