MARGINALPIBC;
2026;01;21;1;94.20;94.20;
2026;01;21;2;92.90;92.90;
2026;01;21;3;84.99;84.99;
2026;01;21;4;77.11;77.11;
2026;01;21;5;89.70;89.70;
2026;01;21;6;83.70;83.70;
2026;01;21;7;82.43;82.43;
2026;01;21;8;76.71;76.71;
2026;01;21;9;84.99;84.99;
2026;01;21;10;81.99;81.99;
2026;01;21;11;79.18;79.18;
2026;01;21;12;66.40;66.40;
2026;01;21;13;78.17;78.17;
2026;01;21;14;66.80;66.80;
2026;01;21;15;66.01;66.01;
2026;01;21;16;64.32;64.32;
2026;01;21;17;64.66;64.66;
2026;01;21;18;66.21;66.21;
2026;01;21;19;64.70;64.70;
2026;01;21;20;64.60;64.60;
2026;01;21;21;65.00;65.00;
2026;01;21;22;67.00;67.00;
2026;01;21;23;72.01;72.01;
2026;01;21;24;70.90;70.90;
2026;01;21;25;69.21;69.21;
2026;01;21;26;77.33;77.33;
2026;01;21;27;88.99;88.99;
2026;01;21;28;92.90;92.90;
2026;01;21;29;83.54;93.38;
2026;01;21;30;85.63;101.24;
2026;01;21;31;85.63;104.60;
2026;01;21;32;85.63;105.26;
2026;01;21;33;88.00;93.38;
2026;01;21;34;89.96;96.96;
2026;01;21;35;91.90;98.47;
2026;01;21;36;94.20;98.14;
2026;01;21;37;96.92;96.92;
2026;01;21;38;95.70;95.70;
2026;01;21;39;92.90;92.90;
2026;01;21;40;91.30;91.30;
2026;01;21;41;93.38;93.38;
2026;01;21;42;91.76;91.76;
2026;01;21;43;87.79;87.79;
2026;01;21;44;77.43;77.43;
2026;01;21;45;83.90;83.90;
2026;01;21;46;82.00;82.00;
2026;01;21;47;77.68;77.68;
2026;01;21;48;75.13;75.13;
2026;01;21;49;75.00;75.00;
2026;01;21;50;71.19;71.19;
2026;01;21;51;70.00;70.00;
2026;01;21;52;66.24;66.24;
2026;01;21;53;72.50;72.50;
2026;01;21;54;72.00;72.00;
2026;01;21;55;69.90;69.90;
2026;01;21;56;67.97;67.97;
2026;01;21;57;74.18;74.18;
2026;01;21;58;75.00;75.00;
2026;01;21;59;76.17;76.17;
2026;01;21;60;77.20;77.20;
2026;01;21;61;77.57;77.57;
2026;01;21;62;82.00;82.00;
2026;01;21;63;81.06;81.06;
2026;01;21;64;82.43;82.43;
2026;01;21;65;76.20;76.20;
2026;01;21;66;82.43;82.43;
2026;01;21;67;82.37;82.37;
2026;01;21;68;86.80;86.80;
2026;01;21;69;82.77;82.77;
2026;01;21;70;84.99;84.99;
2026;01;21;71;87.43;87.43;
2026;01;21;72;93.14;93.14;
2026;01;21;73;84.99;84.99;
2026;01;21;74;85.38;85.38;
2026;01;21;75;87.43;87.43;
2026;01;21;76;92.90;92.90;
2026;01;21;77;92.90;92.90;
2026;01;21;78;93.14;93.14;
2026;01;21;79;95.53;95.53;
2026;01;21;80;93.91;93.91;
2026;01;21;81;100.00;100.00;
2026;01;21;82;100.00;100.00;
2026;01;21;83;99.34;99.34;
2026;01;21;84;98.42;98.42;
2026;01;21;85;103.20;103.20;
2026;01;21;86;95.59;95.59;
2026;01;21;87;97.36;99.80;
2026;01;21;88;92.90;92.90;
2026;01;21;89;97.36;100.70;
2026;01;21;90;96.72;96.72;
2026;01;21;91;97.10;97.10;
2026;01;21;92;93.38;93.38;
2026;01;21;93;87.20;87.20;
2026;01;21;94;82.98;82.98;
2026;01;21;95;82.99;82.99;
2026;01;21;96;71.00;71.00;
*
