MARGINALPIBC;
2026;03;21;1;88.68;88.68;
2026;03;21;2;76.91;76.91;
2026;03;21;3;47.80;47.80;
2026;03;21;4;41.92;41.92;
2026;03;21;5;51.28;51.28;
2026;03;21;6;49.55;49.55;
2026;03;21;7;58.99;58.99;
2026;03;21;8;55.38;55.38;
2026;03;21;9;53.90;53.90;
2026;03;21;10;45.00;45.00;
2026;03;21;11;40.00;40.00;
2026;03;21;12;38.00;38.00;
2026;03;21;13;37.75;37.75;
2026;03;21;14;36.75;36.75;
2026;03;21;15;37.54;37.54;
2026;03;21;16;27.70;27.70;
2026;03;21;17;36.40;36.40;
2026;03;21;18;35.92;35.92;
2026;03;21;19;35.92;35.92;
2026;03;21;20;36.16;36.16;
2026;03;21;21;40.70;40.70;
2026;03;21;22;40.00;40.00;
2026;03;21;23;40.00;40.00;
2026;03;21;24;42.92;42.92;
2026;03;21;25;54.56;54.56;
2026;03;21;26;56.37;56.37;
2026;03;21;27;55.99;55.99;
2026;03;21;28;60.57;60.57;
2026;03;21;29;77.18;77.18;
2026;03;21;30;74.10;74.10;
2026;03;21;31;73.61;73.61;
2026;03;21;32;65.85;65.85;
2026;03;21;33;64.30;64.30;
2026;03;21;34;59.91;59.91;
2026;03;21;35;51.15;51.15;
2026;03;21;36;49.39;49.39;
2026;03;21;37;44.88;44.88;
2026;03;21;38;30.27;30.27;
2026;03;21;39;28.56;28.56;
2026;03;21;40;12.54;12.54;
2026;03;21;41;18.78;18.78;
2026;03;21;42;15.00;15.00;
2026;03;21;43;12.49;12.49;
2026;03;21;44;10.00;10.00;
2026;03;21;45;14.00;14.00;
2026;03;21;46;14.00;14.00;
2026;03;21;47;13.20;13.20;
2026;03;21;48;11.00;11.00;
2026;03;21;49;15.00;15.00;
2026;03;21;50;13.00;13.00;
2026;03;21;51;12.00;12.00;
2026;03;21;52;13.00;13.00;
2026;03;21;53;12.00;12.00;
2026;03;21;54;12.50;12.50;
2026;03;21;55;12.00;12.00;
2026;03;21;56;10.30;10.30;
2026;03;21;57;11.00;11.00;
2026;03;21;58;10.30;10.30;
2026;03;21;59;10.00;10.00;
2026;03;21;60;10.00;10.00;
2026;03;21;61;9.27;9.27;
2026;03;21;62;9.24;9.24;
2026;03;21;63;10.00;10.00;
2026;03;21;64;10.55;10.55;
2026;03;21;65;7.00;7.00;
2026;03;21;66;9.05;9.05;
2026;03;21;67;10.00;10.00;
2026;03;21;68;14.20;14.20;
2026;03;21;69;11.90;11.90;
2026;03;21;70;19.30;19.30;
2026;03;21;71;21.90;21.90;
2026;03;21;72;38.09;38.09;
2026;03;21;73;44.32;44.32;
2026;03;21;74;67.79;67.79;
2026;03;21;75;79.35;79.35;
2026;03;21;76;78.45;78.45;
2026;03;21;77;77.00;77.00;
2026;03;21;78;91.43;91.43;
2026;03;21;79;100.01;100.01;
2026;03;21;80;103.72;103.72;
2026;03;21;81;84.30;84.30;
2026;03;21;82;85.30;85.30;
2026;03;21;83;78.41;78.41;
2026;03;21;84;72.32;72.32;
2026;03;21;85;82.80;82.80;
2026;03;21;86;79.36;79.36;
2026;03;21;87;76.47;76.47;
2026;03;21;88;52.17;52.17;
2026;03;21;89;78.00;78.00;
2026;03;21;90;62.36;62.36;
2026;03;21;91;79.00;79.00;
2026;03;21;92;63.56;63.56;
2026;03;21;93;70.26;70.26;
2026;03;21;94;53.40;53.40;
2026;03;21;95;57.18;57.18;
2026;03;21;96;45.80;45.80;
*
