MARGINALPIBC;
2026;02;13;1;0.00;.00;
2026;02;13;2;0.00;.00;
2026;02;13;3;0.00;.00;
2026;02;13;4;0.00;.00;
2026;02;13;5;0.00;.00;
2026;02;13;6;0.00;.00;
2026;02;13;7;0.00;.00;
2026;02;13;8;0.00;.00;
2026;02;13;9;0.00;.00;
2026;02;13;10;0.00;.00;
2026;02;13;11;0.00;.00;
2026;02;13;12;0.00;.00;
2026;02;13;13;-0.04;-.04;
2026;02;13;14;-4.91;-.04;
2026;02;13;15;-4.95;.00;
2026;02;13;16;-4.95;-.03;
2026;02;13;17;-4.96;-.03;
2026;02;13;18;0.00;.00;
2026;02;13;19;0.00;.00;
2026;02;13;20;0.00;.00;
2026;02;13;21;0.00;.00;
2026;02;13;22;0.00;.00;
2026;02;13;23;0.00;.00;
2026;02;13;24;0.00;.00;
2026;02;13;25;0.00;.00;
2026;02;13;26;0.00;.00;
2026;02;13;27;0.00;.00;
2026;02;13;28;1.00;2.93;
2026;02;13;29;1.50;8.70;
2026;02;13;30;2.00;12.00;
2026;02;13;31;3.01;21.29;
2026;02;13;32;3.01;34.83;
2026;02;13;33;3.01;28.79;
2026;02;13;34;3.01;30.69;
2026;02;13;35;3.01;21.08;
2026;02;13;36;3.01;14.00;
2026;02;13;37;3.01;16.00;
2026;02;13;38;3.01;7.64;
2026;02;13;39;3.01;3.78;
2026;02;13;40;3.01;3.78;
2026;02;13;41;2.00;2.00;
2026;02;13;42;1.84;1.84;
2026;02;13;43;0.91;.91;
2026;02;13;44;0.90;.90;
2026;02;13;45;0.91;.91;
2026;02;13;46;0.91;.91;
2026;02;13;47;0.90;.90;
2026;02;13;48;0.90;.90;
2026;02;13;49;0.01;.01;
2026;02;13;50;0.01;.01;
2026;02;13;51;0.00;.00;
2026;02;13;52;0.00;.00;
2026;02;13;53;0.00;.00;
2026;02;13;54;0.00;.00;
2026;02;13;55;0.00;.00;
2026;02;13;56;0.00;.00;
2026;02;13;57;0.00;.00;
2026;02;13;58;0.00;.00;
2026;02;13;59;0.00;.00;
2026;02;13;60;0.00;.00;
2026;02;13;61;0.00;.00;
2026;02;13;62;0.00;.00;
2026;02;13;63;0.00;.00;
2026;02;13;64;0.00;.00;
2026;02;13;65;0.00;.00;
2026;02;13;66;0.00;.00;
2026;02;13;67;0.00;.00;
2026;02;13;68;0.00;.00;
2026;02;13;69;0.00;.00;
2026;02;13;70;0.00;.00;
2026;02;13;71;0.50;.50;
2026;02;13;72;1.00;1.00;
2026;02;13;73;1.84;1.84;
2026;02;13;74;1.98;1.98;
2026;02;13;75;3.01;3.78;
2026;02;13;76;3.01;3.78;
2026;02;13;77;3.01;3.47;
2026;02;13;78;3.01;3.01;
2026;02;13;79;2.64;2.64;
2026;02;13;80;3.01;3.81;
2026;02;13;81;8.10;8.10;
2026;02;13;82;8.68;8.68;
2026;02;13;83;6.28;6.28;
2026;02;13;84;4.57;4.57;
2026;02;13;85;2.64;2.64;
2026;02;13;86;2.16;2.16;
2026;02;13;87;0.82;.82;
2026;02;13;88;0.00;.00;
2026;02;13;89;3.01;3.28;
2026;02;13;90;1.95;1.95;
2026;02;13;91;1.60;1.60;
2026;02;13;92;0.85;.85;
2026;02;13;93;-1.00;.00;
2026;02;13;94;0.00;.00;
2026;02;13;95;0.00;.00;
2026;02;13;96;0.00;.00;
*
