MARGINALPIBC;
2026;04;11;1;95.00;95.00;
2026;04;11;2;87.51;87.51;
2026;04;11;3;84.50;84.50;
2026;04;11;4;73.28;73.28;
2026;04;11;5;70.48;70.48;
2026;04;11;6;68.50;68.50;
2026;04;11;7;65.46;65.46;
2026;04;11;8;61.00;61.00;
2026;04;11;9;60.26;60.26;
2026;04;11;10;55.90;55.90;
2026;04;11;11;55.00;55.00;
2026;04;11;12;55.00;55.00;
2026;04;11;13;55.00;55.00;
2026;04;11;14;55.00;55.00;
2026;04;11;15;55.00;55.00;
2026;04;11;16;50.00;50.00;
2026;04;11;17;54.57;54.57;
2026;04;11;18;52.18;52.18;
2026;04;11;19;52.00;52.00;
2026;04;11;20;49.93;49.93;
2026;04;11;21;50.40;50.40;
2026;04;11;22;50.00;50.00;
2026;04;11;23;50.00;50.00;
2026;04;11;24;50.00;50.00;
2026;04;11;25;63.30;63.30;
2026;04;11;26;63.54;63.54;
2026;04;11;27;63.78;63.78;
2026;04;11;28;64.02;64.02;
2026;04;11;29;64.50;64.50;
2026;04;11;30;64.74;64.74;
2026;04;11;31;64.74;64.74;
2026;04;11;32;64.74;64.74;
2026;04;11;33;68.35;68.35;
2026;04;11;34;67.90;67.90;
2026;04;11;35;64.26;64.26;
2026;04;11;36;63.78;63.78;
2026;04;11;37;63.54;63.54;
2026;04;11;38;60.00;60.00;
2026;04;11;39;37.57;37.57;
2026;04;11;40;29.30;29.30;
2026;04;11;41;28.15;28.15;
2026;04;11;42;19.80;19.80;
2026;04;11;43;10.94;10.94;
2026;04;11;44;5.41;5.41;
2026;04;11;45;3.08;3.08;
2026;04;11;46;2.51;2.51;
2026;04;11;47;0.84;.84;
2026;04;11;48;0.84;.84;
2026;04;11;49;0.84;.84;
2026;04;11;50;0.20;.20;
2026;04;11;51;0.01;.00;
2026;04;11;52;1.00;.00;
2026;04;11;53;0.99;.00;
2026;04;11;54;0.01;.00;
2026;04;11;55;0.01;.00;
2026;04;11;56;0.00;.00;
2026;04;11;57;0.01;-.01;
2026;04;11;58;0.00;.00;
2026;04;11;59;0.00;-.34;
2026;04;11;60;-0.81;-.81;
2026;04;11;61;0.01;-.81;
2026;04;11;62;0.00;-.82;
2026;04;11;63;0.00;-.81;
2026;04;11;64;0.00;-.81;
2026;04;11;65;0.00;-.82;
2026;04;11;66;-0.75;-.82;
2026;04;11;67;0.00;-.81;
2026;04;11;68;0.00;.00;
2026;04;11;69;0.01;-3.00;
2026;04;11;70;0.15;.00;
2026;04;11;71;0.01;.00;
2026;04;11;72;0.61;.61;
2026;04;11;73;2.00;.84;
2026;04;11;74;3.08;3.08;
2026;04;11;75;3.08;3.08;
2026;04;11;76;20.33;5.41;
2026;04;11;77;14.25;14.25;
2026;04;11;78;27.01;27.01;
2026;04;11;79;31.65;31.65;
2026;04;11;80;34.70;34.70;
2026;04;11;81;28.87;28.87;
2026;04;11;82;39.09;39.09;
2026;04;11;83;43.17;43.17;
2026;04;11;84;44.03;44.03;
2026;04;11;85;44.27;44.27;
2026;04;11;86;45.53;45.53;
2026;04;11;87;44.25;44.25;
2026;04;11;88;41.99;41.99;
2026;04;11;89;43.30;43.30;
2026;04;11;90;39.38;39.38;
2026;04;11;91;43.79;43.79;
2026;04;11;92;40.00;40.00;
2026;04;11;93;40.00;40.00;
2026;04;11;94;31.60;31.60;
2026;04;11;95;41.93;41.93;
2026;04;11;96;28.27;28.27;
*
