MARGINALPIBC;
2025;07;15;1;115.42;115.42;
2025;07;15;2;113.16;113.16;
2025;07;15;3;112.59;112.59;
2025;07;15;4;109.60;109.60;
2025;07;15;5;116.84;116.84;
2025;07;15;6;114.48;114.48;
2025;07;15;7;109.48;109.48;
2025;07;15;8;108.85;108.85;
2025;07;15;9;108.72;108.72;
2025;07;15;10;107.41;107.41;
2025;07;15;11;107.41;107.41;
2025;07;15;12;107.41;107.41;
2025;07;15;13;107.22;107.22;
2025;07;15;14;108.33;108.33;
2025;07;15;15;108.97;108.97;
2025;07;15;16;108.37;108.37;
2025;07;15;17;104.42;104.42;
2025;07;15;18;105.04;105.04;
2025;07;15;19;105.43;105.43;
2025;07;15;20;105.43;105.43;
2025;07;15;21;104.78;104.78;
2025;07;15;22;107.23;107.23;
2025;07;15;23;108.76;108.76;
2025;07;15;24;110.51;110.51;
2025;07;15;25;108.77;108.77;
2025;07;15;26;112.15;112.15;
2025;07;15;27;113.16;113.16;
2025;07;15;28;115.42;115.42;
2025;07;15;29;119.36;119.36;
2025;07;15;30;122.49;122.49;
2025;07;15;31;119.36;119.36;
2025;07;15;32;118.81;118.81;
2025;07;15;33;126.23;126.23;
2025;07;15;34;119.60;119.60;
2025;07;15;35;104.40;104.40;
2025;07;15;36;89.56;89.56;
2025;07;15;37;105.96;105.96;
2025;07;15;38;91.01;91.01;
2025;07;15;39;72.97;72.97;
2025;07;15;40;67.97;67.97;
2025;07;15;41;55.50;55.50;
2025;07;15;42;46.49;46.49;
2025;07;15;43;36.39;36.39;
2025;07;15;44;31.50;31.50;
2025;07;15;45;55.85;55.85;
2025;07;15;46;54.87;54.87;
2025;07;15;47;52.63;52.63;
2025;07;15;48;49.94;49.94;
2025;07;15;49;63.13;63.13;
2025;07;15;50;63.13;63.13;
2025;07;15;51;65.00;65.00;
2025;07;15;52;65.00;65.00;
2025;07;15;53;65.00;65.00;
2025;07;15;54;67.00;67.00;
2025;07;15;55;65.00;65.00;
2025;07;15;56;65.00;65.00;
2025;07;15;57;53.80;53.80;
2025;07;15;58;53.80;53.80;
2025;07;15;59;55.00;55.00;
2025;07;15;60;53.56;53.56;
2025;07;15;61;44.44;44.44;
2025;07;15;62;43.41;43.41;
2025;07;15;63;41.95;41.95;
2025;07;15;64;40.27;40.27;
2025;07;15;65;32.90;32.90;
2025;07;15;66;34.45;34.45;
2025;07;15;67;34.95;34.95;
2025;07;15;68;38.95;38.95;
2025;07;15;69;49.01;49.01;
2025;07;15;70;49.33;49.33;
2025;07;15;71;53.00;53.00;
2025;07;15;72;56.99;56.99;
2025;07;15;73;50.08;50.08;
2025;07;15;74;50.09;50.09;
2025;07;15;75;59.27;59.27;
2025;07;15;76;84.43;84.43;
2025;07;15;77;65.10;65.10;
2025;07;15;78;70.11;70.11;
2025;07;15;79;94.10;94.10;
2025;07;15;80;114.56;114.56;
2025;07;15;81;89.56;89.56;
2025;07;15;82;108.00;108.00;
2025;07;15;83;127.92;127.92;
2025;07;15;84;135.87;135.87;
2025;07;15;85;124.77;124.77;
2025;07;15;86;130.44;130.44;
2025;07;15;87;130.87;130.87;
2025;07;15;88;130.44;130.44;
2025;07;15;89;134.90;134.90;
2025;07;15;90;133.12;133.12;
2025;07;15;91;129.58;129.58;
2025;07;15;92;122.71;122.71;
2025;07;15;93;120.39;120.39;
2025;07;15;94;117.31;117.31;
2025;07;15;95;112.92;112.92;
2025;07;15;96;110.23;110.23;
*
