MARGINALPIBC;
2026;04;12;1;9.45;9.45;
2026;04;12;2;10.07;10.07;
2026;04;12;3;7.11;7.11;
2026;04;12;4;5.40;5.40;
2026;04;12;5;7.73;7.73;
2026;04;12;6;3.90;3.90;
2026;04;12;7;6.52;6.52;
2026;04;12;8;2.83;2.83;
2026;04;12;9;8.00;8.00;
2026;04;12;10;4.26;4.26;
2026;04;12;11;5.00;5.00;
2026;04;12;12;7.53;7.53;
2026;04;12;13;10.00;10.00;
2026;04;12;14;8.63;8.63;
2026;04;12;15;8.05;8.05;
2026;04;12;16;6.70;6.70;
2026;04;12;17;7.31;7.31;
2026;04;12;18;11.32;11.32;
2026;04;12;19;6.49;6.49;
2026;04;12;20;10.65;10.65;
2026;04;12;21;11.59;11.59;
2026;04;12;22;10.57;10.57;
2026;04;12;23;9.85;9.85;
2026;04;12;24;8.53;8.53;
2026;04;12;25;6.43;6.43;
2026;04;12;26;4.56;4.56;
2026;04;12;27;7.68;7.68;
2026;04;12;28;3.90;3.90;
2026;04;12;29;7.20;7.20;
2026;04;12;30;3.20;3.20;
2026;04;12;31;5.00;5.00;
2026;04;12;32;7.50;7.50;
2026;04;12;33;9.81;9.81;
2026;04;12;34;12.63;12.63;
2026;04;12;35;11.37;11.37;
2026;04;12;36;7.28;7.28;
2026;04;12;37;15.88;15.88;
2026;04;12;38;9.31;9.31;
2026;04;12;39;5.00;5.00;
2026;04;12;40;4.10;4.10;
2026;04;12;41;5.41;5.41;
2026;04;12;42;3.08;3.08;
2026;04;12;43;2.00;2.00;
2026;04;12;44;0.73;.73;
2026;04;12;45;0.84;.84;
2026;04;12;46;0.61;.61;
2026;04;12;47;0.02;.01;
2026;04;12;48;0.50;.50;
2026;04;12;49;0.46;.46;
2026;04;12;50;0.02;.01;
2026;04;12;51;0.02;.00;
2026;04;12;52;0.02;.00;
2026;04;12;53;0.46;.46;
2026;04;12;54;0.02;.02;
2026;04;12;55;0.02;.01;
2026;04;12;56;0.00;.00;
2026;04;12;57;0.00;.00;
2026;04;12;58;0.00;.00;
2026;04;12;59;0.00;.00;
2026;04;12;60;0.00;.00;
2026;04;12;61;0.00;.00;
2026;04;12;62;-0.01;-.01;
2026;04;12;63;-0.31;-.31;
2026;04;12;64;-0.40;-.40;
2026;04;12;65;-0.56;-.56;
2026;04;12;66;-0.81;-.81;
2026;04;12;67;-0.81;-.81;
2026;04;12;68;-0.81;-.81;
2026;04;12;69;-0.81;-.81;
2026;04;12;70;-0.56;-.56;
2026;04;12;71;-0.41;-.41;
2026;04;12;72;-0.25;-.34;
2026;04;12;73;-0.01;-.01;
2026;04;12;74;0.00;-.01;
2026;04;12;75;0.00;-.10;
2026;04;12;76;0.50;.00;
2026;04;12;77;1.34;1.34;
2026;04;12;78;4.15;4.15;
2026;04;12;79;13.50;13.50;
2026;04;12;80;15.00;15.00;
2026;04;12;81;19.00;19.00;
2026;04;12;82;24.88;39.09;
2026;04;12;83;23.20;71.70;
2026;04;12;84;24.44;76.00;
2026;04;12;85;23.40;72.05;
2026;04;12;86;24.44;91.50;
2026;04;12;87;24.44;95.11;
2026;04;12;88;24.44;81.00;
2026;04;12;89;28.13;70.19;
2026;04;12;90;28.20;68.05;
2026;04;12;91;32.23;68.05;
2026;04;12;92;28.20;46.81;
2026;04;12;93;32.52;38.02;
2026;04;12;94;32.52;32.52;
2026;04;12;95;22.49;22.49;
2026;04;12;96;6.89;6.89;
*
