MARGINALPIBC;
2025;05;31;1;100.92;100.92;
2025;05;31;2;97.00;97.00;
2025;05;31;3;90.58;90.58;
2025;05;31;4;87.27;87.27;
2025;05;31;5;87.96;87.96;
2025;05;31;6;86.08;86.08;
2025;05;31;7;83.78;83.78;
2025;05;31;8;79.75;79.75;
2025;05;31;9;73.55;73.55;
2025;05;31;10;73.55;73.55;
2025;05;31;11;73.55;73.55;
2025;05;31;12;73.55;73.55;
2025;05;31;13;75.00;75.00;
2025;05;31;14;75.00;75.00;
2025;05;31;15;75.00;75.00;
2025;05;31;16;75.00;75.00;
2025;05;31;17;81.40;81.40;
2025;05;31;18;83.16;83.16;
2025;05;31;19;82.57;82.57;
2025;05;31;20;81.60;81.60;
2025;05;31;21;77.00;77.00;
2025;05;31;22;78.00;78.00;
2025;05;31;23;78.40;78.40;
2025;05;31;24;79.85;79.85;
2025;05;31;25;80.61;80.61;
2025;05;31;26;80.61;80.61;
2025;05;31;27;80.61;80.61;
2025;05;31;28;80.61;80.61;
2025;05;31;29;80.43;80.43;
2025;05;31;30;69.56;69.56;
2025;05;31;31;66.41;66.41;
2025;05;31;32;64.28;64.28;
2025;05;31;33;75.55;75.55;
2025;05;31;34;58.42;58.42;
2025;05;31;35;23.54;23.54;
2025;05;31;36;0.65;.65;
2025;05;31;37;82.99;21.21;
2025;05;31;38;55.88;10.05;
2025;05;31;39;25.01;-6.52;
2025;05;31;40;20.32;-18.16;
2025;05;31;41;52.14;7.59;
2025;05;31;42;20.33;.00;
2025;05;31;43;14.68;-.11;
2025;05;31;44;14.68;-7.91;
2025;05;31;45;21.56;.00;
2025;05;31;46;20.33;-.01;
2025;05;31;47;15.18;-1.00;
2025;05;31;48;11.43;-4.93;
2025;05;31;49;11.55;-.11;
2025;05;31;50;6.55;-3.00;
2025;05;31;51;6.55;-3.07;
2025;05;31;52;6.55;-5.17;
2025;05;31;53;10.99;-8.00;
2025;05;31;54;5.99;-7.64;
2025;05;31;55;5.99;-8.00;
2025;05;31;56;3.74;-8.00;
2025;05;31;57;4.31;-9.22;
2025;05;31;58;4.31;-7.80;
2025;05;31;59;4.06;-5.00;
2025;05;31;60;0.00;-3.00;
2025;05;31;61;4.31;-8.04;
2025;05;31;62;4.31;-3.00;
2025;05;31;63;4.06;-.11;
2025;05;31;64;2.06;.00;
2025;05;31;65;4.31;-13.37;
2025;05;31;66;4.06;-4.36;
2025;05;31;67;4.31;-.11;
2025;05;31;68;4.31;-.05;
2025;05;31;69;3.51;-15.70;
2025;05;31;70;5.76;-8.00;
2025;05;31;71;5.76;-3.62;
2025;05;31;72;10.76;.00;
2025;05;31;73;3.74;-8.00;
2025;05;31;74;5.99;-.11;
2025;05;31;75;10.99;3.52;
2025;05;31;76;55.88;5.53;
2025;05;31;77;10.01;-.20;
2025;05;31;78;26.03;25.12;
2025;05;31;79;56.78;56.78;
2025;05;31;80;76.66;76.66;
2025;05;31;81;31.00;31.00;
2025;05;31;82;59.00;59.00;
2025;05;31;83;72.85;72.85;
2025;05;31;84;82.99;82.99;
2025;05;31;85;64.31;64.31;
2025;05;31;86;73.01;73.01;
2025;05;31;87;75.88;75.88;
2025;05;31;88;75.88;75.88;
2025;05;31;89;74.54;74.54;
2025;05;31;90;75.88;75.88;
2025;05;31;91;75.94;75.94;
2025;05;31;92;74.44;74.44;
2025;05;31;93;71.59;71.59;
2025;05;31;94;70.99;70.99;
2025;05;31;95;66.50;66.50;
2025;05;31;96;63.45;63.45;
*
