MARGINALPIBC;
2026;06;07;1;105.97;105.97;
2026;06;07;2;106.89;106.89;
2026;06;07;3;105.72;105.72;
2026;06;07;4;105.89;105.89;
2026;06;07;5;105.12;105.12;
2026;06;07;6;103.66;103.66;
2026;06;07;7;102.88;102.88;
2026;06;07;8;101.99;101.99;
2026;06;07;9;102.53;102.53;
2026;06;07;10;102.53;102.53;
2026;06;07;11;102.49;102.49;
2026;06;07;12;101.23;101.23;
2026;06;07;13;102.49;102.49;
2026;06;07;14;103.88;103.88;
2026;06;07;15;104.19;104.19;
2026;06;07;16;104.19;104.19;
2026;06;07;17;105.12;105.12;
2026;06;07;18;104.98;104.98;
2026;06;07;19;104.10;104.10;
2026;06;07;20;104.43;104.43;
2026;06;07;21;103.66;103.66;
2026;06;07;22;104.92;104.92;
2026;06;07;23;104.92;104.92;
2026;06;07;24;104.98;104.98;
2026;06;07;25;103.13;103.13;
2026;06;07;26;103.98;103.98;
2026;06;07;27;103.88;103.88;
2026;06;07;28;103.98;103.98;
2026;06;07;29;104.04;104.04;
2026;06;07;30;104.29;104.29;
2026;06;07;31;94.98;94.98;
2026;06;07;32;58.00;58.00;
2026;06;07;33;52.07;52.07;
2026;06;07;34;24.13;24.13;
2026;06;07;35;5.99;-1.00;
2026;06;07;36;7.19;-4.40;
2026;06;07;37;7.19;-3.30;
2026;06;07;38;7.19;-8.01;
2026;06;07;39;7.19;-7.33;
2026;06;07;40;5.73;-5.82;
2026;06;07;41;5.17;-6.60;
2026;06;07;42;5.17;-9.00;
2026;06;07;43;4.19;-6.01;
2026;06;07;44;3.68;-5.73;
2026;06;07;45;5.17;-7.01;
2026;06;07;46;5.17;-6.10;
2026;06;07;47;3.68;-6.65;
2026;06;07;48;3.68;-6.40;
2026;06;07;49;3.73;-6.10;
2026;06;07;50;3.21;-7.10;
2026;06;07;51;3.16;-7.10;
2026;06;07;52;3.16;-7.10;
2026;06;07;53;2.40;-7.09;
2026;06;07;54;2.40;-6.80;
2026;06;07;55;2.00;-6.10;
2026;06;07;56;1.53;-7.00;
2026;06;07;57;0.15;-7.10;
2026;06;07;58;0.05;-7.10;
2026;06;07;59;0.00;-7.49;
2026;06;07;60;0.00;-7.49;
2026;06;07;61;0.00;-12.10;
2026;06;07;62;0.00;-13.31;
2026;06;07;63;0.00;-12.70;
2026;06;07;64;0.00;-12.09;
2026;06;07;65;0.00;-12.10;
2026;06;07;66;0.00;-10.01;
2026;06;07;67;0.00;-9.00;
2026;06;07;68;0.00;-4.10;
2026;06;07;69;0.00;-4.36;
2026;06;07;70;0.00;-2.02;
2026;06;07;71;0.00;-.09;
2026;06;07;72;0.00;-8.85;
2026;06;07;73;0.00;-12.22;
2026;06;07;74;0.02;.02;
2026;06;07;75;2.00;2.00;
2026;06;07;76;4.19;4.19;
2026;06;07;77;7.09;7.09;
2026;06;07;78;22.09;22.09;
2026;06;07;79;36.69;36.69;
2026;06;07;80;61.55;61.55;
2026;06;07;81;55.00;55.00;
2026;06;07;82;82.01;82.01;
2026;06;07;83;102.94;102.94;
2026;06;07;84;111.93;111.93;
2026;06;07;85;113.14;113.14;
2026;06;07;86;130.00;130.00;
2026;06;07;87;136.79;136.79;
2026;06;07;88;139.12;139.12;
2026;06;07;89;135.72;135.72;
2026;06;07;90;136.71;136.71;
2026;06;07;91;135.00;135.00;
2026;06;07;92;130.00;130.00;
2026;06;07;93;128.41;128.41;
2026;06;07;94;124.07;124.07;
2026;06;07;95;118.59;118.59;
2026;06;07;96;111.31;111.31;
*
