MARGINALPIBC;
2025;02;17;1;124.87;124.87;
2025;02;17;2;118.36;118.36;
2025;02;17;3;117.24;117.24;
2025;02;17;4;112.97;112.97;
2025;02;17;5;113.23;113.23;
2025;02;17;6;116.21;116.21;
2025;02;17;7;126.70;126.70;
2025;02;17;8;199.40;199.40;
2025;02;17;9;209.79;209.79;
2025;02;17;10;137.36;137.36;
2025;02;17;11;118.39;118.39;
2025;02;17;12;115.25;115.25;
2025;02;17;13;109.90;109.90;
2025;02;17;14;100.20;100.20;
2025;02;17;15;99.15;99.15;
2025;02;17;16;100.20;100.20;
2025;02;17;17;108.97;108.97;
2025;02;17;18;127.42;127.42;
2025;02;17;19;177.02;177.02;
2025;02;17;20;218.52;218.52;
2025;02;17;21;197.00;197.00;
2025;02;17;22;150.62;150.62;
2025;02;17;23;140.00;140.00;
2025;02;17;24;127.60;127.60;
*
