MARGINALPIBC;
2025;03;12;1;89.99;89.99;
2025;03;12;2;79.90;79.90;
2025;03;12;3;70.00;70.00;
2025;03;12;4;71.68;71.68;
2025;03;12;5;71.14;71.14;
2025;03;12;6;70.01;70.01;
2025;03;12;7;80.36;80.36;
2025;03;12;8;103.08;103.08;
2025;03;12;9;104.44;104.44;
2025;03;12;10;88.99;88.99;
2025;03;12;11;74.60;74.60;
2025;03;12;12;71.58;71.58;
2025;03;12;13;70.29;70.29;
2025;03;12;14;70.00;70.00;
2025;03;12;15;68.00;68.00;
2025;03;12;16;70.58;70.58;
2025;03;12;17;72.11;72.11;
2025;03;12;18;104.00;104.00;
2025;03;12;19;130.41;130.41;
2025;03;12;20;176.70;176.70;
2025;03;12;21;146.36;146.36;
2025;03;12;22;132.20;132.20;
2025;03;12;23;120.00;120.00;
2025;03;12;24;104.91;105.74;
*
