MARGINALPIBC;
2025;02;21;1;73.04;73.04;
2025;02;21;2;69.99;69.99;
2025;02;21;3;66.23;66.23;
2025;02;21;4;54.48;54.48;
2025;02;21;5;40.70;40.70;
2025;02;21;6;38.71;38.71;
2025;02;21;7;62.39;62.39;
2025;02;21;8;69.96;69.96;
2025;02;21;9;72.88;72.88;
2025;02;21;10;69.90;69.90;
2025;02;21;11;48.96;48.96;
2025;02;21;12;14.00;14.00;
2025;02;21;13;3.52;3.52;
2025;02;21;14;0.42;.42;
2025;02;21;15;0.42;.42;
2025;02;21;16;3.52;3.52;
2025;02;21;17;5.00;5.00;
2025;02;21;18;47.20;47.20;
2025;02;21;19;69.90;69.90;
2025;02;21;20;95.83;95.83;
2025;02;21;21;85.50;85.50;
2025;02;21;22;72.94;72.94;
2025;02;21;23;69.96;69.96;
2025;02;21;24;70.07;70.07;
*
