MARGINALPIBC;
2025;08;02;1;94.48;94.48;
2025;08;02;2;92.37;92.37;
2025;08;02;3;87.70;87.70;
2025;08;02;4;76.65;76.65;
2025;08;02;5;77.08;77.08;
2025;08;02;6;76.58;76.58;
2025;08;02;7;67.09;67.09;
2025;08;02;8;57.15;57.15;
2025;08;02;9;64.77;64.77;
2025;08;02;10;59.24;59.24;
2025;08;02;11;55.28;55.28;
2025;08;02;12;50.00;50.00;
2025;08;02;13;49.56;49.56;
2025;08;02;14;49.56;49.56;
2025;08;02;15;46.56;46.56;
2025;08;02;16;40.56;40.56;
2025;08;02;17;43.33;43.33;
2025;08;02;18;41.80;41.80;
2025;08;02;19;38.65;38.65;
2025;08;02;20;40.33;40.33;
2025;08;02;21;39.67;39.67;
2025;08;02;22;41.82;41.82;
2025;08;02;23;44.19;44.19;
2025;08;02;24;44.29;44.29;
2025;08;02;25;49.08;49.08;
2025;08;02;26;51.08;51.08;
2025;08;02;27;51.08;51.08;
2025;08;02;28;51.08;51.08;
2025;08;02;29;50.01;50.01;
2025;08;02;30;50.01;50.01;
2025;08;02;31;49.81;49.81;
2025;08;02;32;49.81;49.81;
2025;08;02;33;72.33;72.33;
2025;08;02;34;50.33;50.33;
2025;08;02;35;27.33;27.33;
2025;08;02;36;0.65;.65;
2025;08;02;37;5.11;5.11;
2025;08;02;38;3.52;3.52;
2025;08;02;39;0.00;-7.00;
2025;08;02;40;0.00;-18.45;
2025;08;02;41;1.72;1.72;
2025;08;02;42;1.06;1.06;
2025;08;02;43;0.00;.00;
2025;08;02;44;0.00;-1.01;
2025;08;02;45;4.31;.00;
2025;08;02;46;2.50;.00;
2025;08;02;47;2.50;-.38;
2025;08;02;48;2.50;-5.00;
2025;08;02;49;0.00;.00;
2025;08;02;50;0.00;-.20;
2025;08;02;51;0.00;-2.01;
2025;08;02;52;0.00;-5.42;
2025;08;02;53;2.50;-4.03;
2025;08;02;54;2.50;-2.51;
2025;08;02;55;2.50;-3.02;
2025;08;02;56;3.00;-7.19;
2025;08;02;57;2.50;-8.01;
2025;08;02;58;2.50;-8.00;
2025;08;02;59;2.50;-8.00;
2025;08;02;60;2.50;-8.00;
2025;08;02;61;0.00;-6.56;
2025;08;02;62;0.00;-4.24;
2025;08;02;63;0.00;-5.00;
2025;08;02;64;2.50;-5.00;
2025;08;02;65;2.50;-8.00;
2025;08;02;66;2.50;-7.97;
2025;08;02;67;2.50;-5.21;
2025;08;02;68;4.31;-3.62;
2025;08;02;69;0.00;-3.38;
2025;08;02;70;0.00;.00;
2025;08;02;71;0.65;.65;
2025;08;02;72;0.72;.72;
2025;08;02;73;0.00;-7.00;
2025;08;02;74;4.31;-6.48;
2025;08;02;75;24.11;3.52;
2025;08;02;76;82.22;5.11;
2025;08;02;77;0.00;-9.80;
2025;08;02;78;5.00;-4.80;
2025;08;02;79;16.72;16.72;
2025;08;02;80;82.22;82.22;
2025;08;02;81;30.00;30.00;
2025;08;02;82;69.53;69.53;
2025;08;02;83;91.38;91.38;
2025;08;02;84;93.79;93.79;
2025;08;02;85;90.36;90.36;
2025;08;02;86;92.99;92.99;
2025;08;02;87;95.00;95.00;
2025;08;02;88;94.64;94.64;
2025;08;02;89;94.64;94.64;
2025;08;02;90;92.08;92.08;
2025;08;02;91;92.08;92.08;
2025;08;02;92;91.66;91.66;
2025;08;02;93;87.50;87.50;
2025;08;02;94;81.53;81.53;
2025;08;02;95;74.39;74.39;
2025;08;02;96;48.88;48.88;
*
