MARGINALPIBC;
2025;05;02;1;18.04;12.10;
2025;05;02;2;8.90;8.04;
2025;05;02;3;6.20;6.20;
2025;05;02;4;5.40;5.40;
2025;05;02;5;5.11;5.11;
2025;05;02;6;5.10;5.10;
2025;05;02;7;5.10;5.10;
2025;05;02;8;3.60;3.60;
2025;05;02;9;2.79;2.79;
2025;05;02;10;2.79;2.79;
2025;05;02;11;2.79;2.79;
2025;05;02;12;2.79;2.79;
2025;05;02;13;2.49;2.49;
2025;05;02;14;2.49;2.49;
2025;05;02;15;2.49;2.49;
2025;05;02;16;2.49;2.49;
2025;05;02;17;2.49;2.49;
2025;05;02;18;2.49;2.49;
2025;05;02;19;2.49;2.49;
2025;05;02;20;2.49;2.49;
2025;05;02;21;2.16;2.16;
2025;05;02;22;3.16;3.16;
2025;05;02;23;3.16;3.16;
2025;05;02;24;3.16;3.16;
2025;05;02;25;4.76;4.76;
2025;05;02;26;5.40;5.40;
2025;05;02;27;5.47;5.47;
2025;05;02;28;7.76;7.76;
2025;05;02;29;4.00;4.00;
2025;05;02;30;5.40;5.40;
2025;05;02;31;7.46;7.46;
2025;05;02;32;7.46;7.46;
2025;05;02;33;13.99;13.99;
2025;05;02;34;11.50;11.50;
2025;05;02;35;9.00;9.00;
2025;05;02;36;6.00;6.00;
2025;05;02;37;12.41;12.41;
2025;05;02;38;9.95;8.54;
2025;05;02;39;9.95;2.41;
2025;05;02;40;9.95;-2.00;
2025;05;02;41;10.95;.85;
2025;05;02;42;10.95;.85;
2025;05;02;43;9.10;-7.00;
2025;05;02;44;9.10;-10.00;
2025;05;02;45;12.00;-.01;
2025;05;02;46;9.10;-.01;
2025;05;02;47;7.00;-8.00;
2025;05;02;48;6.20;-10.00;
2025;05;02;49;5.79;-3.62;
2025;05;02;50;5.79;-5.99;
2025;05;02;51;5.79;-7.00;
2025;05;02;52;5.79;-7.00;
2025;05;02;53;9.31;-2.50;
2025;05;02;54;5.31;-3.62;
2025;05;02;55;4.31;-7.00;
2025;05;02;56;4.31;-8.00;
2025;05;02;57;4.31;-8.00;
2025;05;02;58;4.31;-7.00;
2025;05;02;59;4.31;-6.50;
2025;05;02;60;4.31;-4.00;
2025;05;02;61;4.31;-12.00;
2025;05;02;62;4.31;-9.00;
2025;05;02;63;4.31;-8.62;
2025;05;02;64;4.17;-8.62;
2025;05;02;65;3.17;-19.80;
2025;05;02;66;3.17;-12.00;
2025;05;02;67;3.17;-8.00;
2025;05;02;68;3.17;-7.00;
2025;05;02;69;4.30;-8.62;
2025;05;02;70;4.30;-7.00;
2025;05;02;71;4.30;-7.00;
2025;05;02;72;4.31;-4.50;
2025;05;02;73;5.78;-8.62;
2025;05;02;74;5.79;-7.99;
2025;05;02;75;7.79;-3.62;
2025;05;02;76;36.79;.00;
2025;05;02;77;6.20;-7.96;
2025;05;02;78;9.10;-.46;
2025;05;02;79;13.04;13.04;
2025;05;02;80;18.75;18.75;
2025;05;02;81;10.01;10.01;
2025;05;02;82;23.01;23.01;
2025;05;02;83;35.01;35.01;
2025;05;02;84;50.01;50.01;
2025;05;02;85;58.62;60.05;
2025;05;02;86;63.22;66.96;
2025;05;02;87;63.22;67.05;
2025;05;02;88;55.05;55.05;
2025;05;02;89;51.90;51.90;
2025;05;02;90;46.37;46.37;
2025;05;02;91;49.55;49.55;
2025;05;02;92;42.00;42.00;
2025;05;02;93;40.90;41.05;
2025;05;02;94;38.55;38.55;
2025;05;02;95;36.05;36.05;
2025;05;02;96;26.90;26.90;
*
