MARGINALPIBC;
2025;04;14;1;47.74;47.74;
2025;04;14;2;39.23;39.23;
2025;04;14;3;34.53;34.53;
2025;04;14;4;24.72;24.72;
2025;04;14;5;35.21;35.21;
2025;04;14;6;28.59;28.59;
2025;04;14;7;33.44;33.44;
2025;04;14;8;23.40;23.40;
2025;04;14;9;36.46;36.46;
2025;04;14;10;35.74;35.74;
2025;04;14;11;35.74;35.74;
2025;04;14;12;21.84;21.84;
2025;04;14;13;32.00;32.00;
2025;04;14;14;25.90;25.90;
2025;04;14;15;25.01;25.01;
2025;04;14;16;15.00;15.00;
2025;04;14;17;21.31;21.31;
2025;04;14;18;21.63;21.63;
2025;04;14;19;21.63;21.63;
2025;04;14;20;20.51;20.51;
2025;04;14;21;20.01;20.01;
2025;04;14;22;27.50;27.50;
2025;04;14;23;29.91;29.91;
2025;04;14;24;34.01;34.01;
2025;04;14;25;21.23;21.23;
2025;04;14;26;32.50;32.50;
2025;04;14;27;30.25;30.25;
2025;04;14;28;32.50;32.50;
2025;04;14;29;26.66;54.19;
2025;04;14;30;63.19;68.12;
2025;04;14;31;63.19;68.19;
2025;04;14;32;68.14;68.19;
2025;04;14;33;26.66;84.94;
2025;04;14;34;59.94;77.94;
2025;04;14;35;72.22;72.22;
2025;04;14;36;58.95;58.95;
2025;04;14;37;55.94;55.94;
2025;04;14;38;37.65;37.65;
2025;04;14;39;30.48;30.48;
2025;04;14;40;15.00;15.00;
2025;04;14;41;35.55;35.55;
2025;04;14;42;23.53;23.53;
2025;04;14;43;15.27;15.27;
2025;04;14;44;6.50;6.50;
2025;04;14;45;12.40;12.40;
2025;04;14;46;7.40;7.40;
2025;04;14;47;5.55;5.55;
2025;04;14;48;2.40;2.40;
2025;04;14;49;3.52;3.52;
2025;04;14;50;3.52;3.52;
2025;04;14;51;2.22;2.22;
2025;04;14;52;0.52;.52;
2025;04;14;53;0.80;.80;
2025;04;14;54;0.65;.65;
2025;04;14;55;0.65;.65;
2025;04;14;56;0.32;.32;
2025;04;14;57;0.00;.00;
2025;04;14;58;0.00;.00;
2025;04;14;59;0.00;.00;
2025;04;14;60;0.00;.00;
2025;04;14;61;0.00;.00;
2025;04;14;62;0.00;.00;
2025;04;14;63;0.00;.00;
2025;04;14;64;0.00;.00;
2025;04;14;65;-0.20;-.20;
2025;04;14;66;0.00;.00;
2025;04;14;67;-0.01;-.01;
2025;04;14;68;0.00;.00;
2025;04;14;69;-0.10;-.10;
2025;04;14;70;0.00;.00;
2025;04;14;71;0.00;.00;
2025;04;14;72;0.00;.00;
2025;04;14;73;0.00;.00;
2025;04;14;74;0.65;.65;
2025;04;14;75;1.50;1.50;
2025;04;14;76;3.52;3.52;
2025;04;14;77;0.00;.00;
2025;04;14;78;2.22;2.22;
2025;04;14;79;5.19;5.19;
2025;04;14;80;33.33;33.33;
2025;04;14;81;15.75;15.75;
2025;04;14;82;17.30;17.30;
2025;04;14;83;33.00;33.00;
2025;04;14;84;35.00;35.00;
2025;04;14;85;33.00;33.00;
2025;04;14;86;32.00;32.00;
2025;04;14;87;31.84;31.84;
2025;04;14;88;18.74;18.74;
2025;04;14;89;19.76;19.76;
2025;04;14;90;19.70;19.70;
2025;04;14;91;19.86;19.86;
2025;04;14;92;19.75;19.75;
2025;04;14;93;19.27;19.27;
2025;04;14;94;13.15;13.15;
2025;04;14;95;14.00;14.00;
2025;04;14;96;11.75;11.75;
*
