MARGINALPIBC;
2026;04;14;1;80.80;80.80;
2026;04;14;2;70.36;70.36;
2026;04;14;3;68.05;68.05;
2026;04;14;4;67.90;67.90;
2026;04;14;5;68.50;68.50;
2026;04;14;6;67.90;67.90;
2026;04;14;7;64.36;64.36;
2026;04;14;8;60.30;60.30;
2026;04;14;9;69.00;69.00;
2026;04;14;10;65.20;65.20;
2026;04;14;11;64.90;64.90;
2026;04;14;12;55.00;55.00;
2026;04;14;13;64.90;64.90;
2026;04;14;14;60.00;60.00;
2026;04;14;15;66.22;66.22;
2026;04;14;16;65.70;65.70;
2026;04;14;17;66.52;66.52;
2026;04;14;18;65.00;65.00;
2026;04;14;19;67.90;67.90;
2026;04;14;20;60.00;60.00;
2026;04;14;21;60.00;60.00;
2026;04;14;22;60.30;60.30;
2026;04;14;23;61.02;61.02;
2026;04;14;24;61.74;61.74;
2026;04;14;25;65.00;65.00;
2026;04;14;26;67.50;67.50;
2026;04;14;27;78.11;78.11;
2026;04;14;28;78.80;78.80;
2026;04;14;29;81.46;81.46;
2026;04;14;30;87.00;87.00;
2026;04;14;31;95.71;95.71;
2026;04;14;32;95.47;95.47;
2026;04;14;33;100.07;100.07;
2026;04;14;34;88.57;88.57;
2026;04;14;35;78.01;78.01;
2026;04;14;36;68.35;68.35;
2026;04;14;37;68.35;68.35;
2026;04;14;38;29.15;29.15;
2026;04;14;39;8.20;8.20;
2026;04;14;40;12.57;3.08;
2026;04;14;41;4.90;2.05;
2026;04;14;42;3.90;.84;
2026;04;14;43;3.90;.84;
2026;04;14;44;2.00;.01;
2026;04;14;45;3.90;.00;
2026;04;14;46;3.90;.00;
2026;04;14;47;3.90;.00;
2026;04;14;48;3.90;.00;
2026;04;14;49;3.90;.00;
2026;04;14;50;3.90;.00;
2026;04;14;51;3.90;-.01;
2026;04;14;52;3.90;.00;
2026;04;14;53;3.90;-.01;
2026;04;14;54;3.90;-.01;
2026;04;14;55;3.90;-.01;
2026;04;14;56;3.90;-.01;
2026;04;14;57;2.00;.00;
2026;04;14;58;2.00;.00;
2026;04;14;59;2.00;.00;
2026;04;14;60;2.00;.00;
2026;04;14;61;3.90;.00;
2026;04;14;62;3.90;.00;
2026;04;14;63;3.90;.00;
2026;04;14;64;3.90;.00;
2026;04;14;65;3.90;.00;
2026;04;14;66;3.90;.00;
2026;04;14;67;3.90;.00;
2026;04;14;68;3.90;.00;
2026;04;14;69;2.00;.00;
2026;04;14;70;2.00;.84;
2026;04;14;71;2.00;.84;
2026;04;14;72;3.90;.84;
2026;04;14;73;2.00;2.00;
2026;04;14;74;3.08;3.08;
2026;04;14;75;5.41;5.41;
2026;04;14;76;14.00;14.00;
2026;04;14;77;34.65;34.65;
2026;04;14;78;52.23;52.23;
2026;04;14;79;74.64;74.64;
2026;04;14;80;95.60;95.60;
2026;04;14;81;95.60;95.60;
2026;04;14;82;99.39;99.39;
2026;04;14;83;103.20;103.20;
2026;04;14;84;55.00;109.85;
2026;04;14;85;55.00;114.01;
2026;04;14;86;55.00;115.13;
2026;04;14;87;55.00;112.63;
2026;04;14;88;104.74;104.74;
2026;04;14;89;99.01;100.01;
2026;04;14;90;97.01;97.01;
2026;04;14;91;96.00;98.62;
2026;04;14;92;94.30;94.30;
2026;04;14;93;93.70;93.70;
2026;04;14;94;89.83;89.83;
2026;04;14;95;84.26;84.26;
2026;04;14;96;82.71;82.71;
*
