MARGINALPIBC;
2026;02;02;1;-9.47;2.40;
2026;02;02;2;-9.47;.20;
2026;02;02;3;-9.47;.37;
2026;02;02;4;-9.47;.00;
2026;02;02;5;-9.47;.00;
2026;02;02;6;-9.47;.00;
2026;02;02;7;-9.47;.00;
2026;02;02;8;-9.47;-.01;
2026;02;02;9;-9.47;.00;
2026;02;02;10;-9.47;-.30;
2026;02;02;11;-9.47;-.30;
2026;02;02;12;-9.47;-.30;
2026;02;02;13;-9.47;-.30;
2026;02;02;14;-9.47;-.50;
2026;02;02;15;-9.47;-1.00;
2026;02;02;16;-9.47;-4.99;
2026;02;02;17;-9.47;-4.24;
2026;02;02;18;-9.47;-4.39;
2026;02;02;19;-9.47;-5.00;
2026;02;02;20;-9.47;-2.50;
2026;02;02;21;-9.47;-2.99;
2026;02;02;22;-9.47;-1.00;
2026;02;02;23;-9.47;-.50;
2026;02;02;24;-9.47;-.30;
2026;02;02;25;-9.47;.00;
2026;02;02;26;-9.47;.10;
2026;02;02;27;-9.47;-.40;
2026;02;02;28;-9.47;-.04;
2026;02;02;29;-9.47;10.00;
2026;02;02;30;-9.47;24.68;
2026;02;02;31;-9.47;40.00;
2026;02;02;32;-9.47;53.01;
2026;02;02;33;-9.47;57.19;
2026;02;02;34;-9.47;64.61;
2026;02;02;35;-9.47;66.80;
2026;02;02;36;-9.47;64.60;
2026;02;02;37;-9.47;64.02;
2026;02;02;38;-9.47;50.58;
2026;02;02;39;-9.47;29.55;
2026;02;02;40;-9.47;25.37;
2026;02;02;41;-9.47;20.54;
2026;02;02;42;-9.47;13.00;
2026;02;02;43;-9.47;2.81;
2026;02;02;44;-9.47;.00;
2026;02;02;45;-9.47;.00;
2026;02;02;46;-9.47;1.79;
2026;02;02;47;-9.47;2.17;
2026;02;02;48;-9.47;.00;
2026;02;02;49;-9.47;.00;
2026;02;02;50;-9.47;.00;
2026;02;02;51;-9.47;.00;
2026;02;02;52;-9.47;.00;
2026;02;02;53;-9.47;.00;
2026;02;02;54;-9.47;.00;
2026;02;02;55;-9.47;.00;
2026;02;02;56;-9.47;.00;
2026;02;02;57;-9.47;.00;
2026;02;02;58;-9.47;.00;
2026;02;02;59;-4.99;.00;
2026;02;02;60;-4.58;.00;
2026;02;02;61;-4.58;.00;
2026;02;02;62;0.00;.00;
2026;02;02;63;0.00;.00;
2026;02;02;64;0.00;.00;
2026;02;02;65;-4.58;-.30;
2026;02;02;66;-4.58;.00;
2026;02;02;67;-4.58;.00;
2026;02;02;68;-4.58;.00;
2026;02;02;69;-9.47;1.98;
2026;02;02;70;-9.47;1.50;
2026;02;02;71;-9.47;-.40;
2026;02;02;72;-9.47;6.45;
2026;02;02;73;-9.47;3.34;
2026;02;02;74;-9.47;5.00;
2026;02;02;75;-4.58;19.01;
2026;02;02;76;-4.58;35.02;
2026;02;02;77;-3.04;41.00;
2026;02;02;78;0.00;53.70;
2026;02;02;79;0.00;53.00;
2026;02;02;80;0.00;54.59;
2026;02;02;81;0.00;57.19;
2026;02;02;82;0.00;60.49;
2026;02;02;83;0.00;60.49;
2026;02;02;84;0.00;57.19;
2026;02;02;85;0.00;58.89;
2026;02;02;86;0.00;58.39;
2026;02;02;87;0.00;52.60;
2026;02;02;88;0.00;40.02;
2026;02;02;89;0.00;35.01;
2026;02;02;90;0.00;16.51;
2026;02;02;91;0.00;8.54;
2026;02;02;92;0.00;9.46;
2026;02;02;93;-4.58;4.10;
2026;02;02;94;0.00;2.58;
2026;02;02;95;-4.58;-.30;
2026;02;02;96;-9.47;-.40;
*
