MARGINALPIBC;
2025;07;05;1;131.74;131.74;
2025;07;05;2;131.56;131.56;
2025;07;05;3;127.17;127.17;
2025;07;05;4;124.56;124.56;
2025;07;05;5;118.80;118.80;
2025;07;05;6;118.30;118.30;
2025;07;05;7;113.80;113.80;
2025;07;05;8;110.00;110.00;
2025;07;05;9;110.00;110.00;
2025;07;05;10;107.00;107.00;
2025;07;05;11;104.50;104.50;
2025;07;05;12;102.67;102.67;
2025;07;05;13;106.52;106.52;
2025;07;05;14;105.02;105.02;
2025;07;05;15;104.02;104.02;
2025;07;05;16;102.33;102.33;
2025;07;05;17;105.00;105.00;
2025;07;05;18;104.00;104.00;
2025;07;05;19;103.43;103.43;
2025;07;05;20;102.31;102.31;
2025;07;05;21;102.00;102.00;
2025;07;05;22;101.69;101.69;
2025;07;05;23;101.69;101.69;
2025;07;05;24;101.69;101.69;
2025;07;05;25;106.42;106.42;
2025;07;05;26;106.91;106.91;
2025;07;05;27;107.42;107.42;
2025;07;05;28;108.42;108.42;
2025;07;05;29;109.62;109.62;
2025;07;05;30;106.93;106.93;
2025;07;05;31;101.40;101.40;
2025;07;05;32;90.52;90.52;
2025;07;05;33;100.00;100.00;
2025;07;05;34;90.52;90.52;
2025;07;05;35;65.31;65.31;
2025;07;05;36;26.74;26.74;
2025;07;05;37;75.80;75.80;
2025;07;05;38;46.71;46.71;
2025;07;05;39;20.52;20.52;
2025;07;05;40;9.24;9.24;
2025;07;05;41;20.00;20.00;
2025;07;05;42;7.75;7.75;
2025;07;05;43;5.76;5.76;
2025;07;05;44;5.76;5.76;
2025;07;05;45;8.42;8.42;
2025;07;05;46;3.52;3.52;
2025;07;05;47;3.52;3.52;
2025;07;05;48;3.52;3.52;
2025;07;05;49;6.31;6.31;
2025;07;05;50;6.31;6.31;
2025;07;05;51;6.31;6.31;
2025;07;05;52;6.31;6.31;
2025;07;05;53;7.50;7.50;
2025;07;05;54;10.00;10.00;
2025;07;05;55;10.62;10.62;
2025;07;05;56;10.62;10.62;
2025;07;05;57;10.00;10.00;
2025;07;05;58;10.00;10.00;
2025;07;05;59;10.00;10.00;
2025;07;05;60;10.00;10.00;
2025;07;05;61;10.00;10.00;
2025;07;05;62;10.00;10.00;
2025;07;05;63;10.00;10.00;
2025;07;05;64;10.00;10.00;
2025;07;05;65;5.00;5.00;
2025;07;05;66;5.76;5.76;
2025;07;05;67;10.00;10.00;
2025;07;05;68;20.00;20.00;
2025;07;05;69;25.44;25.44;
2025;07;05;70;30.44;30.44;
2025;07;05;71;37.71;37.71;
2025;07;05;72;50.31;50.31;
2025;07;05;73;10.11;10.11;
2025;07;05;74;21.25;21.25;
2025;07;05;75;49.76;49.76;
2025;07;05;76;79.02;79.02;
2025;07;05;77;30.00;30.00;
2025;07;05;78;68.00;68.00;
2025;07;05;79;95.33;95.33;
2025;07;05;80;104.65;104.65;
2025;07;05;81;72.26;72.26;
2025;07;05;82;97.80;97.80;
2025;07;05;83;112.80;112.80;
2025;07;05;84;122.79;122.79;
2025;07;05;85;122.33;122.33;
2025;07;05;86;126.64;126.64;
2025;07;05;87;129.14;129.14;
2025;07;05;88;129.35;129.35;
2025;07;05;89;133.00;133.00;
2025;07;05;90;131.77;131.77;
2025;07;05;91;129.00;129.00;
2025;07;05;92;122.83;122.83;
2025;07;05;93;122.82;122.82;
2025;07;05;94;119.50;119.50;
2025;07;05;95;115.00;115.00;
2025;07;05;96;111.02;111.02;
*
