MARGINALPIBC;
2026;06;01;1;108.60;108.60;
2026;06;01;2;105.60;105.60;
2026;06;01;3;97.66;97.66;
2026;06;01;4;96.27;96.27;
2026;06;01;5;97.66;97.66;
2026;06;01;6;96.22;96.22;
2026;06;01;7;96.08;96.08;
2026;06;01;8;97.97;97.97;
2026;06;01;9;97.13;97.13;
2026;06;01;10;97.14;97.14;
2026;06;01;11;97.14;97.14;
2026;06;01;12;97.14;97.14;
2026;06;01;13;97.14;97.14;
2026;06;01;14;98.08;98.08;
2026;06;01;15;99.66;99.66;
2026;06;01;16;100.96;100.96;
2026;06;01;17;99.66;99.66;
2026;06;01;18;100.30;100.30;
2026;06;01;19;101.38;101.38;
2026;06;01;20;103.92;103.92;
2026;06;01;21;105.30;105.30;
2026;06;01;22;105.30;105.30;
2026;06;01;23;105.50;105.50;
2026;06;01;24;110.00;110.00;
2026;06;01;25;111.30;111.30;
2026;06;01;26;111.97;111.97;
2026;06;01;27;108.97;108.97;
2026;06;01;28;110.44;110.44;
2026;06;01;29;119.61;119.61;
2026;06;01;30;120.33;120.33;
2026;06;01;31;116.32;116.32;
2026;06;01;32;110.06;110.06;
2026;06;01;33;122.88;122.88;
2026;06;01;34;107.62;107.62;
2026;06;01;35;99.17;99.17;
2026;06;01;36;77.00;77.00;
2026;06;01;37;72.95;72.95;
2026;06;01;38;44.90;44.90;
2026;06;01;39;30.01;30.01;
2026;06;01;40;18.70;18.70;
2026;06;01;41;27.01;27.01;
2026;06;01;42;25.01;25.01;
2026;06;01;43;19.59;19.59;
2026;06;01;44;20.67;20.67;
2026;06;01;45;31.00;31.00;
2026;06;01;46;27.83;27.83;
2026;06;01;47;29.00;29.00;
2026;06;01;48;29.01;29.01;
2026;06;01;49;39.00;39.00;
2026;06;01;50;41.83;41.83;
2026;06;01;51;40.00;40.00;
2026;06;01;52;28.01;28.01;
2026;06;01;53;25.59;25.59;
2026;06;01;54;24.11;24.11;
2026;06;01;55;12.50;12.50;
2026;06;01;56;14.50;14.50;
2026;06;01;57;12.66;12.66;
2026;06;01;58;9.85;9.85;
2026;06;01;59;12.45;12.45;
2026;06;01;60;11.32;11.32;
2026;06;01;61;6.75;6.75;
2026;06;01;62;10.02;10.02;
2026;06;01;63;6.21;6.21;
2026;06;01;64;7.30;7.30;
2026;06;01;65;7.54;7.54;
2026;06;01;66;7.92;7.92;
2026;06;01;67;9.01;9.01;
2026;06;01;68;9.01;9.01;
2026;06;01;69;12.60;12.60;
2026;06;01;70;24.51;24.51;
2026;06;01;71;33.29;33.29;
2026;06;01;72;37.43;37.43;
2026;06;01;73;38.69;38.69;
2026;06;01;74;55.00;55.00;
2026;06;01;75;60.00;60.00;
2026;06;01;76;66.70;66.70;
2026;06;01;77;55.00;55.00;
2026;06;01;78;85.18;85.18;
2026;06;01;79;92.97;92.97;
2026;06;01;80;110.00;110.00;
2026;06;01;81;100.44;100.44;
2026;06;01;82;108.77;108.77;
2026;06;01;83;119.70;119.70;
2026;06;01;84;129.13;129.13;
2026;06;01;85;130.01;130.01;
2026;06;01;86;135.00;135.00;
2026;06;01;87;138.61;138.61;
2026;06;01;88;132.50;132.50;
2026;06;01;89;142.44;142.44;
2026;06;01;90;132.20;132.20;
2026;06;01;91;134.22;134.22;
2026;06;01;92;125.90;125.90;
2026;06;01;93;120.90;120.90;
2026;06;01;94;118.50;118.50;
2026;06;01;95;124.10;124.10;
2026;06;01;96;114.00;114.00;
*
