MARGINALPIBC;
2025;12;04;1;71.51;71.51;
2025;12;04;2;65.65;65.65;
2025;12;04;3;57.96;57.96;
2025;12;04;4;52.84;52.84;
2025;12;04;5;67.63;67.63;
2025;12;04;6;57.37;57.37;
2025;12;04;7;55.70;55.70;
2025;12;04;8;60.21;60.21;
2025;12;04;9;60.39;60.39;
2025;12;04;10;57.34;57.34;
2025;12;04;11;66.60;66.60;
2025;12;04;12;55.76;55.76;
2025;12;04;13;55.33;55.33;
2025;12;04;14;48.01;48.01;
2025;12;04;15;43.30;43.30;
2025;12;04;16;36.50;36.50;
2025;12;04;17;35.89;35.89;
2025;12;04;18;32.89;32.89;
2025;12;04;19;35.86;35.86;
2025;12;04;20;38.16;38.16;
2025;12;04;21;45.00;45.00;
2025;12;04;22;45.00;45.00;
2025;12;04;23;56.00;56.00;
2025;12;04;24;61.72;61.72;
2025;12;04;25;54.90;54.90;
2025;12;04;26;51.81;51.81;
2025;12;04;27;61.55;61.55;
2025;12;04;28;69.80;69.80;
2025;12;04;29;70.30;70.30;
2025;12;04;30;74.42;74.42;
2025;12;04;31;75.99;75.99;
2025;12;04;32;77.50;77.50;
2025;12;04;33;78.31;78.31;
2025;12;04;34;80.54;80.54;
2025;12;04;35;79.00;79.00;
2025;12;04;36;78.20;78.20;
2025;12;04;37;79.00;79.00;
2025;12;04;38;77.85;77.85;
2025;12;04;39;76.82;76.82;
2025;12;04;40;74.77;74.77;
2025;12;04;41;71.95;71.95;
2025;12;04;42;70.00;70.00;
2025;12;04;43;78.33;78.33;
2025;12;04;44;74.51;74.51;
2025;12;04;45;60.20;60.20;
2025;12;04;46;56.69;56.69;
2025;12;04;47;51.91;51.91;
2025;12;04;48;52.37;52.37;
2025;12;04;49;55.48;55.48;
2025;12;04;50;51.49;51.49;
2025;12;04;51;48.72;48.72;
2025;12;04;52;47.83;47.83;
2025;12;04;53;47.20;47.20;
2025;12;04;54;47.00;47.00;
2025;12;04;55;44.95;44.95;
2025;12;04;56;41.20;41.20;
2025;12;04;57;41.20;41.20;
2025;12;04;58;45.00;45.00;
2025;12;04;59;47.20;47.20;
2025;12;04;60;48.95;48.95;
2025;12;04;61;58.95;58.95;
2025;12;04;62;72.23;72.23;
2025;12;04;63;61.30;61.30;
2025;12;04;64;59.35;59.35;
2025;12;04;65;59.84;59.84;
2025;12;04;66;75.00;75.00;
2025;12;04;67;75.56;75.56;
2025;12;04;68;77.36;77.36;
2025;12;04;69;80.65;80.65;
2025;12;04;70;83.01;83.01;
2025;12;04;71;83.50;83.50;
2025;12;04;72;86.10;86.10;
2025;12;04;73;83.39;83.39;
2025;12;04;74;84.20;84.20;
2025;12;04;75;86.00;86.00;
2025;12;04;76;88.10;88.10;
2025;12;04;77;84.60;84.60;
2025;12;04;78;85.50;85.50;
2025;12;04;79;86.00;86.00;
2025;12;04;80;85.80;85.80;
2025;12;04;81;86.48;86.48;
2025;12;04;82;86.38;86.38;
2025;12;04;83;86.00;86.00;
2025;12;04;84;84.49;84.49;
2025;12;04;85;82.82;82.82;
2025;12;04;86;83.39;83.39;
2025;12;04;87;84.60;84.60;
2025;12;04;88;81.93;81.93;
2025;12;04;89;81.40;81.40;
2025;12;04;90;80.00;80.00;
2025;12;04;91;78.20;78.20;
2025;12;04;92;83.39;83.39;
2025;12;04;93;81.96;81.96;
2025;12;04;94;83.50;83.50;
2025;12;04;95;83.32;83.32;
2025;12;04;96;78.30;78.30;
*
