MARGINALPIBC;
2026;03;31;1;9.04;9.04;
2026;03;31;2;8.56;8.56;
2026;03;31;3;7.44;7.44;
2026;03;31;4;6.41;6.41;
2026;03;31;5;6.42;6.42;
2026;03;31;6;6.15;6.15;
2026;03;31;7;5.00;5.00;
2026;03;31;8;4.67;4.67;
2026;03;31;9;5.38;5.38;
2026;03;31;10;4.22;4.22;
2026;03;31;11;4.03;4.03;
2026;03;31;12;4.56;4.56;
2026;03;31;13;4.55;4.55;
2026;03;31;14;3.50;3.50;
2026;03;31;15;3.47;3.47;
2026;03;31;16;2.64;2.64;
2026;03;31;17;2.46;2.46;
2026;03;31;18;2.91;2.91;
2026;03;31;19;2.00;2.00;
2026;03;31;20;2.00;2.00;
2026;03;31;21;0.31;.31;
2026;03;31;22;0.31;.31;
2026;03;31;23;0.03;.03;
2026;03;31;24;1.58;1.58;
2026;03;31;25;3.09;3.09;
2026;03;31;26;6.82;6.82;
2026;03;31;27;7.39;7.39;
2026;03;31;28;11.49;11.49;
2026;03;31;29;4.50;4.50;
2026;03;31;30;4.50;4.50;
2026;03;31;31;8.44;8.44;
2026;03;31;32;10.41;10.41;
2026;03;31;33;1.14;1.14;
2026;03;31;34;5.10;5.10;
2026;03;31;35;6.38;6.38;
2026;03;31;36;4.01;4.01;
2026;03;31;37;4.01;4.01;
2026;03;31;38;1.74;1.74;
2026;03;31;39;0.84;.84;
2026;03;31;40;0.00;.00;
2026;03;31;41;-0.31;-.31;
2026;03;31;42;-0.61;-.61;
2026;03;31;43;-0.81;-.81;
2026;03;31;44;-1.00;-1.00;
2026;03;31;45;-0.82;-.82;
2026;03;31;46;-1.00;-1.00;
2026;03;31;47;-2.00;-2.00;
2026;03;31;48;-2.00;-2.00;
2026;03;31;49;-2.00;-2.00;
2026;03;31;50;-2.01;-2.01;
2026;03;31;51;-2.10;-2.10;
2026;03;31;52;-2.10;-2.10;
2026;03;31;53;-2.01;-2.01;
2026;03;31;54;-2.00;-2.00;
2026;03;31;55;-2.00;-2.00;
2026;03;31;56;-2.10;-2.10;
2026;03;31;57;-2.00;-2.00;
2026;03;31;58;-2.00;-2.00;
2026;03;31;59;-2.00;-2.00;
2026;03;31;60;-2.65;-2.65;
2026;03;31;61;-3.00;-6.65;
2026;03;31;62;-6.68;-6.68;
2026;03;31;63;-6.64;-6.64;
2026;03;31;64;-4.98;-6.64;
2026;03;31;65;-3.00;-5.50;
2026;03;31;66;-3.00;-3.00;
2026;03;31;67;-3.00;-3.00;
2026;03;31;68;-3.00;-3.00;
2026;03;31;69;-3.00;-4.60;
2026;03;31;70;-3.00;-4.60;
2026;03;31;71;-3.00;-3.00;
2026;03;31;72;-1.51;-1.51;
2026;03;31;73;-0.81;-.81;
2026;03;31;74;-0.59;-.59;
2026;03;31;75;-0.22;-.22;
2026;03;31;76;-0.71;-.71;
2026;03;31;77;0.00;.00;
2026;03;31;78;0.84;.84;
2026;03;31;79;5.41;5.41;
2026;03;31;80;11.06;11.06;
2026;03;31;81;0.02;.02;
2026;03;31;82;13.78;13.78;
2026;03;31;83;35.01;35.01;
2026;03;31;84;50.02;50.02;
2026;03;31;85;61.05;61.05;
2026;03;31;86;61.20;61.20;
2026;03;31;87;60.90;60.90;
2026;03;31;88;50.50;50.50;
2026;03;31;89;35.01;35.01;
2026;03;31;90;30.50;30.50;
2026;03;31;91;17.28;17.28;
2026;03;31;92;6.82;6.82;
2026;03;31;93;9.19;9.19;
2026;03;31;94;8.32;8.32;
2026;03;31;95;7.10;7.10;
2026;03;31;96;5.00;5.00;
*
