MARGINALPIBC;
2025;03;29;1;-5.00;-5.00;
2025;03;29;2;-5.00;-5.00;
2025;03;29;3;-5.00;-5.00;
2025;03;29;4;-5.37;-5.37;
2025;03;29;5;-1.01;-1.01;
2025;03;29;6;-2.00;-2.00;
2025;03;29;7;-1.01;-1.01;
2025;03;29;8;0.00;.00;
2025;03;29;9;-4.72;-4.72;
2025;03;29;10;-5.62;-5.62;
2025;03;29;11;-5.62;-5.62;
2025;03;29;12;-5.62;-5.62;
2025;03;29;13;-6.72;-6.72;
2025;03;29;14;-7.00;-7.00;
2025;03;29;15;-6.72;-6.72;
2025;03;29;16;-6.72;-6.72;
2025;03;29;17;-9.00;-9.00;
2025;03;29;18;-9.00;-9.00;
2025;03;29;19;-9.00;-9.00;
2025;03;29;20;-5.62;-5.62;
2025;03;29;21;-5.04;-5.04;
2025;03;29;22;-5.01;-5.01;
2025;03;29;23;-5.01;-5.01;
2025;03;29;24;-5.00;-5.00;
2025;03;29;25;-2.00;-2.00;
2025;03;29;26;-2.00;-2.00;
2025;03;29;27;-1.54;-1.54;
2025;03;29;28;-1.01;-1.01;
2025;03;29;29;-1.38;-1.38;
2025;03;29;30;-5.10;-5.10;
2025;03;29;31;-5.62;-5.62;
2025;03;29;32;-6.28;-6.28;
2025;03;29;33;0.00;.00;
2025;03;29;34;-4.99;-4.99;
2025;03;29;35;-5.62;-5.62;
2025;03;29;36;-9.00;-9.00;
2025;03;29;37;-2.00;-2.00;
2025;03;29;38;-5.21;-5.21;
2025;03;29;39;-5.21;-5.21;
2025;03;29;40;-5.51;-5.51;
2025;03;29;41;4.31;-5.21;
2025;03;29;42;4.31;-5.21;
2025;03;29;43;4.31;-5.21;
2025;03;29;44;4.31;-5.21;
2025;03;29;45;1.10;-5.00;
2025;03;29;46;4.31;-5.00;
2025;03;29;47;4.31;-5.00;
2025;03;29;48;1.09;-5.00;
2025;03;29;49;4.31;-5.37;
2025;03;29;50;0.86;-5.62;
2025;03;29;51;0.00;-6.99;
2025;03;29;52;-1.00;-6.99;
2025;03;29;53;0.49;-6.99;
2025;03;29;54;0.00;-6.99;
2025;03;29;55;-1.00;-6.99;
2025;03;29;56;-1.00;-6.99;
2025;03;29;57;0.09;-7.19;
2025;03;29;58;0.00;-7.19;
2025;03;29;59;-1.00;-7.19;
2025;03;29;60;-1.00;-7.19;
2025;03;29;61;0.09;-7.19;
2025;03;29;62;0.00;-7.19;
2025;03;29;63;0.00;-7.19;
2025;03;29;64;0.00;-7.19;
2025;03;29;65;0.00;-8.76;
2025;03;29;66;0.00;-5.62;
2025;03;29;67;0.00;-5.62;
2025;03;29;68;0.09;-5.62;
2025;03;29;69;-1.00;-5.62;
2025;03;29;70;-1.00;-5.21;
2025;03;29;71;0.01;-5.00;
2025;03;29;72;4.31;-3.25;
2025;03;29;73;-4.50;-4.50;
2025;03;29;74;-1.50;-1.50;
2025;03;29;75;0.00;.00;
2025;03;29;76;0.00;.00;
2025;03;29;77;4.74;4.74;
2025;03;29;78;7.14;7.14;
2025;03;29;79;10.00;10.00;
2025;03;29;80;11.10;11.10;
2025;03;29;81;18.75;18.75;
2025;03;29;82;18.75;18.75;
2025;03;29;83;18.16;18.16;
2025;03;29;84;18.00;18.00;
2025;03;29;85;16.08;16.08;
2025;03;29;86;15.48;15.48;
2025;03;29;87;15.00;15.00;
2025;03;29;88;13.59;13.59;
2025;03;29;89;8.03;8.03;
2025;03;29;90;6.23;6.23;
2025;03;29;91;6.13;6.13;
2025;03;29;92;6.13;6.13;
2025;03;29;93;3.00;3.00;
2025;03;29;94;1.00;1.00;
2025;03;29;95;1.00;1.00;
2025;03;29;96;1.00;1.00;
*
