MARGINALPIBC;
2026;05;13;1;96.30;96.30;
2026;05;13;2;88.08;88.08;
2026;05;13;3;85.85;85.85;
2026;05;13;4;85.01;85.01;
2026;05;13;5;86.33;86.33;
2026;05;13;6;86.33;86.33;
2026;05;13;7;86.09;86.09;
2026;05;13;8;85.01;85.01;
2026;05;13;9;84.00;84.00;
2026;05;13;10;83.00;83.00;
2026;05;13;11;83.00;83.00;
2026;05;13;12;83.00;83.00;
2026;05;13;13;81.85;81.85;
2026;05;13;14;81.85;81.85;
2026;05;13;15;83.00;83.00;
2026;05;13;16;83.00;83.00;
2026;05;13;17;83.43;83.43;
2026;05;13;18;83.43;83.43;
2026;05;13;19;84.00;84.00;
2026;05;13;20;84.71;84.71;
2026;05;13;21;85.01;85.01;
2026;05;13;22;85.37;85.37;
2026;05;13;23;85.85;85.85;
2026;05;13;24;86.81;86.81;
2026;05;13;25;83.43;83.43;
2026;05;13;26;85.11;85.11;
2026;05;13;27;91.27;91.27;
2026;05;13;28;91.27;91.27;
2026;05;13;29;95.38;95.38;
2026;05;13;30;98.45;98.45;
2026;05;13;31;95.33;95.33;
2026;05;13;32;94.76;94.76;
2026;05;13;33;98.44;98.44;
2026;05;13;34;95.33;95.33;
2026;05;13;35;82.47;82.47;
2026;05;13;36;46.28;46.28;
2026;05;13;37;41.67;41.67;
2026;05;13;38;27.01;17.37;
2026;05;13;39;29.52;1.20;
2026;05;13;40;29.27;.00;
2026;05;13;41;7.43;.84;
2026;05;13;42;7.43;.84;
2026;05;13;43;5.55;3.08;
2026;05;13;44;4.16;.84;
2026;05;13;45;6.87;.84;
2026;05;13;46;6.87;.01;
2026;05;13;47;5.99;.00;
2026;05;13;48;5.99;.00;
2026;05;13;49;5.99;.00;
2026;05;13;50;4.16;.00;
2026;05;13;51;4.16;.00;
2026;05;13;52;4.16;.00;
2026;05;13;53;4.16;.00;
2026;05;13;54;4.16;.00;
2026;05;13;55;4.16;.00;
2026;05;13;56;4.12;.00;
2026;05;13;57;4.12;.00;
2026;05;13;58;4.11;.00;
2026;05;13;59;4.11;.00;
2026;05;13;60;4.11;.00;
2026;05;13;61;4.11;.00;
2026;05;13;62;4.10;.00;
2026;05;13;63;4.11;.00;
2026;05;13;64;4.11;.00;
2026;05;13;65;4.00;.00;
2026;05;13;66;3.88;.00;
2026;05;13;67;3.88;.00;
2026;05;13;68;3.89;-.01;
2026;05;13;69;3.89;.00;
2026;05;13;70;3.89;.00;
2026;05;13;71;3.89;.84;
2026;05;13;72;3.89;.84;
2026;05;13;73;3.67;.84;
2026;05;13;74;3.68;.84;
2026;05;13;75;5.33;5.33;
2026;05;13;76;9.52;9.52;
2026;05;13;77;19.03;19.03;
2026;05;13;78;26.87;26.87;
2026;05;13;79;38.15;38.15;
2026;05;13;80;74.49;74.49;
2026;05;13;81;77.16;77.16;
2026;05;13;82;91.27;91.27;
2026;05;13;83;95.00;95.00;
2026;05;13;84;107.67;107.67;
2026;05;13;85;108.57;108.57;
2026;05;13;86;113.13;113.13;
2026;05;13;87;114.00;114.00;
2026;05;13;88;109.81;109.81;
2026;05;13;89;107.30;107.30;
2026;05;13;90;102.55;102.55;
2026;05;13;91;104.60;104.60;
2026;05;13;92;99.19;99.19;
2026;05;13;93;96.33;96.33;
2026;05;13;94;89.10;89.10;
2026;05;13;95;88.00;88.00;
2026;05;13;96;85.85;85.85;
*
