MARGINALPIBC;
2026;07;07;1;154.89;154.89;
2026;07;07;2;153.00;153.00;
2026;07;07;3;151.43;151.43;
2026;07;07;4;147.47;147.47;
2026;07;07;5;151.43;151.43;
2026;07;07;6;151.43;151.43;
2026;07;07;7;148.61;148.61;
2026;07;07;8;143.67;143.67;
2026;07;07;9;141.11;141.11;
2026;07;07;10;139.68;139.68;
2026;07;07;11;139.68;139.68;
2026;07;07;12;139.68;139.68;
2026;07;07;13;139.68;139.68;
2026;07;07;14;139.68;139.68;
2026;07;07;15;139.68;139.68;
2026;07;07;16;139.68;139.68;
2026;07;07;17;135.62;135.62;
2026;07;07;18;136.60;136.60;
2026;07;07;19;139.68;139.68;
2026;07;07;20;139.68;139.68;
2026;07;07;21;140.39;140.39;
2026;07;07;22;140.39;140.39;
2026;07;07;23;143.62;143.62;
2026;07;07;24;144.35;144.35;
2026;07;07;25;138.45;138.45;
2026;07;07;26;139.68;139.68;
2026;07;07;27;141.35;141.35;
2026;07;07;28;142.48;142.48;
2026;07;07;29;146.07;146.07;
2026;07;07;30;149.61;149.61;
2026;07;07;31;147.58;147.58;
2026;07;07;32;143.62;143.62;
2026;07;07;33;155.00;155.00;
2026;07;07;34;140.11;140.11;
2026;07;07;35;125.61;125.61;
2026;07;07;36;112.63;112.63;
2026;07;07;37;117.28;117.28;
2026;07;07;38;105.62;97.44;
2026;07;07;39;103.08;74.94;
2026;07;07;40;89.00;69.96;
2026;07;07;41;97.63;71.09;
2026;07;07;42;97.63;75.10;
2026;07;07;43;97.63;69.65;
2026;07;07;44;87.29;37.10;
2026;07;07;45;87.29;75.00;
2026;07;07;46;87.08;75.00;
2026;07;07;47;87.08;74.99;
2026;07;07;48;86.87;75.00;
2026;07;07;49;86.88;75.00;
2026;07;07;50;86.62;75.00;
2026;07;07;51;86.63;75.00;
2026;07;07;52;86.63;75.10;
2026;07;07;53;84.01;77.20;
2026;07;07;54;84.01;82.30;
2026;07;07;55;82.00;82.00;
2026;07;07;56;82.00;82.00;
2026;07;07;57;80.66;80.66;
2026;07;07;58;83.61;83.61;
2026;07;07;59;84.15;84.15;
2026;07;07;60;82.99;82.99;
2026;07;07;61;81.53;81.53;
2026;07;07;62;81.53;81.53;
2026;07;07;63;81.48;81.48;
2026;07;07;64;81.53;81.53;
2026;07;07;65;81.93;81.93;
2026;07;07;66;83.24;83.24;
2026;07;07;67;85.90;85.90;
2026;07;07;68;89.55;89.55;
2026;07;07;69;79.68;79.68;
2026;07;07;70;79.94;79.94;
2026;07;07;71;80.15;80.15;
2026;07;07;72;80.62;80.62;
2026;07;07;73;73.50;73.50;
2026;07;07;74;84.01;84.01;
2026;07;07;75;94.74;94.74;
2026;07;07;76;114.99;114.99;
2026;07;07;77;90.00;90.00;
2026;07;07;78;111.39;111.39;
2026;07;07;79;121.73;121.73;
2026;07;07;80;136.03;136.03;
2026;07;07;81;119.23;119.23;
2026;07;07;82;124.40;124.40;
2026;07;07;83;135.55;135.55;
2026;07;07;84;140.86;140.86;
2026;07;07;85;139.61;139.61;
2026;07;07;86;143.74;143.74;
2026;07;07;87;154.00;154.00;
2026;07;07;88;147.37;154.37;
2026;07;07;89;151.11;153.06;
2026;07;07;90;151.94;151.94;
2026;07;07;91;145.86;145.86;
2026;07;07;92;144.28;144.28;
2026;07;07;93;134.01;140.76;
2026;07;07;94;137.50;137.50;
2026;07;07;95;131.36;131.36;
2026;07;07;96;131.36;131.36;
*
