MARGINALPIBC;
2026;04;18;1;101.73;101.73;
2026;04;18;2;100.42;100.42;
2026;04;18;3;87.50;87.50;
2026;04;18;4;86.15;86.15;
2026;04;18;5;99.10;99.10;
2026;04;18;6;89.33;89.33;
2026;04;18;7;88.40;88.40;
2026;04;18;8;85.18;85.18;
2026;04;18;9;85.18;85.18;
2026;04;18;10;84.00;84.00;
2026;04;18;11;83.15;83.15;
2026;04;18;12;80.80;80.80;
2026;04;18;13;80.88;80.88;
2026;04;18;14;77.04;77.04;
2026;04;18;15;77.10;77.10;
2026;04;18;16;74.85;74.85;
2026;04;18;17;74.09;74.09;
2026;04;18;18;73.15;73.15;
2026;04;18;19;73.00;73.00;
2026;04;18;20;72.85;72.85;
2026;04;18;21;76.34;76.34;
2026;04;18;22;75.15;75.15;
2026;04;18;23;75.32;75.32;
2026;04;18;24;80.20;80.20;
2026;04;18;25;91.14;91.14;
2026;04;18;26;91.14;91.14;
2026;04;18;27;91.14;91.14;
2026;04;18;28;92.45;92.45;
2026;04;18;29;93.17;93.17;
2026;04;18;30;95.24;95.24;
2026;04;18;31;96.47;96.47;
2026;04;18;32;97.22;97.22;
2026;04;18;33;95.76;95.76;
2026;04;18;34;86.00;86.00;
2026;04;18;35;72.81;72.81;
2026;04;18;36;54.66;54.66;
2026;04;18;37;46.63;46.63;
2026;04;18;38;20.38;20.38;
2026;04;18;39;19.00;19.00;
2026;04;18;40;15.79;15.79;
2026;04;18;41;13.24;13.24;
2026;04;18;42;5.41;5.41;
2026;04;18;43;0.84;.84;
2026;04;18;44;0.00;.00;
2026;04;18;45;0.00;.00;
2026;04;18;46;1.36;.00;
2026;04;18;47;0.00;-.31;
2026;04;18;48;0.00;-.34;
2026;04;18;49;0.00;-.31;
2026;04;18;50;1.17;-.50;
2026;04;18;51;1.35;-.31;
2026;04;18;52;0.67;-.50;
2026;04;18;53;0.00;-.81;
2026;04;18;54;0.00;-.81;
2026;04;18;55;-1.00;-1.00;
2026;04;18;56;-1.00;-1.00;
2026;04;18;57;-0.82;-.82;
2026;04;18;58;-0.82;-.82;
2026;04;18;59;-0.82;-.82;
2026;04;18;60;-0.81;-.81;
2026;04;18;61;0.00;.00;
2026;04;18;62;0.00;.00;
2026;04;18;63;0.00;.00;
2026;04;18;64;0.00;.00;
2026;04;18;65;0.00;.00;
2026;04;18;66;0.00;.00;
2026;04;18;67;0.00;.00;
2026;04;18;68;0.00;.00;
2026;04;18;69;0.00;.00;
2026;04;18;70;0.00;.00;
2026;04;18;71;0.84;.84;
2026;04;18;72;2.00;2.00;
2026;04;18;73;5.00;5.00;
2026;04;18;74;13.24;13.24;
2026;04;18;75;17.47;17.47;
2026;04;18;76;24.11;24.11;
2026;04;18;77;22.67;22.67;
2026;04;18;78;39.02;39.02;
2026;04;18;79;72.40;72.40;
2026;04;18;80;96.15;96.15;
2026;04;18;81;71.65;71.65;
2026;04;18;82;88.35;88.35;
2026;04;18;83;89.99;89.99;
2026;04;18;84;88.01;88.01;
2026;04;18;85;88.14;88.14;
2026;04;18;86;86.76;86.76;
2026;04;18;87;86.50;86.50;
2026;04;18;88;90.15;90.15;
2026;04;18;89;91.75;91.75;
2026;04;18;90;90.61;90.61;
2026;04;18;91;89.19;89.19;
2026;04;18;92;84.94;84.94;
2026;04;18;93;85.52;85.52;
2026;04;18;94;84.41;84.41;
2026;04;18;95;84.30;84.30;
2026;04;18;96;81.00;81.00;
*
