MARGINALPIBC;
2025;06;26;1;128.80;128.80;
2025;06;26;2;122.22;122.22;
2025;06;26;3;119.95;119.95;
2025;06;26;4;119.55;119.55;
2025;06;26;5;117.98;117.98;
2025;06;26;6;116.43;116.43;
2025;06;26;7;116.04;116.04;
2025;06;26;8;114.43;114.43;
2025;06;26;9;112.00;112.00;
2025;06;26;10;112.00;112.00;
2025;06;26;11;111.00;111.00;
2025;06;26;12;111.00;111.00;
2025;06;26;13;109.85;109.85;
2025;06;26;14;109.00;109.00;
2025;06;26;15;109.00;109.00;
2025;06;26;16;108.00;108.00;
2025;06;26;17;108.57;108.57;
2025;06;26;18;107.57;107.57;
2025;06;26;19;108.10;108.10;
2025;06;26;20;108.57;108.57;
2025;06;26;21;108.34;108.34;
2025;06;26;22;109.55;109.55;
2025;06;26;23;110.18;110.18;
2025;06;26;24;110.55;110.55;
2025;06;26;25;114.10;114.10;
2025;06;26;26;116.04;116.04;
2025;06;26;27;117.40;117.40;
2025;06;26;28;120.43;120.43;
2025;06;26;29;121.74;121.74;
2025;06;26;30;121.50;121.50;
2025;06;26;31;119.46;119.46;
2025;06;26;32;116.05;116.05;
2025;06;26;33;121.54;121.54;
2025;06;26;34;111.53;111.53;
2025;06;26;35;99.79;99.79;
2025;06;26;36;85.49;85.49;
2025;06;26;37;99.11;99.11;
2025;06;26;38;89.83;89.83;
2025;06;26;39;71.16;71.16;
2025;06;26;40;46.55;46.55;
2025;06;26;41;50.34;50.34;
2025;06;26;42;50.34;50.34;
2025;06;26;43;50.22;50.22;
2025;06;26;44;50.24;50.24;
2025;06;26;45;63.00;63.00;
2025;06;26;46;58.00;58.00;
2025;06;26;47;58.00;58.00;
2025;06;26;48;57.00;57.00;
2025;06;26;49;61.09;61.09;
2025;06;26;50;57.59;57.59;
2025;06;26;51;59.59;59.59;
2025;06;26;52;60.09;60.09;
2025;06;26;53;45.85;45.85;
2025;06;26;54;46.20;46.20;
2025;06;26;55;45.85;45.85;
2025;06;26;56;45.85;45.85;
2025;06;26;57;38.39;38.39;
2025;06;26;58;38.39;38.39;
2025;06;26;59;38.39;38.39;
2025;06;26;60;38.39;38.39;
2025;06;26;61;37.20;37.20;
2025;06;26;62;37.20;37.20;
2025;06;26;63;37.20;37.20;
2025;06;26;64;37.20;37.20;
2025;06;26;65;38.39;38.39;
2025;06;26;66;38.39;38.39;
2025;06;26;67;39.37;39.37;
2025;06;26;68;41.39;41.39;
2025;06;26;69;49.13;49.13;
2025;06;26;70;54.13;54.13;
2025;06;26;71;60.10;60.10;
2025;06;26;72;70.00;70.00;
2025;06;26;73;61.19;61.19;
2025;06;26;74;70.12;70.12;
2025;06;26;75;85.09;85.09;
2025;06;26;76;94.90;94.90;
2025;06;26;77;80.90;80.90;
2025;06;26;78;91.07;91.07;
2025;06;26;79;102.41;102.41;
2025;06;26;80;118.63;118.63;
2025;06;26;81;89.62;89.62;
2025;06;26;82;113.99;113.99;
2025;06;26;83;123.33;123.33;
2025;06;26;84;144.91;144.91;
2025;06;26;85;156.62;156.62;
2025;06;26;86;165.02;165.02;
2025;06;26;87;167.62;167.62;
2025;06;26;88;167.62;167.62;
2025;06;26;89;172.55;172.55;
2025;06;26;90;165.00;165.00;
2025;06;26;91;157.00;157.00;
2025;06;26;92;153.50;153.50;
2025;06;26;93;140.91;140.91;
2025;06;26;94;129.77;129.77;
2025;06;26;95;120.57;120.57;
2025;06;26;96;117.27;117.27;
*
