MARGINALPIBC;
2025;07;12;1;123.05;123.05;
2025;07;12;2;122.50;122.50;
2025;07;12;3;120.27;120.27;
2025;07;12;4;119.78;119.78;
2025;07;12;5;120.27;120.27;
2025;07;12;6;118.88;118.88;
2025;07;12;7;117.40;117.40;
2025;07;12;8;116.62;116.62;
2025;07;12;9;117.18;117.18;
2025;07;12;10;116.18;116.18;
2025;07;12;11;115.28;115.28;
2025;07;12;12;113.20;113.20;
2025;07;12;13;116.10;116.10;
2025;07;12;14;112.53;112.53;
2025;07;12;15;112.53;112.53;
2025;07;12;16;112.53;112.53;
2025;07;12;17;108.52;108.52;
2025;07;12;18;107.53;107.53;
2025;07;12;19;106.73;106.73;
2025;07;12;20;106.42;106.42;
2025;07;12;21;105.87;105.87;
2025;07;12;22;105.87;105.87;
2025;07;12;23;105.58;105.58;
2025;07;12;24;105.87;105.87;
2025;07;12;25;107.66;107.66;
2025;07;12;26;107.85;107.85;
2025;07;12;27;109.85;109.85;
2025;07;12;28;109.85;109.85;
2025;07;12;29;113.44;113.44;
2025;07;12;30;111.48;111.48;
2025;07;12;31;108.00;108.00;
2025;07;12;32;106.75;106.75;
2025;07;12;33;107.53;107.53;
2025;07;12;34;102.91;102.91;
2025;07;12;35;69.59;69.59;
2025;07;12;36;55.40;55.40;
2025;07;12;37;72.95;72.95;
2025;07;12;38;64.38;64.38;
2025;07;12;39;49.78;49.78;
2025;07;12;40;40.01;40.01;
2025;07;12;41;50.09;50.09;
2025;07;12;42;46.31;46.31;
2025;07;12;43;40.00;40.00;
2025;07;12;44;37.10;37.10;
2025;07;12;45;23.09;23.09;
2025;07;12;46;18.75;18.75;
2025;07;12;47;16.00;16.00;
2025;07;12;48;16.00;16.00;
2025;07;12;49;15.00;15.00;
2025;07;12;50;14.75;14.75;
2025;07;12;51;12.00;12.00;
2025;07;12;52;13.00;13.00;
2025;07;12;53;13.27;5.76;
2025;07;12;54;10.76;5.76;
2025;07;12;55;5.76;5.76;
2025;07;12;56;5.76;5.76;
2025;07;12;57;4.31;4.31;
2025;07;12;58;4.31;4.31;
2025;07;12;59;4.31;4.31;
2025;07;12;60;0.00;.00;
2025;07;12;61;4.31;.85;
2025;07;12;62;4.31;.85;
2025;07;12;63;0.85;.85;
2025;07;12;64;0.85;.85;
2025;07;12;65;14.18;13.68;
2025;07;12;66;15.05;15.05;
2025;07;12;67;15.68;15.68;
2025;07;12;68;18.68;18.68;
2025;07;12;69;35.00;35.00;
2025;07;12;70;35.00;35.00;
2025;07;12;71;44.99;44.99;
2025;07;12;72;50.99;50.99;
2025;07;12;73;50.08;50.08;
2025;07;12;74;55.09;55.09;
2025;07;12;75;69.24;69.24;
2025;07;12;76;79.65;79.65;
2025;07;12;77;68.34;68.34;
2025;07;12;78;75.40;75.40;
2025;07;12;79;88.98;88.98;
2025;07;12;80;97.30;97.30;
2025;07;12;81;60.99;60.99;
2025;07;12;82;96.98;96.98;
2025;07;12;83;110.27;110.27;
2025;07;12;84;122.76;122.76;
2025;07;12;85;118.16;118.16;
2025;07;12;86;123.15;123.15;
2025;07;12;87;125.67;125.67;
2025;07;12;88;126.50;126.50;
2025;07;12;89;133.00;133.00;
2025;07;12;90;133.00;133.00;
2025;07;12;91;130.34;130.34;
2025;07;12;92;125.02;125.02;
2025;07;12;93;122.24;122.24;
2025;07;12;94;118.14;118.14;
2025;07;12;95;116.06;116.06;
2025;07;12;96;114.23;114.23;
*
