MARGINALPIBC;
2026;04;08;1;90.00;90.00;
2026;04;08;2;83.33;83.33;
2026;04;08;3;68.72;68.72;
2026;04;08;4;64.50;64.50;
2026;04;08;5;66.00;66.00;
2026;04;08;6;65.49;65.49;
2026;04;08;7;67.01;67.01;
2026;04;08;8;64.30;64.30;
2026;04;08;9;80.81;80.81;
2026;04;08;10;73.72;73.72;
2026;04;08;11;72.00;72.00;
2026;04;08;12;73.85;73.85;
2026;04;08;13;75.50;75.50;
2026;04;08;14;75.50;75.50;
2026;04;08;15;76.48;76.48;
2026;04;08;16;75.50;75.50;
2026;04;08;17;77.26;77.26;
2026;04;08;18;78.90;78.90;
2026;04;08;19;78.90;78.90;
2026;04;08;20;75.50;75.50;
2026;04;08;21;65.00;65.00;
2026;04;08;22;66.66;66.66;
2026;04;08;23;65.75;65.75;
2026;04;08;24;78.85;78.85;
2026;04;08;25;62.60;62.60;
2026;04;08;26;74.01;74.01;
2026;04;08;27;83.44;83.44;
2026;04;08;28;89.22;89.22;
2026;04;08;29;79.51;79.51;
2026;04;08;30;79.52;87.00;
2026;04;08;31;93.50;103.50;
2026;04;08;32;98.00;106.00;
2026;04;08;33;116.59;123.48;
2026;04;08;34;111.21;111.21;
2026;04;08;35;102.34;102.34;
2026;04;08;36;81.76;81.76;
2026;04;08;37;90.18;90.18;
2026;04;08;38;84.63;84.63;
2026;04;08;39;64.01;64.01;
2026;04;08;40;44.18;44.18;
2026;04;08;41;55.55;55.55;
2026;04;08;42;53.00;53.00;
2026;04;08;43;43.12;43.12;
2026;04;08;44;45.55;45.55;
2026;04;08;45;35.50;35.50;
2026;04;08;46;30.68;30.68;
2026;04;08;47;26.64;26.64;
2026;04;08;48;26.12;26.12;
2026;04;08;49;21.50;21.50;
2026;04;08;50;13.95;13.95;
2026;04;08;51;8.80;8.80;
2026;04;08;52;8.17;8.17;
2026;04;08;53;6.80;6.80;
2026;04;08;54;5.91;5.91;
2026;04;08;55;5.41;5.41;
2026;04;08;56;4.74;4.74;
2026;04;08;57;4.08;4.08;
2026;04;08;58;3.70;3.70;
2026;04;08;59;3.67;3.67;
2026;04;08;60;3.66;3.66;
2026;04;08;61;3.08;3.08;
2026;04;08;62;3.08;3.08;
2026;04;08;63;3.08;3.08;
2026;04;08;64;3.08;3.08;
2026;04;08;65;3.00;3.00;
2026;04;08;66;3.15;3.08;
2026;04;08;67;4.67;4.67;
2026;04;08;68;6.41;6.41;
2026;04;08;69;5.91;5.91;
2026;04;08;70;8.78;8.78;
2026;04;08;71;17.13;17.13;
2026;04;08;72;26.83;26.83;
2026;04;08;73;26.51;26.51;
2026;04;08;74;17.30;17.30;
2026;04;08;75;47.43;47.43;
2026;04;08;76;55.55;55.55;
2026;04;08;77;49.86;49.86;
2026;04;08;78;38.77;75.81;
2026;04;08;79;48.77;100.27;
2026;04;08;80;55.55;112.47;
2026;04;08;81;79.01;105.38;
2026;04;08;82;80.51;126.82;
2026;04;08;83;98.65;135.23;
2026;04;08;84;115.45;130.04;
2026;04;08;85;117.61;148.81;
2026;04;08;86;117.61;131.71;
2026;04;08;87;122.42;122.42;
2026;04;08;88;109.01;109.01;
2026;04;08;89;103.64;112.96;
2026;04;08;90;87.98;103.98;
2026;04;08;91;100.20;114.28;
2026;04;08;92;80.02;101.26;
2026;04;08;93;80.02;101.77;
2026;04;08;94;94.00;94.00;
2026;04;08;95;93.51;96.01;
2026;04;08;96;78.91;78.91;
*
