MARGINALPIBC;
2026;04;21;1;93.00;93.00;
2026;04;21;2;90.11;90.11;
2026;04;21;3;90.11;90.11;
2026;04;21;4;84.34;84.34;
2026;04;21;5;89.00;89.00;
2026;04;21;6;84.67;84.67;
2026;04;21;7;81.97;81.97;
2026;04;21;8;81.64;81.64;
2026;04;21;9;82.68;82.68;
2026;04;21;10;80.50;80.50;
2026;04;21;11;80.08;80.08;
2026;04;21;12;78.97;78.97;
2026;04;21;13;78.97;78.97;
2026;04;21;14;79.11;79.11;
2026;04;21;15;78.97;78.97;
2026;04;21;16;78.91;78.91;
2026;04;21;17;78.91;78.91;
2026;04;21;18;78.91;78.91;
2026;04;21;19;78.91;78.91;
2026;04;21;20;78.91;78.91;
2026;04;21;21;78.91;78.91;
2026;04;21;22;78.91;78.91;
2026;04;21;23;78.91;78.91;
2026;04;21;24;81.70;81.70;
2026;04;21;25;77.28;77.28;
2026;04;21;26;78.87;78.87;
2026;04;21;27;78.15;78.15;
2026;04;21;28;80.70;80.70;
2026;04;21;29;82.28;82.28;
2026;04;21;30;83.18;93.00;
2026;04;21;31;82.40;93.56;
2026;04;21;32;90.11;90.11;
2026;04;21;33;90.11;90.11;
2026;04;21;34;90.11;90.11;
2026;04;21;35;86.00;86.00;
2026;04;21;36;52.90;52.90;
2026;04;21;37;71.00;71.00;
2026;04;21;38;48.82;48.82;
2026;04;21;39;21.19;21.19;
2026;04;21;40;5.31;5.31;
2026;04;21;41;14.08;14.08;
2026;04;21;42;7.20;7.20;
2026;04;21;43;3.08;3.08;
2026;04;21;44;2.00;2.00;
2026;04;21;45;5.41;5.41;
2026;04;21;46;4.00;4.00;
2026;04;21;47;3.08;3.08;
2026;04;21;48;2.09;2.09;
2026;04;21;49;2.09;2.09;
2026;04;21;50;2.09;.84;
2026;04;21;51;2.00;.84;
2026;04;21;52;2.00;.84;
2026;04;21;53;2.08;.00;
2026;04;21;54;2.00;.00;
2026;04;21;55;1.55;.00;
2026;04;21;56;1.46;.00;
2026;04;21;57;1.99;-.30;
2026;04;21;58;1.99;-.30;
2026;04;21;59;1.98;-.31;
2026;04;21;60;1.98;-.11;
2026;04;21;61;1.98;-.31;
2026;04;21;62;1.98;-.31;
2026;04;21;63;1.98;-.11;
2026;04;21;64;1.99;-.50;
2026;04;21;65;1.46;.00;
2026;04;21;66;1.98;.00;
2026;04;21;67;2.00;.00;
2026;04;21;68;2.00;.00;
2026;04;21;69;2.00;.84;
2026;04;21;70;2.09;.84;
2026;04;21;71;2.10;.84;
2026;04;21;72;2.93;1.00;
2026;04;21;73;1.07;.84;
2026;04;21;74;1.56;1.00;
2026;04;21;75;7.10;7.10;
2026;04;21;76;17.50;17.50;
2026;04;21;77;11.17;11.17;
2026;04;21;78;19.24;19.24;
2026;04;21;79;58.49;58.49;
2026;04;21;80;79.60;79.60;
2026;04;21;81;72.48;72.48;
2026;04;21;82;90.11;90.11;
2026;04;21;83;90.11;90.11;
2026;04;21;84;93.94;93.94;
2026;04;21;85;90.11;90.11;
2026;04;21;86;91.41;91.41;
2026;04;21;87;92.29;92.29;
2026;04;21;88;90.11;90.11;
2026;04;21;89;87.28;87.28;
2026;04;21;90;83.36;83.36;
2026;04;21;91;90.55;90.55;
2026;04;21;92;90.55;90.55;
2026;04;21;93;90.11;90.11;
2026;04;21;94;90.11;90.11;
2026;04;21;95;83.03;83.03;
2026;04;21;96;80.04;80.04;
*
