MARGINALPIBC;
2025;08;28;1;97.15;97.15;
2025;08;28;2;94.82;94.82;
2025;08;28;3;90.84;90.84;
2025;08;28;4;87.15;87.15;
2025;08;28;5;90.14;90.14;
2025;08;28;6;90.14;90.14;
2025;08;28;7;90.13;90.13;
2025;08;28;8;86.02;86.02;
2025;08;28;9;89.49;89.49;
2025;08;28;10;86.08;86.08;
2025;08;28;11;85.56;85.56;
2025;08;28;12;79.95;79.95;
2025;08;28;13;78.25;78.25;
2025;08;28;14;73.26;73.26;
2025;08;28;15;73.25;73.25;
2025;08;28;16;73.25;73.25;
2025;08;28;17;69.40;69.40;
2025;08;28;18;69.40;69.40;
2025;08;28;19;69.40;69.40;
2025;08;28;20;69.40;69.40;
2025;08;28;21;76.42;76.42;
2025;08;28;22;76.42;76.42;
2025;08;28;23;76.42;76.42;
2025;08;28;24;76.42;76.42;
2025;08;28;25;79.95;79.95;
2025;08;28;26;83.38;83.38;
2025;08;28;27;83.39;83.39;
2025;08;28;28;86.01;86.01;
2025;08;28;29;84.23;84.23;
2025;08;28;30;88.45;88.45;
2025;08;28;31;90.38;90.38;
2025;08;28;32;90.38;90.38;
2025;08;28;33;99.90;99.90;
2025;08;28;34;93.58;93.58;
2025;08;28;35;84.95;84.95;
2025;08;28;36;60.38;60.38;
2025;08;28;37;90.21;90.21;
2025;08;28;38;81.53;81.53;
2025;08;28;39;57.44;57.44;
2025;08;28;40;19.41;19.41;
2025;08;28;41;42.35;42.35;
2025;08;28;42;21.56;21.56;
2025;08;28;43;9.35;9.35;
2025;08;28;44;-0.50;-1.65;
2025;08;28;45;11.15;3.52;
2025;08;28;46;11.15;3.52;
2025;08;28;47;9.65;.52;
2025;08;28;48;0.00;.00;
2025;08;28;49;7.14;-.77;
2025;08;28;50;7.14;-1.28;
2025;08;28;51;5.64;-1.28;
2025;08;28;52;4.31;-1.28;
2025;08;28;53;4.31;-1.50;
2025;08;28;54;4.31;-1.50;
2025;08;28;55;-1.50;-1.50;
2025;08;28;56;-3.50;-3.50;
2025;08;28;57;2.20;.00;
2025;08;28;58;0.00;.00;
2025;08;28;59;-0.35;-.35;
2025;08;28;60;-2.35;-2.35;
2025;08;28;61;1.51;-.99;
2025;08;28;62;0.01;-2.94;
2025;08;28;63;-2.89;-2.89;
2025;08;28;64;-1.21;-1.21;
2025;08;28;65;-3.35;-3.35;
2025;08;28;66;-3.35;-3.35;
2025;08;28;67;0.00;.00;
2025;08;28;68;0.65;.65;
2025;08;28;69;0.00;-7.00;
2025;08;28;70;-4.33;-4.33;
2025;08;28;71;0.00;.00;
2025;08;28;72;1.50;1.50;
2025;08;28;73;-10.00;-10.00;
2025;08;28;74;0.00;.00;
2025;08;28;75;13.39;13.39;
2025;08;28;76;45.10;45.10;
2025;08;28;77;10.20;10.20;
2025;08;28;78;45.28;45.28;
2025;08;28;79;90.20;90.20;
2025;08;28;80;100.92;100.92;
2025;08;28;81;69.00;69.00;
2025;08;28;82;90.00;90.00;
2025;08;28;83;97.31;97.31;
2025;08;28;84;103.30;103.30;
2025;08;28;85;95.34;95.34;
2025;08;28;86;97.08;97.08;
2025;08;28;87;97.08;97.08;
2025;08;28;88;92.16;92.16;
2025;08;28;89;93.77;93.77;
2025;08;28;90;93.61;93.61;
2025;08;28;91;91.77;91.77;
2025;08;28;92;88.30;88.30;
2025;08;28;93;91.09;91.09;
2025;08;28;94;88.10;88.10;
2025;08;28;95;86.37;86.37;
2025;08;28;96;82.09;82.09;
*
