MARGINALPIBC;
2025;03;13;1;106.95;106.95;
2025;03;13;2;103.46;103.46;
2025;03;13;3;99.79;99.79;
2025;03;13;4;95.12;95.12;
2025;03;13;5;92.00;92.00;
2025;03;13;6;98.27;98.27;
2025;03;13;7;109.01;109.01;
2025;03;13;8;149.28;149.28;
2025;03;13;9;155.28;155.28;
2025;03;13;10;135.01;135.01;
2025;03;13;11;109.00;109.00;
2025;03;13;12;107.24;107.24;
2025;03;13;13;102.75;102.75;
2025;03;13;14;95.52;95.52;
2025;03;13;15;92.78;92.78;
2025;03;13;16;92.47;92.47;
2025;03;13;17;92.48;92.48;
2025;03;13;18;97.97;97.97;
2025;03;13;19;107.60;107.60;
2025;03;13;20;162.86;162.86;
2025;03;13;21;151.98;151.98;
2025;03;13;22;126.51;126.51;
2025;03;13;23;106.49;106.49;
2025;03;13;24;93.90;93.90;
*
