MARGINALPIBC;
2025;01;19;1;129.11;129.11;
2025;01;19;2;121.35;121.35;
2025;01;19;3;118.97;118.97;
2025;01;19;4;118.24;118.24;
2025;01;19;5;117.18;117.18;
2025;01;19;6;117.00;117.00;
2025;01;19;7;118.59;118.59;
2025;01;19;8;120.14;120.14;
2025;01;19;9;122.44;122.44;
2025;01;19;10;125.18;125.18;
2025;01;19;11;106.61;106.61;
2025;01;19;12;102.35;102.35;
2025;01;19;13;106.61;106.61;
2025;01;19;14;107.10;107.10;
2025;01;19;15;108.70;108.70;
2025;01;19;16;108.53;108.53;
2025;01;19;17;118.79;118.79;
2025;01;19;18;135.00;135.00;
2025;01;19;19;146.47;158.58;
2025;01;19;20;156.20;156.20;
2025;01;19;21;148.31;148.31;
2025;01;19;22;141.94;141.94;
2025;01;19;23;135.43;135.43;
2025;01;19;24;121.87;121.87;
*
