MARGINALPIBC;
2026;01;26;1;3.56;3.56;
2026;01;26;2;2.99;2.99;
2026;01;26;3;2.50;2.50;
2026;01;26;4;1.46;1.46;
2026;01;26;5;2.77;2.77;
2026;01;26;6;3.78;3.78;
2026;01;26;7;2.99;2.99;
2026;01;26;8;1.98;1.98;
2026;01;26;9;2.40;2.40;
2026;01;26;10;1.48;1.48;
2026;01;26;11;1.83;1.83;
2026;01;26;12;0.91;.91;
2026;01;26;13;3.78;3.78;
2026;01;26;14;3.78;3.78;
2026;01;26;15;3.78;3.78;
2026;01;26;16;3.78;3.78;
2026;01;26;17;-0.22;-.22;
2026;01;26;18;-0.22;-.22;
2026;01;26;19;-0.22;-.22;
2026;01;26;20;-0.22;-.22;
2026;01;26;21;-0.22;-.22;
2026;01;26;22;-0.22;-.22;
2026;01;26;23;0.00;.00;
2026;01;26;24;0.00;.00;
2026;01;26;25;0.00;.00;
2026;01;26;26;0.00;.00;
2026;01;26;27;0.00;.00;
2026;01;26;28;1.88;1.88;
2026;01;26;29;4.29;4.29;
2026;01;26;30;24.48;24.61;
2026;01;26;31;28.20;28.20;
2026;01;26;32;10.51;35.09;
2026;01;26;33;6.51;33.98;
2026;01;26;34;10.51;53.86;
2026;01;26;35;10.51;63.51;
2026;01;26;36;10.51;62.63;
2026;01;26;37;13.07;65.25;
2026;01;26;38;52.16;52.16;
2026;01;26;39;44.27;44.27;
2026;01;26;40;38.47;38.47;
2026;01;26;41;19.05;60.98;
2026;01;26;42;33.60;50.51;
2026;01;26;43;44.35;44.35;
2026;01;26;44;32.10;32.60;
2026;01;26;45;56.95;56.95;
2026;01;26;46;49.95;49.95;
2026;01;26;47;42.77;42.77;
2026;01;26;48;37.40;37.40;
2026;01;26;49;35.97;35.97;
2026;01;26;50;33.01;33.01;
2026;01;26;51;31.92;31.92;
2026;01;26;52;30.90;30.90;
2026;01;26;53;31.50;31.50;
2026;01;26;54;30.90;30.90;
2026;01;26;55;29.93;29.93;
2026;01;26;56;29.85;29.85;
2026;01;26;57;30.11;30.11;
2026;01;26;58;31.50;31.50;
2026;01;26;59;30.86;30.86;
2026;01;26;60;32.26;32.26;
2026;01;26;61;31.86;31.86;
2026;01;26;62;32.94;32.94;
2026;01;26;63;35.60;35.60;
2026;01;26;64;40.60;40.60;
2026;01;26;65;33.49;33.49;
2026;01;26;66;39.67;39.67;
2026;01;26;67;45.20;45.20;
2026;01;26;68;55.11;55.11;
2026;01;26;69;34.78;34.78;
2026;01;26;70;35.25;35.25;
2026;01;26;71;50.40;50.40;
2026;01;26;72;60.01;72.45;
2026;01;26;73;30.40;47.30;
2026;01;26;74;40.00;57.00;
2026;01;26;75;53.23;77.30;
2026;01;26;76;63.01;76.25;
2026;01;26;77;60.00;70.50;
2026;01;26;78;67.59;81.09;
2026;01;26;79;71.42;91.42;
2026;01;26;80;73.20;95.70;
2026;01;26;81;77.65;91.65;
2026;01;26;82;80.50;98.38;
2026;01;26;83;80.50;96.50;
2026;01;26;84;77.70;90.01;
2026;01;26;85;75.14;96.15;
2026;01;26;86;73.94;98.75;
2026;01;26;87;70.81;87.01;
2026;01;26;88;59.32;65.00;
2026;01;26;89;39.50;64.00;
2026;01;26;90;37.10;37.29;
2026;01;26;91;25.00;25.00;
2026;01;26;92;27.64;27.64;
2026;01;26;93;25.24;25.24;
2026;01;26;94;18.52;18.52;
2026;01;26;95;13.21;13.21;
2026;01;26;96;13.02;13.02;
*
