MARGINALPIBC;
2026;01;18;1;116.53;116.53;
2026;01;18;2;114.94;114.94;
2026;01;18;3;112.27;112.27;
2026;01;18;4;111.05;111.05;
2026;01;18;5;113.84;113.84;
2026;01;18;6;111.91;111.91;
2026;01;18;7;110.95;110.95;
2026;01;18;8;108.10;108.10;
2026;01;18;9;111.34;111.34;
2026;01;18;10;108.20;108.20;
2026;01;18;11;105.18;105.18;
2026;01;18;12;104.22;104.22;
2026;01;18;13;103.70;103.70;
2026;01;18;14;104.00;104.00;
2026;01;18;15;102.73;102.73;
2026;01;18;16;103.76;103.76;
2026;01;18;17;104.01;104.01;
2026;01;18;18;105.12;105.12;
2026;01;18;19;105.62;105.62;
2026;01;18;20;106.05;106.05;
2026;01;18;21;105.84;105.84;
2026;01;18;22;104.95;104.95;
2026;01;18;23;106.29;106.29;
2026;01;18;24;107.32;107.32;
2026;01;18;25;103.86;103.86;
2026;01;18;26;105.11;105.11;
2026;01;18;27;105.20;105.20;
2026;01;18;28;106.00;106.00;
2026;01;18;29;106.36;106.36;
2026;01;18;30;106.36;106.36;
2026;01;18;31;106.50;106.50;
2026;01;18;32;108.12;108.12;
2026;01;18;33;109.90;109.90;
2026;01;18;34;110.73;110.73;
2026;01;18;35;112.00;112.00;
2026;01;18;36;111.11;111.11;
2026;01;18;37;117.97;117.97;
2026;01;18;38;113.22;113.22;
2026;01;18;39;108.74;108.74;
2026;01;18;40;104.19;104.19;
2026;01;18;41;112.67;112.67;
2026;01;18;42;106.05;106.05;
2026;01;18;43;104.95;104.95;
2026;01;18;44;101.10;101.10;
2026;01;18;45;105.11;105.11;
2026;01;18;46;105.24;105.24;
2026;01;18;47;101.84;101.84;
2026;01;18;48;102.20;102.20;
2026;01;18;49;102.70;102.70;
2026;01;18;50;100.01;100.01;
2026;01;18;51;100.50;100.50;
2026;01;18;52;100.74;100.74;
2026;01;18;53;102.70;102.70;
2026;01;18;54;101.28;101.28;
2026;01;18;55;101.64;101.64;
2026;01;18;56;102.22;102.22;
2026;01;18;57;102.44;102.44;
2026;01;18;58;104.81;104.81;
2026;01;18;59;104.21;104.21;
2026;01;18;60;103.91;103.91;
2026;01;18;61;102.87;102.87;
2026;01;18;62;103.44;103.44;
2026;01;18;63;109.35;109.35;
2026;01;18;64;115.99;115.99;
2026;01;18;65;105.45;105.45;
2026;01;18;66;107.11;107.11;
2026;01;18;67;114.28;114.28;
2026;01;18;68;117.49;117.49;
2026;01;18;69;122.55;122.55;
2026;01;18;70;129.37;129.37;
2026;01;18;71;139.26;139.26;
2026;01;18;72;145.14;145.14;
2026;01;18;73;144.83;144.83;
2026;01;18;74;147.44;147.44;
2026;01;18;75;161.42;161.42;
2026;01;18;76;175.00;175.00;
2026;01;18;77;146.79;146.79;
2026;01;18;78;151.00;151.00;
2026;01;18;79;151.02;151.02;
2026;01;18;80;162.00;162.00;
2026;01;18;81;163.18;163.18;
2026;01;18;82;176.34;176.34;
2026;01;18;83;175.49;175.49;
2026;01;18;84;175.49;175.49;
2026;01;18;85;174.58;174.58;
2026;01;18;86;170.03;170.03;
2026;01;18;87;159.33;159.33;
2026;01;18;88;140.68;140.68;
2026;01;18;89;149.30;149.30;
2026;01;18;90;141.03;141.03;
2026;01;18;91;131.04;131.04;
2026;01;18;92;129.99;129.99;
2026;01;18;93;135.33;135.33;
2026;01;18;94;131.19;131.19;
2026;01;18;95;125.15;125.15;
2026;01;18;96;118.89;118.89;
*
