MARGINALPIBC;
2025;10;23;1;14.00;14.00;
2025;10;23;2;19.00;19.00;
2025;10;23;3;25.00;25.00;
2025;10;23;4;17.10;17.10;
2025;10;23;5;31.10;31.10;
2025;10;23;6;16.99;16.99;
2025;10;23;7;9.35;9.35;
2025;10;23;8;4.56;4.56;
2025;10;23;9;5.11;5.11;
2025;10;23;10;3.00;3.00;
2025;10;23;11;0.00;.00;
2025;10;23;12;0.00;.00;
2025;10;23;13;0.05;.05;
2025;10;23;14;0.01;.01;
2025;10;23;15;0.05;.05;
2025;10;23;16;0.05;.05;
2025;10;23;17;0.00;.00;
2025;10;23;18;0.00;.00;
2025;10;23;19;0.00;.00;
2025;10;23;20;0.00;.00;
2025;10;23;21;-0.45;-.45;
2025;10;23;22;-0.45;-.45;
2025;10;23;23;-0.45;-.45;
2025;10;23;24;-0.01;-.01;
2025;10;23;25;2.27;2.27;
2025;10;23;26;5.11;5.11;
2025;10;23;27;17.02;17.02;
2025;10;23;28;26.00;26.00;
2025;10;23;29;25.00;25.00;
2025;10;23;30;30.15;30.15;
2025;10;23;31;29.46;29.46;
2025;10;23;32;34.50;34.50;
2025;10;23;33;30.21;30.21;
2025;10;23;34;35.30;35.30;
2025;10;23;35;39.40;39.40;
2025;10;23;36;33.00;33.00;
2025;10;23;37;34.45;34.45;
2025;10;23;38;25.01;25.01;
2025;10;23;39;25.02;25.02;
2025;10;23;40;26.97;26.97;
2025;10;23;41;19.01;10.00;
2025;10;23;42;19.01;.74;
2025;10;23;43;19.01;-.45;
2025;10;23;44;19.01;-.45;
2025;10;23;45;18.02;.65;
2025;10;23;46;9.31;.00;
2025;10;23;47;9.31;.00;
2025;10;23;48;7.32;-.45;
2025;10;23;49;9.31;-.45;
2025;10;23;50;4.32;-.45;
2025;10;23;51;4.32;-.45;
2025;10;23;52;4.31;-.45;
2025;10;23;53;4.31;-.45;
2025;10;23;54;4.31;-.45;
2025;10;23;55;4.31;-.45;
2025;10;23;56;4.31;-.45;
2025;10;23;57;4.31;-.45;
2025;10;23;58;4.31;-.45;
2025;10;23;59;4.31;.00;
2025;10;23;60;4.31;.00;
2025;10;23;61;4.31;.00;
2025;10;23;62;4.31;.00;
2025;10;23;63;4.32;.00;
2025;10;23;64;5.00;.00;
2025;10;23;65;4.32;-.45;
2025;10;23;66;10.00;.00;
2025;10;23;67;13.30;.00;
2025;10;23;68;13.51;.00;
2025;10;23;69;4.32;.01;
2025;10;23;70;25.77;.65;
2025;10;23;71;20.01;3.52;
2025;10;23;72;20.01;14.60;
2025;10;23;73;20.79;20.79;
2025;10;23;74;19.01;12.52;
2025;10;23;75;23.47;23.47;
2025;10;23;76;40.02;40.02;
2025;10;23;77;63.14;63.14;
2025;10;23;78;66.28;66.28;
2025;10;23;79;75.00;75.00;
2025;10;23;80;83.04;83.04;
2025;10;23;81;88.09;88.09;
2025;10;23;82;91.95;91.95;
2025;10;23;83;98.82;98.82;
2025;10;23;84;100.50;100.50;
2025;10;23;85;100.00;100.00;
2025;10;23;86;100.00;100.00;
2025;10;23;87;97.61;97.61;
2025;10;23;88;93.34;93.34;
2025;10;23;89;94.45;94.45;
2025;10;23;90;92.33;92.33;
2025;10;23;91;92.78;92.78;
2025;10;23;92;86.01;86.01;
2025;10;23;93;84.82;84.82;
2025;10;23;94;77.56;77.56;
2025;10;23;95;70.87;70.87;
2025;10;23;96;64.00;64.00;
*
