MARGINALPIBC;
2025;08;11;1;108.00;108.00;
2025;08;11;2;106.70;106.70;
2025;08;11;3;102.39;102.39;
2025;08;11;4;101.00;101.00;
2025;08;11;5;100.53;100.53;
2025;08;11;6;100.43;100.43;
2025;08;11;7;98.77;98.77;
2025;08;11;8;97.43;97.43;
2025;08;11;9;99.89;99.89;
2025;08;11;10;97.70;97.70;
2025;08;11;11;95.99;95.99;
2025;08;11;12;96.65;96.65;
2025;08;11;13;99.79;99.79;
2025;08;11;14;98.89;98.89;
2025;08;11;15;98.89;98.89;
2025;08;11;16;98.89;98.89;
2025;08;11;17;96.78;96.78;
2025;08;11;18;96.68;96.68;
2025;08;11;19;96.90;96.90;
2025;08;11;20;98.18;98.18;
2025;08;11;21;95.91;95.91;
2025;08;11;22;96.89;96.89;
2025;08;11;23;97.66;97.66;
2025;08;11;24;99.89;99.89;
2025;08;11;25;94.67;94.67;
2025;08;11;26;97.65;97.65;
2025;08;11;27;99.65;99.65;
2025;08;11;28;99.89;99.89;
2025;08;11;29;105.11;105.11;
2025;08;11;30;105.43;105.43;
2025;08;11;31;105.45;105.45;
2025;08;11;32;105.43;105.43;
2025;08;11;33;124.60;124.60;
2025;08;11;34;105.51;105.51;
2025;08;11;35;84.62;84.62;
2025;08;11;36;58.89;58.89;
2025;08;11;37;93.10;93.10;
2025;08;11;38;86.49;86.49;
2025;08;11;39;60.55;60.55;
2025;08;11;40;37.09;37.09;
2025;08;11;41;58.26;58.26;
2025;08;11;42;45.00;45.00;
2025;08;11;43;32.63;32.63;
2025;08;11;44;17.98;17.98;
2025;08;11;45;27.50;27.50;
2025;08;11;46;20.00;20.00;
2025;08;11;47;15.00;15.00;
2025;08;11;48;13.46;13.46;
2025;08;11;49;17.22;17.22;
2025;08;11;50;17.44;17.44;
2025;08;11;51;18.00;18.00;
2025;08;11;52;17.22;17.22;
2025;08;11;53;15.51;15.51;
2025;08;11;54;15.51;15.51;
2025;08;11;55;15.51;15.51;
2025;08;11;56;15.50;15.50;
2025;08;11;57;10.50;10.50;
2025;08;11;58;10.51;10.51;
2025;08;11;59;10.51;10.51;
2025;08;11;60;10.50;10.50;
2025;08;11;61;9.25;9.25;
2025;08;11;62;9.25;9.25;
2025;08;11;63;12.00;12.00;
2025;08;11;64;25.28;25.28;
2025;08;11;65;28.46;28.46;
2025;08;11;66;44.50;44.50;
2025;08;11;67;44.50;44.50;
2025;08;11;68;49.50;49.50;
2025;08;11;69;26.42;26.42;
2025;08;11;70;38.07;38.07;
2025;08;11;71;56.97;56.97;
2025;08;11;72;60.97;60.97;
2025;08;11;73;50.00;50.00;
2025;08;11;74;74.46;74.46;
2025;08;11;75;86.00;86.00;
2025;08;11;76;90.00;90.00;
2025;08;11;77;42.00;42.00;
2025;08;11;78;87.61;87.61;
2025;08;11;79;113.16;113.16;
2025;08;11;80;133.30;133.30;
2025;08;11;81;110.09;110.09;
2025;08;11;82;134.09;134.09;
2025;08;11;83;142.88;142.88;
2025;08;11;84;150.09;150.09;
2025;08;11;85;140.22;140.22;
2025;08;11;86;142.41;142.41;
2025;08;11;87;144.26;144.26;
2025;08;11;88;142.00;142.00;
2025;08;11;89;133.51;133.51;
2025;08;11;90;133.36;133.36;
2025;08;11;91;128.51;128.51;
2025;08;11;92;123.51;123.51;
2025;08;11;93;109.91;109.91;
2025;08;11;94;105.81;105.81;
2025;08;11;95;101.76;101.76;
2025;08;11;96;101.00;101.00;
*
