MARGINALPIBC;
2025;09;08;1;103.93;103.93;
2025;09;08;2;101.94;101.94;
2025;09;08;3;99.51;99.51;
2025;09;08;4;99.28;99.28;
2025;09;08;5;93.99;93.99;
2025;09;08;6;92.78;92.78;
2025;09;08;7;91.55;91.55;
2025;09;08;8;90.38;90.38;
2025;09;08;9;91.39;91.39;
2025;09;08;10;90.40;90.40;
2025;09;08;11;89.29;89.29;
2025;09;08;12;88.22;88.22;
2025;09;08;13;85.52;85.52;
2025;09;08;14;85.52;85.52;
2025;09;08;15;85.52;85.52;
2025;09;08;16;84.95;84.95;
2025;09;08;17;81.14;81.14;
2025;09;08;18;80.95;80.95;
2025;09;08;19;80.94;80.94;
2025;09;08;20;80.94;80.94;
2025;09;08;21;81.97;81.97;
2025;09;08;22;81.97;81.97;
2025;09;08;23;81.97;81.97;
2025;09;08;24;82.37;82.37;
2025;09;08;25;87.19;87.19;
2025;09;08;26;89.30;89.30;
2025;09;08;27;90.77;90.77;
2025;09;08;28;92.02;92.02;
2025;09;08;29;98.43;98.43;
2025;09;08;30;99.89;99.89;
2025;09;08;31;102.74;102.74;
2025;09;08;32;104.35;104.35;
2025;09;08;33;109.61;109.61;
2025;09;08;34;109.61;109.61;
2025;09;08;35;108.26;108.26;
2025;09;08;36;105.00;105.00;
2025;09;08;37;98.38;98.38;
2025;09;08;38;98.21;98.21;
2025;09;08;39;92.10;92.10;
2025;09;08;40;74.23;74.23;
2025;09;08;41;85.85;85.85;
2025;09;08;42;85.83;85.83;
2025;09;08;43;80.73;80.73;
2025;09;08;44;65.50;65.50;
2025;09;08;45;80.50;80.50;
2025;09;08;46;71.12;71.12;
2025;09;08;47;63.00;63.00;
2025;09;08;48;50.28;50.28;
2025;09;08;49;53.01;53.01;
2025;09;08;50;52.01;52.01;
2025;09;08;51;50.00;50.00;
2025;09;08;52;48.97;48.97;
2025;09;08;53;45.00;45.00;
2025;09;08;54;43.06;43.06;
2025;09;08;55;40.50;40.50;
2025;09;08;56;38.56;38.56;
2025;09;08;57;45.00;45.00;
2025;09;08;58;45.00;45.00;
2025;09;08;59;39.15;39.15;
2025;09;08;60;32.20;32.20;
2025;09;08;61;34.59;34.59;
2025;09;08;62;35.34;35.34;
2025;09;08;63;34.59;34.59;
2025;09;08;64;32.60;32.60;
2025;09;08;65;29.20;29.20;
2025;09;08;66;29.71;29.71;
2025;09;08;67;37.19;37.19;
2025;09;08;68;45.00;45.00;
2025;09;08;69;40.12;40.12;
2025;09;08;70;48.44;48.44;
2025;09;08;71;50.00;50.00;
2025;09;08;72;68.64;68.64;
2025;09;08;73;48.03;48.03;
2025;09;08;74;65.09;65.09;
2025;09;08;75;77.69;77.69;
2025;09;08;76;84.32;84.32;
2025;09;08;77;63.35;63.35;
2025;09;08;78;86.38;86.38;
2025;09;08;79;91.15;91.15;
2025;09;08;80;91.80;91.80;
2025;09;08;81;91.71;91.71;
2025;09;08;82;93.39;93.39;
2025;09;08;83;97.49;97.49;
2025;09;08;84;98.21;98.21;
2025;09;08;85;94.82;94.82;
2025;09;08;86;94.57;94.57;
2025;09;08;87;92.10;92.10;
2025;09;08;88;89.36;89.36;
2025;09;08;89;90.18;90.18;
2025;09;08;90;89.30;89.30;
2025;09;08;91;88.16;88.16;
2025;09;08;92;86.69;86.69;
2025;09;08;93;78.33;78.33;
2025;09;08;94;73.08;73.08;
2025;09;08;95;68.99;68.99;
2025;09;08;96;57.09;57.09;
*
