MARGINALPIBC;
2026;02;21;1;6.00;11.08;
2026;02;21;2;6.00;10.00;
2026;02;21;3;2.30;2.30;
2026;02;21;4;1.12;1.12;
2026;02;21;5;2.99;2.99;
2026;02;21;6;1.21;1.21;
2026;02;21;7;1.63;1.63;
2026;02;21;8;0.68;.68;
2026;02;21;9;-0.06;-.06;
2026;02;21;10;-0.20;-.20;
2026;02;21;11;-0.20;-.20;
2026;02;21;12;-0.46;-.46;
2026;02;21;13;-0.20;-.20;
2026;02;21;14;-0.20;-.20;
2026;02;21;15;-0.46;-.46;
2026;02;21;16;-0.46;-.46;
2026;02;21;17;-0.46;-.46;
2026;02;21;18;-0.56;-.56;
2026;02;21;19;-0.20;-.20;
2026;02;21;20;-0.20;-.20;
2026;02;21;21;-0.20;-.20;
2026;02;21;22;-0.20;-.20;
2026;02;21;23;-0.20;-.20;
2026;02;21;24;-0.20;-.20;
2026;02;21;25;0.68;.68;
2026;02;21;26;1.73;1.73;
2026;02;21;27;0.71;.71;
2026;02;21;28;0.60;.60;
2026;02;21;29;1.20;1.20;
2026;02;21;30;1.49;1.49;
2026;02;21;31;1.71;2.53;
2026;02;21;32;1.71;4.00;
2026;02;21;33;1.71;15.58;
2026;02;21;34;1.71;10.82;
2026;02;21;35;1.40;1.40;
2026;02;21;36;-0.20;-.20;
2026;02;21;37;3.00;3.00;
2026;02;21;38;-0.99;-.99;
2026;02;21;39;-0.46;-.46;
2026;02;21;40;1.96;-.46;
2026;02;21;41;1.58;1.00;
2026;02;21;42;2.22;.00;
2026;02;21;43;6.36;.00;
2026;02;21;44;5.65;.00;
2026;02;21;45;5.60;-.20;
2026;02;21;46;5.58;-4.50;
2026;02;21;47;5.58;-5.42;
2026;02;21;48;5.58;-8.42;
2026;02;21;49;5.58;-9.00;
2026;02;21;50;5.58;-9.00;
2026;02;21;51;5.58;-9.00;
2026;02;21;52;5.58;-4.51;
2026;02;21;53;5.58;-5.00;
2026;02;21;54;5.58;-5.00;
2026;02;21;55;5.60;.00;
2026;02;21;56;5.58;.00;
2026;02;21;57;5.58;.00;
2026;02;21;58;5.55;.00;
2026;02;21;59;5.55;-.01;
2026;02;21;60;5.50;-.11;
2026;02;21;61;5.55;-.01;
2026;02;21;62;5.58;-.11;
2026;02;21;63;5.58;-.11;
2026;02;21;64;5.58;-.01;
2026;02;21;65;5.60;-11.00;
2026;02;21;66;5.65;-9.00;
2026;02;21;67;6.68;-5.42;
2026;02;21;68;11.43;-2.00;
2026;02;21;69;10.01;-1.25;
2026;02;21;70;4.50;-1.09;
2026;02;21;71;-0.94;-.94;
2026;02;21;72;-0.56;-.56;
2026;02;21;73;-0.56;-.56;
2026;02;21;74;1.00;17.05;
2026;02;21;75;1.78;40.20;
2026;02;21;76;1.36;79.34;
2026;02;21;77;0.94;80.23;
2026;02;21;78;3.51;73.72;
2026;02;21;79;33.46;81.12;
2026;02;21;80;41.54;82.80;
2026;02;21;81;58.45;79.15;
2026;02;21;82;58.45;82.16;
2026;02;21;83;58.45;81.75;
2026;02;21;84;58.45;81.75;
2026;02;21;85;58.45;81.64;
2026;02;21;86;58.45;81.23;
2026;02;21;87;55.03;85.00;
2026;02;21;88;41.54;72.00;
2026;02;21;89;35.46;79.78;
2026;02;21;90;9.94;62.66;
2026;02;21;91;5.51;55.11;
2026;02;21;92;0.94;40.00;
2026;02;21;93;4.94;25.00;
2026;02;21;94;3.56;36.91;
2026;02;21;95;3.36;28.91;
2026;02;21;96;1.78;16.50;
*
