MARGINALPIBC;
2025;09;10;1;89.79;89.79;
2025;09;10;2;88.24;88.24;
2025;09;10;3;87.44;87.44;
2025;09;10;4;84.94;84.94;
2025;09;10;5;84.09;84.09;
2025;09;10;6;83.29;83.29;
2025;09;10;7;83.09;83.09;
2025;09;10;8;83.09;83.09;
2025;09;10;9;83.29;83.29;
2025;09;10;10;83.29;83.29;
2025;09;10;11;83.09;83.09;
2025;09;10;12;83.09;83.09;
2025;09;10;13;82.10;82.10;
2025;09;10;14;82.06;82.06;
2025;09;10;15;81.30;81.30;
2025;09;10;16;81.30;81.30;
2025;09;10;17;75.84;75.84;
2025;09;10;18;75.18;75.18;
2025;09;10;19;73.19;73.19;
2025;09;10;20;73.19;73.19;
2025;09;10;21;66.00;66.00;
2025;09;10;22;66.00;66.00;
2025;09;10;23;66.00;66.00;
2025;09;10;24;66.00;66.00;
2025;09;10;25;77.50;77.50;
2025;09;10;26;77.70;77.70;
2025;09;10;27;77.70;77.70;
2025;09;10;28;82.06;82.06;
2025;09;10;29;84.26;84.26;
2025;09;10;30;84.26;84.26;
2025;09;10;31;84.46;84.46;
2025;09;10;32;84.46;84.46;
2025;09;10;33;87.45;87.45;
2025;09;10;34;85.00;85.00;
2025;09;10;35;76.19;76.19;
2025;09;10;36;60.58;60.58;
2025;09;10;37;85.33;85.33;
2025;09;10;38;67.65;67.65;
2025;09;10;39;30.00;30.00;
2025;09;10;40;15.09;15.09;
2025;09;10;41;28.95;28.95;
2025;09;10;42;13.00;13.00;
2025;09;10;43;4.99;4.99;
2025;09;10;44;3.00;.65;
2025;09;10;45;0.00;.00;
2025;09;10;46;0.00;.00;
2025;09;10;47;0.50;.00;
2025;09;10;48;0.00;.00;
2025;09;10;49;1.50;.00;
2025;09;10;50;0.50;.00;
2025;09;10;51;0.50;.00;
2025;09;10;52;0.00;.00;
2025;09;10;53;1.50;.00;
2025;09;10;54;0.00;.00;
2025;09;10;55;0.00;.00;
2025;09;10;56;0.00;.00;
2025;09;10;57;0.00;.00;
2025;09;10;58;0.00;.00;
2025;09;10;59;0.00;.00;
2025;09;10;60;0.00;.00;
2025;09;10;61;0.00;.00;
2025;09;10;62;1.50;.00;
2025;09;10;63;1.50;.00;
2025;09;10;64;1.50;.00;
2025;09;10;65;4.31;.00;
2025;09;10;66;0.00;.00;
2025;09;10;67;4.31;.00;
2025;09;10;68;4.31;.00;
2025;09;10;69;0.00;.00;
2025;09;10;70;4.80;.00;
2025;09;10;71;4.80;4.80;
2025;09;10;72;10.90;10.90;
2025;09;10;73;1.09;1.09;
2025;09;10;74;17.70;17.70;
2025;09;10;75;33.24;33.24;
2025;09;10;76;65.00;65.00;
2025;09;10;77;21.38;21.38;
2025;09;10;78;52.17;52.17;
2025;09;10;79;88.14;88.14;
2025;09;10;80;96.62;96.62;
2025;09;10;81;86.18;86.18;
2025;09;10;82;91.50;91.50;
2025;09;10;83;94.00;94.00;
2025;09;10;84;95.98;95.98;
2025;09;10;85;100.01;100.01;
2025;09;10;86;100.70;100.70;
2025;09;10;87;100.70;100.70;
2025;09;10;88;99.60;99.60;
2025;09;10;89;94.20;94.20;
2025;09;10;90;92.35;92.35;
2025;09;10;91;91.26;91.26;
2025;09;10;92;88.93;88.93;
2025;09;10;93;85.00;85.00;
2025;09;10;94;83.29;83.29;
2025;09;10;95;83.09;83.09;
2025;09;10;96;80.00;80.00;
*
