MARGINALPIBC;
2025;09;16;1;90.02;90.02;
2025;09;16;2;89.50;89.50;
2025;09;16;3;88.11;88.11;
2025;09;16;4;85.11;85.11;
2025;09;16;5;89.00;89.00;
2025;09;16;6;88.11;88.11;
2025;09;16;7;86.40;86.40;
2025;09;16;8;84.50;84.50;
2025;09;16;9;84.42;84.42;
2025;09;16;10;83.70;83.70;
2025;09;16;11;80.93;80.93;
2025;09;16;12;79.54;79.54;
2025;09;16;13;83.05;83.05;
2025;09;16;14;83.74;83.74;
2025;09;16;15;83.36;83.36;
2025;09;16;16;83.58;83.58;
2025;09;16;17;86.53;86.53;
2025;09;16;18;87.43;87.43;
2025;09;16;19;88.23;88.23;
2025;09;16;20;89.00;89.00;
2025;09;16;21;88.20;88.20;
2025;09;16;22;89.20;89.20;
2025;09;16;23;89.20;89.20;
2025;09;16;24;91.20;91.20;
2025;09;16;25;94.41;94.41;
2025;09;16;26;95.46;95.46;
2025;09;16;27;99.90;99.90;
2025;09;16;28;100.79;100.79;
2025;09;16;29;106.90;106.90;
2025;09;16;30;110.88;110.88;
2025;09;16;31;111.88;111.88;
2025;09;16;32;114.85;114.85;
2025;09;16;33;118.80;118.80;
2025;09;16;34;116.74;116.74;
2025;09;16;35;109.33;109.33;
2025;09;16;36;101.74;101.74;
2025;09;16;37;103.90;103.90;
2025;09;16;38;95.43;95.43;
2025;09;16;39;84.42;84.42;
2025;09;16;40;66.92;66.92;
2025;09;16;41;83.21;83.21;
2025;09;16;42;57.10;57.10;
2025;09;16;43;37.90;33.10;
2025;09;16;44;28.09;23.85;
2025;09;16;45;47.35;47.35;
2025;09;16;46;23.18;23.18;
2025;09;16;47;19.33;15.20;
2025;09;16;48;17.47;15.00;
2025;09;16;49;18.14;18.14;
2025;09;16;50;14.14;14.14;
2025;09;16;51;14.14;14.14;
2025;09;16;52;14.14;14.14;
2025;09;16;53;19.14;19.14;
2025;09;16;54;18.14;18.14;
2025;09;16;55;17.68;17.68;
2025;09;16;56;14.14;14.14;
2025;09;16;57;13.27;13.27;
2025;09;16;58;11.34;11.34;
2025;09;16;59;11.96;11.96;
2025;09;16;60;17.76;10.00;
2025;09;16;61;20.33;3.57;
2025;09;16;62;24.11;3.52;
2025;09;16;63;92.14;3.52;
2025;09;16;64;92.14;5.40;
2025;09;16;65;12.35;7.95;
2025;09;16;66;16.65;9.14;
2025;09;16;67;14.23;14.23;
2025;09;16;68;29.13;29.13;
2025;09;16;69;21.13;16.15;
2025;09;16;70;21.13;19.79;
2025;09;16;71;38.14;38.14;
2025;09;16;72;92.14;62.92;
2025;09;16;73;29.29;29.29;
2025;09;16;74;61.30;61.30;
2025;09;16;75;84.20;84.20;
2025;09;16;76;93.40;93.40;
2025;09;16;77;72.79;72.79;
2025;09;16;78;98.13;98.13;
2025;09;16;79;109.04;109.04;
2025;09;16;80;120.96;120.96;
2025;09;16;81;132.05;132.05;
2025;09;16;82;134.30;134.30;
2025;09;16;83;143.14;143.14;
2025;09;16;84;151.30;151.30;
2025;09;16;85;208.96;208.96;
2025;09;16;86;213.86;213.86;
2025;09;16;87;208.90;208.90;
2025;09;16;88;198.95;198.95;
2025;09;16;89;125.47;125.47;
2025;09;16;90;117.36;117.36;
2025;09;16;91;111.85;111.85;
2025;09;16;92;111.84;111.84;
2025;09;16;93;108.47;108.47;
2025;09;16;94;107.05;107.05;
2025;09;16;95;104.50;104.50;
2025;09;16;96;104.50;104.50;
*
