MARGINALPIBC;
2025;08;18;1;111.37;111.37;
2025;08;18;2;109.52;109.52;
2025;08;18;3;109.01;109.01;
2025;08;18;4;104.53;104.53;
2025;08;18;5;110.01;110.01;
2025;08;18;6;108.17;108.17;
2025;08;18;7;105.53;105.53;
2025;08;18;8;105.04;105.04;
2025;08;18;9;105.03;105.03;
2025;08;18;10;104.30;104.30;
2025;08;18;11;103.82;103.82;
2025;08;18;12;103.80;103.80;
2025;08;18;13;103.74;103.74;
2025;08;18;14;103.10;103.10;
2025;08;18;15;102.08;102.08;
2025;08;18;16;100.40;100.40;
2025;08;18;17;98.28;98.28;
2025;08;18;18;96.82;96.82;
2025;08;18;19;95.63;95.63;
2025;08;18;20;94.82;94.82;
2025;08;18;21;96.12;96.12;
2025;08;18;22;96.12;96.12;
2025;08;18;23;96.12;96.12;
2025;08;18;24;96.30;96.30;
2025;08;18;25;96.91;96.91;
2025;08;18;26;100.31;100.31;
2025;08;18;27;103.72;103.72;
2025;08;18;28;105.34;105.34;
2025;08;18;29;104.85;104.85;
2025;08;18;30;106.05;106.05;
2025;08;18;31;106.54;106.54;
2025;08;18;32;106.54;106.54;
2025;08;18;33;110.64;110.64;
2025;08;18;34;106.74;106.74;
2025;08;18;35;100.31;100.31;
2025;08;18;36;81.54;81.54;
2025;08;18;37;106.33;106.33;
2025;08;18;38;99.70;99.70;
2025;08;18;39;79.56;79.56;
2025;08;18;40;60.00;60.00;
2025;08;18;41;92.42;92.42;
2025;08;18;42;70.07;70.07;
2025;08;18;43;62.52;62.52;
2025;08;18;44;50.01;47.52;
2025;08;18;45;74.98;74.98;
2025;08;18;46;70.01;67.80;
2025;08;18;47;69.70;65.00;
2025;08;18;48;69.70;66.66;
2025;08;18;49;69.00;69.00;
2025;08;18;50;68.50;68.50;
2025;08;18;51;67.39;67.39;
2025;08;18;52;68.80;68.80;
2025;08;18;53;70.01;66.66;
2025;08;18;54;70.01;66.66;
2025;08;18;55;69.00;66.66;
2025;08;18;56;69.00;67.42;
2025;08;18;57;67.90;67.90;
2025;08;18;58;67.90;67.90;
2025;08;18;59;67.90;67.90;
2025;08;18;60;66.72;66.72;
2025;08;18;61;59.99;59.99;
2025;08;18;62;59.00;59.00;
2025;08;18;63;61.53;61.53;
2025;08;18;64;67.07;67.07;
2025;08;18;65;59.26;59.26;
2025;08;18;66;66.28;66.28;
2025;08;18;67;69.26;69.26;
2025;08;18;68;69.26;69.26;
2025;08;18;69;67.80;67.80;
2025;08;18;70;70.01;70.01;
2025;08;18;71;72.51;72.51;
2025;08;18;72;83.91;83.91;
2025;08;18;73;69.81;69.81;
2025;08;18;74;86.36;86.36;
2025;08;18;75;99.63;99.63;
2025;08;18;76;104.71;104.71;
2025;08;18;77;86.50;86.50;
2025;08;18;78;107.10;107.10;
2025;08;18;79;118.99;118.99;
2025;08;18;80;125.01;125.01;
2025;08;18;81;110.38;110.38;
2025;08;18;82;119.00;119.00;
2025;08;18;83;120.00;120.00;
2025;08;18;84;122.62;122.62;
2025;08;18;85;120.75;120.75;
2025;08;18;86;120.71;120.71;
2025;08;18;87;117.99;117.99;
2025;08;18;88;113.70;113.70;
2025;08;18;89;114.32;114.32;
2025;08;18;90;114.07;114.07;
2025;08;18;91;111.33;111.33;
2025;08;18;92;107.63;107.63;
2025;08;18;93;108.65;108.65;
2025;08;18;94;106.85;106.85;
2025;08;18;95;104.04;104.04;
2025;08;18;96;102.89;102.89;
*
