MARGINALPIBC;
2026;01;22;1;53.97;53.97;
2026;01;22;2;46.86;46.86;
2026;01;22;3;40.00;40.00;
2026;01;22;4;29.93;29.93;
2026;01;22;5;50.00;50.00;
2026;01;22;6;42.10;42.10;
2026;01;22;7;42.15;42.15;
2026;01;22;8;35.00;35.00;
2026;01;22;9;50.17;50.17;
2026;01;22;10;45.76;45.76;
2026;01;22;11;41.65;41.65;
2026;01;22;12;39.39;39.39;
2026;01;22;13;41.15;41.15;
2026;01;22;14;35.49;35.49;
2026;01;22;15;30.00;30.00;
2026;01;22;16;29.30;29.30;
2026;01;22;17;25.51;25.51;
2026;01;22;18;26.70;26.70;
2026;01;22;19;34.50;34.50;
2026;01;22;20;33.91;33.91;
2026;01;22;21;39.45;39.45;
2026;01;22;22;32.35;32.35;
2026;01;22;23;45.53;45.53;
2026;01;22;24;47.19;47.19;
2026;01;22;25;35.50;35.50;
2026;01;22;26;30.00;30.00;
2026;01;22;27;44.07;44.07;
2026;01;22;28;48.99;48.99;
2026;01;22;29;40.89;40.89;
2026;01;22;30;55.17;55.17;
2026;01;22;31;68.37;68.37;
2026;01;22;32;71.57;71.57;
2026;01;22;33;69.70;69.70;
2026;01;22;34;72.00;72.00;
2026;01;22;35;76.20;76.20;
2026;01;22;36;72.00;72.00;
2026;01;22;37;86.50;95.00;
2026;01;22;38;79.00;79.00;
2026;01;22;39;72.00;72.00;
2026;01;22;40;69.80;69.80;
2026;01;22;41;63.83;63.83;
2026;01;22;42;49.20;49.20;
2026;01;22;43;52.33;52.33;
2026;01;22;44;33.36;33.36;
2026;01;22;45;34.95;34.95;
2026;01;22;46;40.00;40.00;
2026;01;22;47;35.00;35.00;
2026;01;22;48;23.34;23.34;
2026;01;22;49;33.47;33.47;
2026;01;22;50;29.47;29.47;
2026;01;22;51;28.22;28.22;
2026;01;22;52;30.00;30.00;
2026;01;22;53;35.66;35.66;
2026;01;22;54;33.21;33.21;
2026;01;22;55;38.34;38.34;
2026;01;22;56;38.34;38.34;
2026;01;22;57;33.23;33.23;
2026;01;22;58;37.47;37.47;
2026;01;22;59;41.60;41.60;
2026;01;22;60;53.84;53.84;
2026;01;22;61;33.60;33.60;
2026;01;22;62;25.00;25.00;
2026;01;22;63;30.37;30.37;
2026;01;22;64;40.00;40.00;
2026;01;22;65;33.50;33.50;
2026;01;22;66;35.00;35.00;
2026;01;22;67;48.13;48.13;
2026;01;22;68;56.20;56.20;
2026;01;22;69;63.30;63.30;
2026;01;22;70;70.49;70.49;
2026;01;22;71;72.00;72.00;
2026;01;22;72;75.10;75.10;
2026;01;22;73;71.24;71.24;
2026;01;22;74;74.50;74.50;
2026;01;22;75;72.00;78.03;
2026;01;22;76;77.49;78.97;
2026;01;22;77;75.00;80.50;
2026;01;22;78;77.13;82.63;
2026;01;22;79;78.17;84.01;
2026;01;22;80;75.50;87.52;
2026;01;22;81;75.50;85.63;
2026;01;22;82;76.25;86.85;
2026;01;22;83;76.75;85.64;
2026;01;22;84;75.90;80.40;
2026;01;22;85;75.50;80.50;
2026;01;22;86;74.44;77.84;
2026;01;22;87;72.00;72.00;
2026;01;22;88;70.78;70.78;
2026;01;22;89;70.78;70.78;
2026;01;22;90;67.00;67.00;
2026;01;22;91;59.87;59.87;
2026;01;22;92;44.67;44.67;
2026;01;22;93;64.49;64.49;
2026;01;22;94;55.50;55.50;
2026;01;22;95;40.84;40.84;
2026;01;22;96;36.06;36.06;
*
