MARGINALPIBC;
2026;03;26;1;5.00;5.00;
2026;03;26;2;5.00;5.00;
2026;03;26;3;5.00;5.00;
2026;03;26;4;4.40;4.40;
2026;03;26;5;3.98;3.98;
2026;03;26;6;3.61;3.61;
2026;03;26;7;3.51;3.51;
2026;03;26;8;3.51;3.51;
2026;03;26;9;3.51;3.51;
2026;03;26;10;3.51;3.51;
2026;03;26;11;3.51;3.51;
2026;03;26;12;3.51;3.51;
2026;03;26;13;0.16;.16;
2026;03;26;14;0.16;.16;
2026;03;26;15;0.51;.51;
2026;03;26;16;0.56;.56;
2026;03;26;17;0.01;.01;
2026;03;26;18;0.51;.51;
2026;03;26;19;0.00;.00;
2026;03;26;20;0.00;.00;
2026;03;26;21;3.15;3.15;
2026;03;26;22;3.51;3.51;
2026;03;26;23;3.51;3.51;
2026;03;26;24;3.51;3.51;
2026;03;26;25;3.51;3.51;
2026;03;26;26;3.71;3.71;
2026;03;26;27;5.00;5.00;
2026;03;26;28;5.14;5.14;
2026;03;26;29;5.00;5.00;
2026;03;26;30;5.00;5.00;
2026;03;26;31;5.00;5.00;
2026;03;26;32;3.71;3.71;
2026;03;26;33;3.30;3.30;
2026;03;26;34;3.51;3.51;
2026;03;26;35;0.50;.50;
2026;03;26;36;0.00;.00;
2026;03;26;37;-0.01;-.01;
2026;03;26;38;-0.66;-.66;
2026;03;26;39;-0.81;-.81;
2026;03;26;40;-1.13;-1.13;
2026;03;26;41;-1.69;-1.69;
2026;03;26;42;-3.26;-3.26;
2026;03;26;43;-6.60;-6.60;
2026;03;26;44;-7.10;-7.10;
2026;03;26;45;-7.10;-7.10;
2026;03;26;46;-9.42;-9.42;
2026;03;26;47;-8.00;-8.00;
2026;03;26;48;-8.45;-8.45;
2026;03;26;49;-8.51;-8.51;
2026;03;26;50;-8.45;-8.45;
2026;03;26;51;-8.45;-8.45;
2026;03;26;52;-9.11;-9.11;
2026;03;26;53;-10.11;-10.11;
2026;03;26;54;-11.00;-11.00;
2026;03;26;55;-10.24;-10.24;
2026;03;26;56;-12.61;-12.61;
2026;03;26;57;-10.00;-10.00;
2026;03;26;58;-9.60;-9.60;
2026;03;26;59;-8.03;-8.03;
2026;03;26;60;-8.10;-8.10;
2026;03;26;61;-7.72;-7.72;
2026;03;26;62;-7.02;-7.02;
2026;03;26;63;-7.40;-7.40;
2026;03;26;64;-6.00;-6.00;
2026;03;26;65;-6.00;-6.00;
2026;03;26;66;-6.00;-6.00;
2026;03;26;67;-6.00;-6.00;
2026;03;26;68;-4.11;-4.11;
2026;03;26;69;-0.32;-.82;
2026;03;26;70;-0.31;-.81;
2026;03;26;71;0.00;-.76;
2026;03;26;72;0.49;-.16;
2026;03;26;73;0.10;-.20;
2026;03;26;74;1.76;1.76;
2026;03;26;75;2.68;2.68;
2026;03;26;76;2.75;2.75;
2026;03;26;77;6.00;6.00;
2026;03;26;78;3.64;3.64;
2026;03;26;79;7.10;7.10;
2026;03;26;80;19.85;19.85;
2026;03;26;81;20.00;20.00;
2026;03;26;82;20.50;20.50;
2026;03;26;83;20.50;20.50;
2026;03;26;84;20.50;20.50;
2026;03;26;85;20.50;20.50;
2026;03;26;86;20.42;20.42;
2026;03;26;87;15.42;15.42;
2026;03;26;88;2.57;2.57;
2026;03;26;89;6.00;6.00;
2026;03;26;90;3.43;3.43;
2026;03;26;91;3.93;3.93;
2026;03;26;92;3.21;3.21;
2026;03;26;93;5.00;5.00;
2026;03;26;94;2.00;2.00;
2026;03;26;95;1.24;1.24;
2026;03;26;96;0.00;.00;
*
