MARGINALPIBC;
2025;04;23;1;76.75;76.75;
2025;04;23;2;78.62;78.62;
2025;04;23;3;78.62;78.62;
2025;04;23;4;72.69;72.69;
2025;04;23;5;64.75;64.75;
2025;04;23;6;64.75;64.75;
2025;04;23;7;64.75;64.75;
2025;04;23;8;62.40;62.40;
2025;04;23;9;60.98;60.98;
2025;04;23;10;60.98;60.98;
2025;04;23;11;60.94;60.94;
2025;04;23;12;58.46;58.46;
2025;04;23;13;57.98;57.98;
2025;04;23;14;57.74;57.74;
2025;04;23;15;55.91;55.91;
2025;04;23;16;53.17;53.17;
2025;04;23;17;55.65;55.65;
2025;04;23;18;57.50;57.50;
2025;04;23;19;57.50;57.50;
2025;04;23;20;57.50;57.50;
2025;04;23;21;53.17;53.17;
2025;04;23;22;56.17;56.17;
2025;04;23;23;57.50;57.50;
2025;04;23;24;57.98;57.98;
2025;04;23;25;71.00;71.00;
2025;04;23;26;75.95;75.95;
2025;04;23;27;78.00;78.00;
2025;04;23;28;82.01;82.01;
2025;04;23;29;80.24;80.24;
2025;04;23;30;81.00;81.00;
2025;04;23;31;84.97;84.97;
2025;04;23;32;82.59;82.59;
2025;04;23;33;90.00;90.00;
2025;04;23;34;79.02;79.02;
2025;04;23;35;62.12;62.12;
2025;04;23;36;46.11;46.11;
2025;04;23;37;58.22;58.22;
2025;04;23;38;52.20;52.20;
2025;04;23;39;35.20;35.20;
2025;04;23;40;5.01;5.01;
2025;04;23;41;11.50;11.50;
2025;04;23;42;10.00;10.00;
2025;04;23;43;0.00;.00;
2025;04;23;44;-3.62;-3.62;
2025;04;23;45;4.31;4.31;
2025;04;23;46;4.31;1.92;
2025;04;23;47;4.31;-.69;
2025;04;23;48;0.00;-.79;
2025;04;23;49;4.31;-3.00;
2025;04;23;50;2.34;-3.62;
2025;04;23;51;0.00;-3.62;
2025;04;23;52;0.00;-3.62;
2025;04;23;53;4.31;-3.62;
2025;04;23;54;4.31;-3.62;
2025;04;23;55;-2.53;-3.62;
2025;04;23;56;-2.53;-3.62;
2025;04;23;57;4.31;-3.62;
2025;04;23;58;0.01;-3.62;
2025;04;23;59;0.70;-3.62;
2025;04;23;60;1.70;-3.62;
2025;04;23;61;0.19;-3.62;
2025;04;23;62;4.31;-4.12;
2025;04;23;63;1.73;-3.62;
2025;04;23;64;4.31;-3.62;
2025;04;23;65;4.31;-3.62;
2025;04;23;66;4.31;-3.62;
2025;04;23;67;1.73;-3.62;
2025;04;23;68;2.00;-3.62;
2025;04;23;69;0.01;-3.62;
2025;04;23;70;1.70;-3.62;
2025;04;23;71;4.31;-3.62;
2025;04;23;72;4.31;.00;
2025;04;23;73;-2.00;-2.00;
2025;04;23;74;0.65;.65;
2025;04;23;75;3.52;3.52;
2025;04;23;76;5.11;5.11;
2025;04;23;77;0.00;.00;
2025;04;23;78;24.55;24.55;
2025;04;23;79;57.50;57.50;
2025;04;23;80;60.05;60.05;
2025;04;23;81;69.82;69.82;
2025;04;23;82;80.25;80.25;
2025;04;23;83;88.73;88.73;
2025;04;23;84;108.00;108.00;
2025;04;23;85;116.70;116.70;
2025;04;23;86;114.75;114.75;
2025;04;23;87;111.75;111.75;
2025;04;23;88;106.70;106.70;
2025;04;23;89;105.08;105.08;
2025;04;23;90;102.58;102.58;
2025;04;23;91;102.38;102.38;
2025;04;23;92;99.00;99.00;
2025;04;23;93;80.24;80.24;
2025;04;23;94;77.24;77.24;
2025;04;23;95;75.85;75.85;
2025;04;23;96;70.24;70.24;
*
