MARGINALPIBC;
2025;04;12;1;37.01;37.01;
2025;04;12;2;35.02;35.02;
2025;04;12;3;35.01;35.01;
2025;04;12;4;35.00;35.00;
2025;04;12;5;29.24;29.24;
2025;04;12;6;29.24;29.24;
2025;04;12;7;29.24;29.24;
2025;04;12;8;27.24;27.24;
2025;04;12;9;31.22;31.22;
2025;04;12;10;31.22;31.22;
2025;04;12;11;31.13;31.13;
2025;04;12;12;25.00;25.00;
2025;04;12;13;29.24;29.24;
2025;04;12;14;29.24;29.24;
2025;04;12;15;29.24;29.24;
2025;04;12;16;29.18;29.18;
2025;04;12;17;29.09;29.09;
2025;04;12;18;29.09;29.09;
2025;04;12;19;29.09;29.09;
2025;04;12;20;29.09;29.09;
2025;04;12;21;30.38;30.38;
2025;04;12;22;30.38;30.38;
2025;04;12;23;30.38;30.38;
2025;04;12;24;30.88;30.88;
2025;04;12;25;32.68;32.68;
2025;04;12;26;32.69;32.69;
2025;04;12;27;32.71;32.71;
2025;04;12;28;35.18;35.18;
2025;04;12;29;29.24;29.24;
2025;04;12;30;29.24;29.24;
2025;04;12;31;33.01;33.01;
2025;04;12;32;38.14;38.14;
2025;04;12;33;42.97;42.97;
2025;04;12;34;40.95;40.95;
2025;04;12;35;40.94;40.94;
2025;04;12;36;30.95;30.95;
2025;04;12;37;50.01;50.01;
2025;04;12;38;43.00;43.00;
2025;04;12;39;35.00;35.00;
2025;04;12;40;33.00;33.00;
2025;04;12;41;50.19;50.19;
2025;04;12;42;34.00;34.00;
2025;04;12;43;20.19;20.19;
2025;04;12;44;20.19;20.19;
2025;04;12;45;31.77;31.77;
2025;04;12;46;18.01;18.01;
2025;04;12;47;18.01;18.01;
2025;04;12;48;13.01;13.01;
2025;04;12;49;13.52;13.52;
2025;04;12;50;11.40;11.40;
2025;04;12;51;8.52;8.52;
2025;04;12;52;6.69;6.69;
2025;04;12;53;4.99;4.99;
2025;04;12;54;4.80;4.80;
2025;04;12;55;4.31;4.31;
2025;04;12;56;4.31;4.31;
2025;04;12;57;3.52;3.52;
2025;04;12;58;3.52;3.52;
2025;04;12;59;3.52;3.52;
2025;04;12;60;3.52;3.52;
2025;04;12;61;2.01;2.01;
2025;04;12;62;2.01;2.01;
2025;04;12;63;2.01;2.01;
2025;04;12;64;3.52;3.52;
2025;04;12;65;1.80;1.80;
2025;04;12;66;2.01;2.01;
2025;04;12;67;3.52;3.52;
2025;04;12;68;22.96;22.96;
2025;04;12;69;13.36;13.36;
2025;04;12;70;18.08;18.08;
2025;04;12;71;18.08;18.08;
2025;04;12;72;28.07;28.07;
2025;04;12;73;17.57;17.57;
2025;04;12;74;22.57;22.57;
2025;04;12;75;32.56;32.56;
2025;04;12;76;33.01;33.01;
2025;04;12;77;30.84;30.84;
2025;04;12;78;33.84;33.84;
2025;04;12;79;43.58;43.58;
2025;04;12;80;50.01;50.01;
2025;04;12;81;50.02;50.02;
2025;04;12;82;50.02;50.02;
2025;04;12;83;53.02;53.02;
2025;04;12;84;58.01;58.01;
2025;04;12;85;79.00;83.50;
2025;04;12;86;79.00;82.00;
2025;04;12;87;79.00;82.00;
2025;04;12;88;79.00;82.00;
2025;04;12;89;58.44;58.44;
2025;04;12;90;57.44;57.44;
2025;04;12;91;57.44;57.44;
2025;04;12;92;55.44;55.44;
2025;04;12;93;45.69;45.69;
2025;04;12;94;45.59;45.59;
2025;04;12;95;45.59;45.59;
2025;04;12;96;45.59;45.59;
*
