MARGINALPIBC;
2025;05;06;1;65.01;14.00;
2025;05;06;2;52.78;12.00;
2025;05;06;3;50.00;5.11;
2025;05;06;4;45.78;5.00;
2025;05;06;5;50.00;5.11;
2025;05;06;6;50.00;3.52;
2025;05;06;7;46.00;3.52;
2025;05;06;8;38.00;3.52;
2025;05;06;9;50.00;3.52;
2025;05;06;10;49.33;3.87;
2025;05;06;11;46.33;3.52;
2025;05;06;12;38.00;3.52;
2025;05;06;13;50.00;3.52;
2025;05;06;14;50.00;3.52;
2025;05;06;15;45.78;3.52;
2025;05;06;16;42.78;3.52;
2025;05;06;17;50.00;3.52;
2025;05;06;18;50.00;3.52;
2025;05;06;19;50.00;3.52;
2025;05;06;20;45.78;4.97;
2025;05;06;21;50.00;.60;
2025;05;06;22;50.00;3.60;
2025;05;06;23;50.00;5.11;
2025;05;06;24;50.00;11.60;
2025;05;06;25;40.95;9.50;
2025;05;06;26;50.00;16.50;
2025;05;06;27;50.00;22.50;
2025;05;06;28;50.00;26.84;
2025;05;06;29;37.00;27.34;
2025;05;06;30;39.00;32.34;
2025;05;06;31;50.00;33.34;
2025;05;06;32;50.00;30.34;
2025;05;06;33;37.44;37.44;
2025;05;06;34;23.72;23.72;
2025;05;06;35;13.72;13.72;
2025;05;06;36;10.01;.00;
2025;05;06;37;50.00;5.99;
2025;05;06;38;50.00;3.52;
2025;05;06;39;50.00;.49;
2025;05;06;40;48.23;-4.62;
2025;05;06;41;50.00;-.13;
2025;05;06;42;80.01;-.45;
2025;05;06;43;50.00;-3.50;
2025;05;06;44;30.01;-3.62;
2025;05;06;45;50.00;-4.54;
2025;05;06;46;47.56;-6.34;
2025;05;06;47;38.00;-6.54;
2025;05;06;48;38.00;-6.54;
2025;05;06;49;42.56;-5.13;
2025;05;06;50;42.56;-6.21;
2025;05;06;51;42.56;-6.21;
2025;05;06;52;47.56;-6.21;
2025;05;06;53;50.00;-7.40;
2025;05;06;54;50.00;-7.00;
2025;05;06;55;38.00;-7.00;
2025;05;06;56;38.00;-6.00;
2025;05;06;57;50.00;-4.00;
2025;05;06;58;50.00;-4.00;
2025;05;06;59;68.23;-5.00;
2025;05;06;60;68.23;-6.50;
2025;05;06;61;50.00;-4.00;
2025;05;06;62;50.00;-4.62;
2025;05;06;63;50.00;-5.13;
2025;05;06;64;62.56;-5.13;
2025;05;06;65;50.00;-4.62;
2025;05;06;66;50.00;-4.62;
2025;05;06;67;50.00;-4.21;
2025;05;06;68;80.01;-4.21;
2025;05;06;69;50.00;-6.00;
2025;05;06;70;50.00;-5.13;
2025;05;06;71;73.23;-3.62;
2025;05;06;72;80.01;-3.00;
2025;05;06;73;46.78;-8.62;
2025;05;06;74;50.00;-5.99;
2025;05;06;75;52.78;-1.01;
2025;05;06;76;85.01;-.13;
2025;05;06;77;10.01;-8.62;
2025;05;06;78;50.00;-3.62;
2025;05;06;79;65.01;1.72;
2025;05;06;80;75.01;5.11;
2025;05;06;81;10.01;10.01;
2025;05;06;82;36.99;36.99;
2025;05;06;83;53.91;53.91;
2025;05;06;84;65.01;65.01;
2025;05;06;85;65.12;65.12;
2025;05;06;86;65.12;65.12;
2025;05;06;87;65.11;65.11;
2025;05;06;88;51.30;51.30;
2025;05;06;89;54.35;54.35;
2025;05;06;90;48.38;48.38;
2025;05;06;91;45.30;45.30;
2025;05;06;92;38.00;38.00;
2025;05;06;93;75.01;38.67;
2025;05;06;94;65.01;32.55;
2025;05;06;95;50.00;29.55;
2025;05;06;96;35.78;22.00;
*
