MARGINALPIBC;
2025;02;24;1;76.21;76.21;
2025;02;24;2;68.31;68.31;
2025;02;24;3;54.10;54.10;
2025;02;24;4;47.62;47.62;
2025;02;24;5;45.75;45.75;
2025;02;24;6;52.36;52.36;
2025;02;24;7;71.78;71.78;
2025;02;24;8;98.33;98.33;
2025;02;24;9;111.86;112.96;
2025;02;24;10;97.00;97.00;
2025;02;24;11;87.83;87.83;
2025;02;24;12;71.02;71.02;
2025;02;24;13;51.20;51.20;
2025;02;24;14;40.00;40.00;
2025;02;24;15;30.11;30.11;
2025;02;24;16;31.70;31.70;
2025;02;24;17;43.80;43.80;
2025;02;24;18;65.85;65.85;
2025;02;24;19;107.59;107.59;
2025;02;24;20;154.17;154.67;
2025;02;24;21;132.01;132.01;
2025;02;24;22;111.28;114.92;
2025;02;24;23;100.54;100.54;
2025;02;24;24;79.98;79.98;
*
