MARGINALPIBC;
2026;07;05;1;120.44;120.44;
2026;07;05;2;114.98;114.98;
2026;07;05;3;111.16;111.16;
2026;07;05;4;106.92;106.92;
2026;07;05;5;105.20;105.20;
2026;07;05;6;100.96;100.96;
2026;07;05;7;100.19;100.19;
2026;07;05;8;98.42;98.42;
2026;07;05;9;105.00;105.00;
2026;07;05;10;102.92;102.92;
2026;07;05;11;102.92;102.92;
2026;07;05;12;101.38;101.38;
2026;07;05;13;104.24;104.24;
2026;07;05;14;103.84;103.84;
2026;07;05;15;105.00;105.00;
2026;07;05;16;105.00;105.00;
2026;07;05;17;103.56;103.56;
2026;07;05;18;103.41;103.41;
2026;07;05;19;103.71;103.71;
2026;07;05;20;103.73;103.73;
2026;07;05;21;105.20;105.20;
2026;07;05;22;105.66;105.66;
2026;07;05;23;108.00;108.00;
2026;07;05;24;111.00;111.00;
2026;07;05;25;110.10;110.10;
2026;07;05;26;109.25;109.25;
2026;07;05;27;107.76;107.76;
2026;07;05;28;110.00;110.00;
2026;07;05;29;99.00;99.00;
2026;07;05;30;85.92;85.92;
2026;07;05;31;79.87;79.87;
2026;07;05;32;59.01;59.01;
2026;07;05;33;62.87;62.87;
2026;07;05;34;40.10;40.10;
2026;07;05;35;6.42;6.42;
2026;07;05;36;0.17;.17;
2026;07;05;37;-0.67;-.67;
2026;07;05;38;-2.11;-2.11;
2026;07;05;39;-3.00;-3.00;
2026;07;05;40;-3.02;-3.02;
2026;07;05;41;-0.01;-.01;
2026;07;05;42;-0.02;-.02;
2026;07;05;43;-0.07;-.07;
2026;07;05;44;-0.02;-.02;
2026;07;05;45;-0.01;-.01;
2026;07;05;46;-0.10;-.10;
2026;07;05;47;0.00;.00;
2026;07;05;48;0.00;.00;
2026;07;05;49;0.00;.00;
2026;07;05;50;0.00;.00;
2026;07;05;51;0.00;.00;
2026;07;05;52;0.00;.00;
2026;07;05;53;0.00;.00;
2026;07;05;54;0.00;.00;
2026;07;05;55;0.00;.00;
2026;07;05;56;0.00;.00;
2026;07;05;57;0.00;.00;
2026;07;05;58;0.00;.00;
2026;07;05;59;0.00;.00;
2026;07;05;60;0.00;.00;
2026;07;05;61;0.00;.00;
2026;07;05;62;0.00;.00;
2026;07;05;63;0.00;.00;
2026;07;05;64;0.00;.00;
2026;07;05;65;0.00;.00;
2026;07;05;66;0.00;.00;
2026;07;05;67;0.00;.00;
2026;07;05;68;0.00;.00;
2026;07;05;69;0.20;.20;
2026;07;05;70;0.99;.99;
2026;07;05;71;1.08;1.08;
2026;07;05;72;5.00;5.00;
2026;07;05;73;1.95;1.95;
2026;07;05;74;22.39;22.39;
2026;07;05;75;38.98;38.98;
2026;07;05;76;50.52;50.52;
2026;07;05;77;49.44;49.44;
2026;07;05;78;65.00;65.00;
2026;07;05;79;93.89;93.89;
2026;07;05;80;108.70;108.70;
2026;07;05;81;104.75;104.75;
2026;07;05;82;124.52;124.52;
2026;07;05;83;123.24;123.24;
2026;07;05;84;134.17;134.17;
2026;07;05;85;139.50;139.50;
2026;07;05;86;147.02;147.02;
2026;07;05;87;147.46;147.46;
2026;07;05;88;150.62;150.62;
2026;07;05;89;151.72;151.72;
2026;07;05;90;151.72;151.72;
2026;07;05;91;144.22;144.22;
2026;07;05;92;134.11;134.11;
2026;07;05;93;124.98;139.23;
2026;07;05;94;132.22;132.22;
2026;07;05;95;130.01;130.01;
2026;07;05;96;125.92;125.92;
*
