MARGINALPIBC;
2025;03;15;1;82.93;82.93;
2025;03;15;2;86.20;86.20;
2025;03;15;3;55.03;55.03;
2025;03;15;4;51.89;51.89;
2025;03;15;5;51.43;51.43;
2025;03;15;6;51.68;51.68;
2025;03;15;7;51.89;51.89;
2025;03;15;8;54.68;54.68;
2025;03;15;9;34.22;34.22;
2025;03;15;10;3.52;3.52;
2025;03;15;11;-0.35;-.35;
2025;03;15;12;-1.00;-2.00;
2025;03;15;13;-1.00;-2.00;
2025;03;15;14;-1.00;-2.00;
2025;03;15;15;-1.00;-1.90;
2025;03;15;16;-1.50;-1.50;
2025;03;15;17;1.00;1.00;
2025;03;15;18;29.52;29.52;
2025;03;15;19;83.00;83.00;
2025;03;15;20;128.96;128.96;
2025;03;15;21;117.46;117.46;
2025;03;15;22;105.06;105.06;
2025;03;15;23;103.64;103.64;
2025;03;15;24;95.26;95.26;
*
