MARGINALPIBC;
2026;03;08;1;100.08;118.64;
2026;03;08;2;92.77;108.77;
2026;03;08;3;96.73;107.08;
2026;03;08;4;91.91;91.91;
2026;03;08;5;98.32;98.32;
2026;03;08;6;94.23;94.23;
2026;03;08;7;90.48;90.48;
2026;03;08;8;90.04;90.04;
2026;03;08;9;87.90;87.90;
2026;03;08;10;87.72;87.72;
2026;03;08;11;83.00;83.00;
2026;03;08;12;81.98;81.98;
2026;03;08;13;81.24;81.24;
2026;03;08;14;78.42;78.42;
2026;03;08;15;78.22;78.22;
2026;03;08;16;80.00;80.00;
2026;03;08;17;79.90;79.90;
2026;03;08;18;73.11;73.11;
2026;03;08;19;75.59;75.59;
2026;03;08;20;75.00;75.00;
2026;03;08;21;77.00;77.00;
2026;03;08;22;79.01;79.01;
2026;03;08;23;78.90;78.90;
2026;03;08;24;76.91;76.91;
2026;03;08;25;71.34;71.34;
2026;03;08;26;80.16;80.16;
2026;03;08;27;85.57;85.57;
2026;03;08;28;90.02;90.02;
2026;03;08;29;92.22;92.22;
2026;03;08;30;92.81;92.81;
2026;03;08;31;93.20;93.20;
2026;03;08;32;91.40;91.40;
2026;03;08;33;99.07;99.07;
2026;03;08;34;92.11;92.11;
2026;03;08;35;88.47;88.47;
2026;03;08;36;75.19;75.19;
2026;03;08;37;85.01;85.01;
2026;03;08;38;75.27;75.27;
2026;03;08;39;55.04;55.04;
2026;03;08;40;39.00;39.00;
2026;03;08;41;61.46;61.46;
2026;03;08;42;36.36;36.36;
2026;03;08;43;33.90;33.90;
2026;03;08;44;22.68;22.68;
2026;03;08;45;33.90;33.90;
2026;03;08;46;21.75;21.75;
2026;03;08;47;19.18;19.18;
2026;03;08;48;12.04;12.04;
2026;03;08;49;16.00;16.00;
2026;03;08;50;11.90;11.90;
2026;03;08;51;11.99;11.99;
2026;03;08;52;11.23;11.23;
2026;03;08;53;13.88;13.88;
2026;03;08;54;13.88;13.88;
2026;03;08;55;14.14;14.14;
2026;03;08;56;14.14;14.14;
2026;03;08;57;19.57;19.57;
2026;03;08;58;18.06;18.06;
2026;03;08;59;13.88;13.88;
2026;03;08;60;19.47;19.47;
2026;03;08;61;15.83;15.83;
2026;03;08;62;17.35;17.35;
2026;03;08;63;18.00;18.00;
2026;03;08;64;22.00;22.00;
2026;03;08;65;16.10;16.10;
2026;03;08;66;29.22;29.22;
2026;03;08;67;33.90;33.90;
2026;03;08;68;39.98;39.98;
2026;03;08;69;36.00;36.00;
2026;03;08;70;49.26;49.26;
2026;03;08;71;62.37;62.37;
2026;03;08;72;77.12;77.12;
2026;03;08;73;80.42;94.12;
2026;03;08;74;75.46;86.60;
2026;03;08;75;79.26;125.39;
2026;03;08;76;83.88;150.29;
2026;03;08;77;83.88;155.21;
2026;03;08;78;86.98;147.92;
2026;03;08;79;89.36;148.73;
2026;03;08;80;89.77;142.50;
2026;03;08;81;95.00;142.99;
2026;03;08;82;92.59;138.85;
2026;03;08;83;92.59;134.24;
2026;03;08;84;95.00;128.75;
2026;03;08;85;95.00;142.37;
2026;03;08;86;95.00;141.15;
2026;03;08;87;95.00;133.96;
2026;03;08;88;98.00;128.12;
2026;03;08;89;95.00;133.27;
2026;03;08;90;95.00;128.04;
2026;03;08;91;95.00;127.87;
2026;03;08;92;89.33;127.87;
2026;03;08;93;87.77;130.06;
2026;03;08;94;87.36;126.99;
2026;03;08;95;84.98;126.06;
2026;03;08;96;81.88;121.36;
*
