MARGINALPIBC;
2025;10;25;1;94.72;94.72;
2025;10;25;2;93.00;93.00;
2025;10;25;3;91.82;91.82;
2025;10;25;4;90.14;90.14;
2025;10;25;5;89.78;89.78;
2025;10;25;6;89.30;89.30;
2025;10;25;7;87.00;87.00;
2025;10;25;8;86.90;86.90;
2025;10;25;9;86.65;86.65;
2025;10;25;10;86.94;86.94;
2025;10;25;11;85.09;85.09;
2025;10;25;12;84.86;84.86;
2025;10;25;13;84.36;84.36;
2025;10;25;14;84.50;84.50;
2025;10;25;15;84.50;84.50;
2025;10;25;16;83.28;83.28;
2025;10;25;17;83.37;83.37;
2025;10;25;18;82.75;82.75;
2025;10;25;19;83.37;83.37;
2025;10;25;20;81.41;81.41;
2025;10;25;21;81.05;81.05;
2025;10;25;22;81.05;81.05;
2025;10;25;23;81.40;81.40;
2025;10;25;24;82.03;82.03;
2025;10;25;25;81.07;81.07;
2025;10;25;26;80.89;80.89;
2025;10;25;27;81.53;81.53;
2025;10;25;28;83.50;83.50;
2025;10;25;29;90.54;90.54;
2025;10;25;30;91.32;91.32;
2025;10;25;31;92.57;92.57;
2025;10;25;32;94.90;94.90;
2025;10;25;33;92.55;92.55;
2025;10;25;34;93.20;93.20;
2025;10;25;35;94.90;94.90;
2025;10;25;36;94.90;94.90;
2025;10;25;37;88.60;88.60;
2025;10;25;38;86.18;86.18;
2025;10;25;39;84.25;84.25;
2025;10;25;40;81.13;81.13;
2025;10;25;41;84.47;84.47;
2025;10;25;42;84.47;84.47;
2025;10;25;43;77.65;77.65;
2025;10;25;44;61.41;61.41;
2025;10;25;45;69.67;69.67;
2025;10;25;46;61.12;61.12;
2025;10;25;47;56.40;56.40;
2025;10;25;48;49.57;46.27;
2025;10;25;49;47.06;43.76;
2025;10;25;50;38.30;35.00;
2025;10;25;51;37.46;34.07;
2025;10;25;52;34.45;29.50;
2025;10;25;53;33.74;30.35;
2025;10;25;54;33.39;29.79;
2025;10;25;55;32.80;27.49;
2025;10;25;56;31.00;16.20;
2025;10;25;57;40.00;6.10;
2025;10;25;58;40.00;7.20;
2025;10;25;59;40.00;9.30;
2025;10;25;60;40.00;6.03;
2025;10;25;61;40.00;6.68;
2025;10;25;62;40.00;8.23;
2025;10;25;63;40.00;8.23;
2025;10;25;64;39.00;8.47;
2025;10;25;65;39.00;7.50;
2025;10;25;66;39.00;7.73;
2025;10;25;67;39.00;11.80;
2025;10;25;68;39.00;14.00;
2025;10;25;69;29.65;22.67;
2025;10;25;70;43.30;43.30;
2025;10;25;71;58.80;58.80;
2025;10;25;72;69.48;69.48;
2025;10;25;73;70.23;70.23;
2025;10;25;74;83.68;83.68;
2025;10;25;75;89.22;89.22;
2025;10;25;76;92.35;92.35;
2025;10;25;77;94.54;94.54;
2025;10;25;78;97.66;97.66;
2025;10;25;79;101.85;101.85;
2025;10;25;80;103.25;103.25;
2025;10;25;81;101.41;101.41;
2025;10;25;82;109.47;109.47;
2025;10;25;83;111.62;111.62;
2025;10;25;84;108.16;108.16;
2025;10;25;85;103.25;103.25;
2025;10;25;86;99.84;99.84;
2025;10;25;87;95.46;95.46;
2025;10;25;88;92.55;92.55;
2025;10;25;89;89.01;89.01;
2025;10;25;90;88.08;88.08;
2025;10;25;91;87.02;87.02;
2025;10;25;92;87.23;87.23;
2025;10;25;93;92.29;92.29;
2025;10;25;94;90.00;90.00;
2025;10;25;95;87.52;87.52;
2025;10;25;96;87.41;87.41;
*
