MARGINALPIBC;
2026;04;23;1;93.00;93.00;
2026;04;23;2;89.02;89.02;
2026;04;23;3;82.01;82.01;
2026;04;23;4;77.66;77.66;
2026;04;23;5;78.20;78.20;
2026;04;23;6;77.78;77.78;
2026;04;23;7;76.36;76.36;
2026;04;23;8;78.01;78.01;
2026;04;23;9;81.11;81.11;
2026;04;23;10;80.53;80.53;
2026;04;23;11;81.01;81.01;
2026;04;23;12;81.01;81.01;
2026;04;23;13;80.96;80.96;
2026;04;23;14;79.22;79.22;
2026;04;23;15;79.00;79.00;
2026;04;23;16;78.52;78.52;
2026;04;23;17;80.42;80.42;
2026;04;23;18;80.28;80.28;
2026;04;23;19;80.23;80.23;
2026;04;23;20;79.71;79.71;
2026;04;23;21;80.54;80.54;
2026;04;23;22;80.62;80.62;
2026;04;23;23;80.78;80.78;
2026;04;23;24;81.01;81.01;
2026;04;23;25;81.01;81.01;
2026;04;23;26;81.01;81.01;
2026;04;23;27;81.01;81.01;
2026;04;23;28;82.92;82.92;
2026;04;23;29;82.69;82.69;
2026;04;23;30;90.49;90.49;
2026;04;23;31;92.36;92.36;
2026;04;23;32;88.43;88.43;
2026;04;23;33;102.36;102.36;
2026;04;23;34;94.86;94.86;
2026;04;23;35;85.62;85.62;
2026;04;23;36;81.01;81.01;
2026;04;23;37;80.00;80.00;
2026;04;23;38;52.98;52.98;
2026;04;23;39;26.97;26.97;
2026;04;23;40;14.13;9.13;
2026;04;23;41;17.94;8.21;
2026;04;23;42;13.72;-.81;
2026;04;23;43;10.77;.09;
2026;04;23;44;6.40;.00;
2026;04;23;45;12.22;.84;
2026;04;23;46;10.24;.84;
2026;04;23;47;7.50;.00;
2026;04;23;48;6.65;-.01;
2026;04;23;49;6.65;.00;
2026;04;23;50;6.65;-.02;
2026;04;23;51;6.65;-.31;
2026;04;23;52;6.40;-.31;
2026;04;23;53;6.65;.00;
2026;04;23;54;6.40;-.01;
2026;04;23;55;6.09;-.01;
2026;04;23;56;4.65;-.02;
2026;04;23;57;4.65;-.02;
2026;04;23;58;4.65;-.02;
2026;04;23;59;4.65;-.30;
2026;04;23;60;4.65;-.31;
2026;04;23;61;4.65;-.31;
2026;04;23;62;4.65;-.31;
2026;04;23;63;4.65;-.31;
2026;04;23;64;4.65;-.31;
2026;04;23;65;4.65;.00;
2026;04;23;66;6.09;.00;
2026;04;23;67;6.40;.01;
2026;04;23;68;6.65;.84;
2026;04;23;69;6.21;.00;
2026;04;23;70;6.21;.84;
2026;04;23;71;6.21;2.84;
2026;04;23;72;6.65;3.08;
2026;04;23;73;5.49;3.49;
2026;04;23;74;13.17;13.17;
2026;04;23;75;20.56;20.56;
2026;04;23;76;40.51;40.51;
2026;04;23;77;26.24;26.24;
2026;04;23;78;52.19;52.19;
2026;04;23;79;58.51;58.51;
2026;04;23;80;87.52;87.52;
2026;04;23;81;81.01;81.01;
2026;04;23;82;88.26;88.26;
2026;04;23;83;88.62;88.62;
2026;04;23;84;91.36;91.36;
2026;04;23;85;97.99;97.99;
2026;04;23;86;99.86;99.86;
2026;04;23;87;98.18;98.18;
2026;04;23;88;90.99;90.99;
2026;04;23;89;88.36;88.36;
2026;04;23;90;87.52;87.52;
2026;04;23;91;88.26;88.26;
2026;04;23;92;88.26;88.26;
2026;04;23;93;88.36;88.36;
2026;04;23;94;88.20;88.20;
2026;04;23;95;87.12;87.12;
2026;04;23;96;82.15;82.15;
*
