MARGINALPIBC;
2026;05;12;1;109.96;109.96;
2026;05;12;2;107.71;107.71;
2026;05;12;3;106.73;106.73;
2026;05;12;4;105.43;105.43;
2026;05;12;5;105.36;105.36;
2026;05;12;6;104.35;104.35;
2026;05;12;7;103.58;103.58;
2026;05;12;8;101.45;101.45;
2026;05;12;9;101.81;101.81;
2026;05;12;10;100.00;100.00;
2026;05;12;11;98.23;98.23;
2026;05;12;12;97.10;97.10;
2026;05;12;13;99.06;99.06;
2026;05;12;14;98.23;98.23;
2026;05;12;15;97.47;97.47;
2026;05;12;16;97.10;97.10;
2026;05;12;17;98.23;98.23;
2026;05;12;18;97.19;97.19;
2026;05;12;19;98.00;98.00;
2026;05;12;20;98.75;98.75;
2026;05;12;21;98.95;98.95;
2026;05;12;22;99.44;99.44;
2026;05;12;23;100.80;100.80;
2026;05;12;24;101.87;101.87;
2026;05;12;25;101.67;101.67;
2026;05;12;26;105.00;105.00;
2026;05;12;27;104.42;104.42;
2026;05;12;28;105.85;105.85;
2026;05;12;29;113.23;113.23;
2026;05;12;30;115.01;115.01;
2026;05;12;31;115.85;115.85;
2026;05;12;32;111.38;111.38;
2026;05;12;33;117.05;117.05;
2026;05;12;34;108.01;108.01;
2026;05;12;35;106.40;106.40;
2026;05;12;36;95.99;95.99;
2026;05;12;37;108.53;108.53;
2026;05;12;38;100.00;100.00;
2026;05;12;39;91.78;91.78;
2026;05;12;40;79.87;69.89;
2026;05;12;41;80.72;80.72;
2026;05;12;42;47.05;37.16;
2026;05;12;43;30.77;22.10;
2026;05;12;44;27.07;14.13;
2026;05;12;45;28.46;15.89;
2026;05;12;46;26.68;15.89;
2026;05;12;47;22.62;16.39;
2026;05;12;48;22.36;16.13;
2026;05;12;49;25.42;21.75;
2026;05;12;50;21.80;16.33;
2026;05;12;51;20.90;15.43;
2026;05;12;52;16.67;8.45;
2026;05;12;53;15.67;5.05;
2026;05;12;54;15.67;3.04;
2026;05;12;55;7.67;2.00;
2026;05;12;56;7.67;1.20;
2026;05;12;57;9.67;1.28;
2026;05;12;58;8.43;1.09;
2026;05;12;59;9.67;.84;
2026;05;12;60;9.67;.84;
2026;05;12;61;7.67;.84;
2026;05;12;62;8.43;.51;
2026;05;12;63;8.57;.84;
2026;05;12;64;8.43;.84;
2026;05;12;65;7.67;.21;
2026;05;12;66;7.67;.84;
2026;05;12;67;7.67;.51;
2026;05;12;68;7.67;.84;
2026;05;12;69;7.67;.84;
2026;05;12;70;7.67;2.00;
2026;05;12;71;8.08;3.08;
2026;05;12;72;11.08;5.41;
2026;05;12;73;11.08;5.41;
2026;05;12;74;11.08;5.41;
2026;05;12;75;20.90;20.23;
2026;05;12;76;26.17;20.00;
2026;05;12;77;22.62;20.00;
2026;05;12;78;28.36;22.69;
2026;05;12;79;73.56;73.56;
2026;05;12;80;93.70;93.70;
2026;05;12;81;89.78;89.78;
2026;05;12;82;100.46;100.46;
2026;05;12;83;109.00;109.00;
2026;05;12;84;117.60;117.60;
2026;05;12;85;118.75;118.75;
2026;05;12;86;120.50;120.50;
2026;05;12;87;119.80;119.80;
2026;05;12;88;114.34;114.34;
2026;05;12;89;118.27;118.27;
2026;05;12;90;114.89;114.89;
2026;05;12;91;116.01;116.01;
2026;05;12;92;111.38;111.38;
2026;05;12;93;111.38;111.38;
2026;05;12;94;106.97;106.97;
2026;05;12;95;107.02;107.02;
2026;05;12;96;100.00;100.00;
*
