MARGINALPIBC;
2025;05;07;1;37.92;21.00;
2025;05;07;2;37.51;14.75;
2025;05;07;3;37.42;11.12;
2025;05;07;4;36.42;6.00;
2025;05;07;5;32.72;10.34;
2025;05;07;6;32.72;7.57;
2025;05;07;7;32.22;6.99;
2025;05;07;8;31.22;6.99;
2025;05;07;9;32.21;6.00;
2025;05;07;10;32.21;6.10;
2025;05;07;11;31.21;9.58;
2025;05;07;12;31.21;6.01;
2025;05;07;13;27.50;5.10;
2025;05;07;14;27.50;5.11;
2025;05;07;15;27.50;5.10;
2025;05;07;16;27.50;5.11;
2025;05;07;17;26.00;9.10;
2025;05;07;18;26.00;9.10;
2025;05;07;19;26.00;13.10;
2025;05;07;20;26.00;19.00;
2025;05;07;21;22.22;8.90;
2025;05;07;22;15.01;14.77;
2025;05;07;23;15.96;15.96;
2025;05;07;24;26.00;26.00;
2025;05;07;25;20.48;20.48;
2025;05;07;26;25.40;25.40;
2025;05;07;27;27.90;27.90;
2025;05;07;28;32.40;32.40;
2025;05;07;29;41.60;41.60;
2025;05;07;30;42.10;49.02;
2025;05;07;31;42.60;49.10;
2025;05;07;32;43.10;49.10;
2025;05;07;33;43.23;43.23;
2025;05;07;34;40.23;40.23;
2025;05;07;35;37.23;37.23;
2025;05;07;36;34.23;34.23;
2025;05;07;37;35.22;35.22;
2025;05;07;38;32.22;18.48;
2025;05;07;39;32.22;6.00;
2025;05;07;40;32.22;.65;
2025;05;07;41;37.29;2.00;
2025;05;07;42;36.29;.85;
2025;05;07;43;36.29;.00;
2025;05;07;44;36.29;-.13;
2025;05;07;45;36.22;.00;
2025;05;07;46;37.22;.00;
2025;05;07;47;33.22;.00;
2025;05;07;48;37.51;.00;
2025;05;07;49;46.22;.00;
2025;05;07;50;51.22;.00;
2025;05;07;51;46.22;.00;
2025;05;07;52;46.22;.00;
2025;05;07;53;41.67;.00;
2025;05;07;54;41.42;.00;
2025;05;07;55;41.42;.00;
2025;05;07;56;41.42;.00;
2025;05;07;57;41.42;.00;
2025;05;07;58;41.42;.00;
2025;05;07;59;41.67;.00;
2025;05;07;60;41.92;.00;
2025;05;07;61;46.47;.00;
2025;05;07;62;61.42;.00;
2025;05;07;63;61.42;.00;
2025;05;07;64;70.01;.00;
2025;05;07;65;56.01;.00;
2025;05;07;66;61.01;.00;
2025;05;07;67;61.01;.00;
2025;05;07;68;70.01;.00;
2025;05;07;69;37.51;.00;
2025;05;07;70;59.15;.00;
2025;05;07;71;70.01;.65;
2025;05;07;72;70.01;1.72;
2025;05;07;73;40.01;.00;
2025;05;07;74;54.15;3.52;
2025;05;07;75;70.01;16.02;
2025;05;07;76;79.99;49.02;
2025;05;07;77;20.01;14.52;
2025;05;07;78;37.51;33.53;
2025;05;07;79;79.99;53.00;
2025;05;07;80;85.01;71.75;
2025;05;07;81;40.01;26.51;
2025;05;07;82;61.12;45.00;
2025;05;07;83;61.62;57.76;
2025;05;07;84;70.12;70.12;
2025;05;07;85;74.00;80.00;
2025;05;07;86;74.00;80.19;
2025;05;07;87;74.00;80.00;
2025;05;07;88;74.00;77.10;
2025;05;07;89;72.04;71.76;
2025;05;07;90;72.04;64.10;
2025;05;07;91;70.54;59.60;
2025;05;07;92;53.10;53.10;
2025;05;07;93;71.04;48.34;
2025;05;07;94;71.04;45.00;
2025;05;07;95;59.54;35.40;
2025;05;07;96;40.01;28.40;
*
