MARGINALPIBC;
2026;03;18;1;52.21;52.21;
2026;03;18;2;45.05;45.05;
2026;03;18;3;30.55;30.55;
2026;03;18;4;23.00;23.00;
2026;03;18;5;30.65;30.65;
2026;03;18;6;25.40;25.40;
2026;03;18;7;30.55;30.55;
2026;03;18;8;23.20;23.20;
2026;03;18;9;37.10;37.10;
2026;03;18;10;28.90;28.90;
2026;03;18;11;35.92;35.92;
2026;03;18;12;29.15;29.15;
2026;03;18;13;26.33;26.33;
2026;03;18;14;26.78;26.78;
2026;03;18;15;26.91;26.91;
2026;03;18;16;25.63;25.63;
2026;03;18;17;27.08;27.08;
2026;03;18;18;26.20;26.20;
2026;03;18;19;27.08;27.08;
2026;03;18;20;29.04;29.04;
2026;03;18;21;23.49;23.49;
2026;03;18;22;23.40;23.40;
2026;03;18;23;25.91;25.91;
2026;03;18;24;30.80;30.80;
2026;03;18;25;38.60;38.60;
2026;03;18;26;42.00;42.00;
2026;03;18;27;48.40;48.40;
2026;03;18;28;60.42;60.42;
2026;03;18;29;65.08;65.08;
2026;03;18;30;65.08;65.08;
2026;03;18;31;65.08;65.08;
2026;03;18;32;57.00;57.00;
2026;03;18;33;55.00;55.00;
2026;03;18;34;42.33;42.33;
2026;03;18;35;30.66;30.66;
2026;03;18;36;17.93;17.93;
2026;03;18;37;29.72;29.72;
2026;03;18;38;22.00;22.00;
2026;03;18;39;7.62;7.62;
2026;03;18;40;0.78;.78;
2026;03;18;41;4.98;4.98;
2026;03;18;42;2.08;2.08;
2026;03;18;43;2.56;2.56;
2026;03;18;44;1.43;1.43;
2026;03;18;45;6.43;2.43;
2026;03;18;46;5.91;.91;
2026;03;18;47;2.00;.91;
2026;03;18;48;2.00;.90;
2026;03;18;49;2.00;.00;
2026;03;18;50;0.00;-.50;
2026;03;18;51;0.00;-.95;
2026;03;18;52;0.00;-.99;
2026;03;18;53;0.00;.00;
2026;03;18;54;0.00;.00;
2026;03;18;55;0.00;.00;
2026;03;18;56;-0.01;-.01;
2026;03;18;57;0.00;.00;
2026;03;18;58;0.00;.00;
2026;03;18;59;0.00;.00;
2026;03;18;60;0.00;.00;
2026;03;18;61;0.00;-1.50;
2026;03;18;62;0.00;-2.48;
2026;03;18;63;0.00;-2.30;
2026;03;18;64;0.00;-.99;
2026;03;18;65;0.00;-.82;
2026;03;18;66;2.00;.00;
2026;03;18;67;3.13;.00;
2026;03;18;68;6.50;.00;
2026;03;18;69;-0.99;-.99;
2026;03;18;70;-1.00;-1.00;
2026;03;18;71;1.89;1.89;
2026;03;18;72;17.89;17.89;
2026;03;18;73;17.00;17.00;
2026;03;18;74;29.76;29.76;
2026;03;18;75;31.04;46.34;
2026;03;18;76;41.27;58.97;
2026;03;18;77;53.40;54.00;
2026;03;18;78;59.29;62.89;
2026;03;18;79;68.08;73.08;
2026;03;18;80;71.13;77.40;
2026;03;18;81;69.54;69.54;
2026;03;18;82;73.00;73.00;
2026;03;18;83;80.29;80.29;
2026;03;18;84;77.00;77.00;
2026;03;18;85;67.24;67.24;
2026;03;18;86;65.08;65.08;
2026;03;18;87;55.49;55.49;
2026;03;18;88;49.44;49.44;
2026;03;18;89;52.92;52.92;
2026;03;18;90;45.05;45.05;
2026;03;18;91;46.91;49.40;
2026;03;18;92;40.95;40.95;
2026;03;18;93;35.53;35.53;
2026;03;18;94;25.40;25.40;
2026;03;18;95;25.35;25.35;
2026;03;18;96;18.00;18.00;
*
