MARGINALPIBC;
2026;03;12;1;106.46;106.46;
2026;03;12;2;100.11;100.11;
2026;03;12;3;98.76;98.76;
2026;03;12;4;96.54;96.54;
2026;03;12;5;96.16;96.16;
2026;03;12;6;92.93;92.93;
2026;03;12;7;92.83;92.83;
2026;03;12;8;86.86;86.86;
2026;03;12;9;79.10;79.10;
2026;03;12;10;70.30;70.30;
2026;03;12;11;77.84;77.84;
2026;03;12;12;73.09;73.09;
2026;03;12;13;69.10;69.10;
2026;03;12;14;68.84;68.84;
2026;03;12;15;73.84;73.84;
2026;03;12;16;73.16;73.16;
2026;03;12;17;73.94;73.94;
2026;03;12;18;73.84;73.84;
2026;03;12;19;68.84;68.84;
2026;03;12;20;71.55;71.55;
2026;03;12;21;88.16;88.16;
2026;03;12;22;85.00;85.00;
2026;03;12;23;94.80;94.80;
2026;03;12;24;99.48;99.48;
2026;03;12;25;95.20;95.20;
2026;03;12;26;95.01;95.01;
2026;03;12;27;103.34;103.34;
2026;03;12;28;106.48;106.48;
2026;03;12;29;111.00;111.00;
2026;03;12;30;117.55;117.55;
2026;03;12;31;124.89;124.89;
2026;03;12;32;125.01;125.01;
2026;03;12;33;127.85;127.85;
2026;03;12;34;108.40;108.40;
2026;03;12;35;99.41;99.41;
2026;03;12;36;75.50;75.50;
2026;03;12;37;92.14;92.14;
2026;03;12;38;69.99;69.99;
2026;03;12;39;46.91;46.91;
2026;03;12;40;25.00;25.00;
2026;03;12;41;29.59;29.59;
2026;03;12;42;3.78;3.78;
2026;03;12;43;3.78;3.78;
2026;03;12;44;1.00;.00;
2026;03;12;45;1.05;.00;
2026;03;12;46;2.00;-7.82;
2026;03;12;47;1.05;-4.36;
2026;03;12;48;1.75;-7.82;
2026;03;12;49;2.00;.91;
2026;03;12;50;1.75;.91;
2026;03;12;51;1.00;.91;
2026;03;12;52;1.00;.91;
2026;03;12;53;0.91;.91;
2026;03;12;54;0.91;.91;
2026;03;12;55;0.91;.91;
2026;03;12;56;0.91;.91;
2026;03;12;57;0.91;.91;
2026;03;12;58;0.91;.91;
2026;03;12;59;0.91;.91;
2026;03;12;60;1.05;1.05;
2026;03;12;61;0.91;.91;
2026;03;12;62;0.91;.91;
2026;03;12;63;0.91;.91;
2026;03;12;64;0.91;.91;
2026;03;12;65;0.91;.91;
2026;03;12;66;1.50;1.50;
2026;03;12;67;3.00;3.00;
2026;03;12;68;3.78;3.78;
2026;03;12;69;0.91;.91;
2026;03;12;70;0.91;.91;
2026;03;12;71;19.00;19.00;
2026;03;12;72;47.00;47.00;
2026;03;12;73;44.40;36.01;
2026;03;12;74;82.04;82.04;
2026;03;12;75;103.78;103.78;
2026;03;12;76;109.70;109.70;
2026;03;12;77;123.72;123.72;
2026;03;12;78;125.03;125.03;
2026;03;12;79;138.00;138.00;
2026;03;12;80;142.12;142.12;
2026;03;12;81;155.45;155.45;
2026;03;12;82;168.64;168.64;
2026;03;12;83;175.50;175.50;
2026;03;12;84;167.01;167.01;
2026;03;12;85;158.55;158.55;
2026;03;12;86;150.66;150.66;
2026;03;12;87;148.59;148.59;
2026;03;12;88;137.88;137.88;
2026;03;12;89;129.87;129.87;
2026;03;12;90;120.55;120.55;
2026;03;12;91;110.54;110.54;
2026;03;12;92;107.99;107.99;
2026;03;12;93;101.71;101.71;
2026;03;12;94;101.74;101.74;
2026;03;12;95;92.12;92.12;
2026;03;12;96;91.54;91.54;
*
