MARGINALPIBC;
2025;02;15;1;122.58;122.58;
2025;02;15;2;117.98;117.98;
2025;02;15;3;105.67;105.67;
2025;02;15;4;100.10;100.10;
2025;02;15;5;100.10;100.10;
2025;02;15;6;100.10;100.10;
2025;02;15;7;100.10;100.10;
2025;02;15;8;101.64;101.64;
2025;02;15;9;99.99;99.99;
2025;02;15;10;79.00;79.00;
2025;02;15;11;68.50;68.50;
2025;02;15;12;54.76;54.76;
2025;02;15;13;39.08;39.08;
2025;02;15;14;28.00;28.00;
2025;02;15;15;20.46;20.46;
2025;02;15;16;28.00;28.00;
2025;02;15;17;45.24;45.24;
2025;02;15;18;71.30;71.30;
2025;02;15;19;107.00;107.00;
2025;02;15;20;126.51;126.51;
2025;02;15;21;126.51;126.52;
2025;02;15;22;120.00;122.30;
2025;02;15;23;118.06;122.06;
2025;02;15;24;112.14;117.14;
*
