MARGINALPIBC;
2026;01;25;1;5.51;5.51;
2026;01;25;2;5.02;5.02;
2026;01;25;3;5.02;5.02;
2026;01;25;4;3.44;3.44;
2026;01;25;5;4.00;4.00;
2026;01;25;6;4.00;4.00;
2026;01;25;7;3.01;3.01;
2026;01;25;8;-0.50;-.50;
2026;01;25;9;-1.01;-1.01;
2026;01;25;10;-2.91;-2.91;
2026;01;25;11;-3.12;-3.12;
2026;01;25;12;-5.19;-5.19;
2026;01;25;13;-5.22;-5.22;
2026;01;25;14;-7.00;-7.00;
2026;01;25;15;-6.23;-6.23;
2026;01;25;16;-6.23;-6.23;
2026;01;25;17;-5.72;-5.72;
2026;01;25;18;-6.23;-6.23;
2026;01;25;19;-6.23;-6.23;
2026;01;25;20;-6.23;-6.23;
2026;01;25;21;-5.72;-5.72;
2026;01;25;22;-6.22;-6.22;
2026;01;25;23;-6.23;-6.23;
2026;01;25;24;-6.32;-6.32;
2026;01;25;25;-5.22;-5.22;
2026;01;25;26;-5.22;-5.22;
2026;01;25;27;-6.23;-6.23;
2026;01;25;28;-5.74;-5.74;
2026;01;25;29;-3.62;-3.62;
2026;01;25;30;-3.12;-3.12;
2026;01;25;31;-3.12;-3.12;
2026;01;25;32;-3.12;-3.12;
2026;01;25;33;-3.12;-3.12;
2026;01;25;34;-3.12;-3.12;
2026;01;25;35;-3.12;-3.12;
2026;01;25;36;-2.50;-2.50;
2026;01;25;37;-0.81;-.81;
2026;01;25;38;-0.50;-.50;
2026;01;25;39;-0.40;-.40;
2026;01;25;40;-0.22;-.22;
2026;01;25;41;-0.30;-.30;
2026;01;25;42;0.00;.00;
2026;01;25;43;-0.30;-.30;
2026;01;25;44;0.00;.00;
2026;01;25;45;-0.30;-.30;
2026;01;25;46;-0.10;-.10;
2026;01;25;47;-0.30;-.30;
2026;01;25;48;-0.30;-.30;
2026;01;25;49;-0.30;-.30;
2026;01;25;50;-0.30;-.30;
2026;01;25;51;-0.30;-.30;
2026;01;25;52;-0.40;-.40;
2026;01;25;53;-3.00;-3.00;
2026;01;25;54;-2.99;-2.99;
2026;01;25;55;-3.00;-3.00;
2026;01;25;56;-3.12;-3.12;
2026;01;25;57;-3.01;-3.01;
2026;01;25;58;-3.01;-3.01;
2026;01;25;59;-3.00;-3.00;
2026;01;25;60;-3.12;-3.12;
2026;01;25;61;-3.12;-3.12;
2026;01;25;62;-3.12;-3.12;
2026;01;25;63;-3.12;-3.12;
2026;01;25;64;-3.12;-3.12;
2026;01;25;65;-3.05;-3.05;
2026;01;25;66;-3.12;-3.12;
2026;01;25;67;-0.50;-.50;
2026;01;25;68;-1.75;-1.75;
2026;01;25;69;-1.80;-1.80;
2026;01;25;70;-1.01;-1.01;
2026;01;25;71;-1.01;-1.01;
2026;01;25;72;-0.40;-.40;
2026;01;25;73;15.77;15.77;
2026;01;25;74;17.93;17.93;
2026;01;25;75;13.94;13.94;
2026;01;25;76;30.01;30.01;
2026;01;25;77;29.01;29.01;
2026;01;25;78;35.02;35.02;
2026;01;25;79;41.87;41.87;
2026;01;25;80;42.86;42.86;
2026;01;25;81;40.02;40.02;
2026;01;25;82;44.12;44.12;
2026;01;25;83;48.00;48.00;
2026;01;25;84;45.63;45.63;
2026;01;25;85;46.30;46.30;
2026;01;25;86;45.25;45.25;
2026;01;25;87;40.12;40.12;
2026;01;25;88;38.22;38.22;
2026;01;25;89;35.02;35.02;
2026;01;25;90;29.01;29.01;
2026;01;25;91;19.04;19.04;
2026;01;25;92;5.51;5.51;
2026;01;25;93;5.51;5.51;
2026;01;25;94;5.51;5.51;
2026;01;25;95;-0.50;-.50;
2026;01;25;96;-2.01;-2.01;
*
