MARGINALPIBC;
2025;08;14;1;134.37;134.37;
2025;08;14;2;131.87;131.87;
2025;08;14;3;128.37;128.37;
2025;08;14;4;126.87;126.87;
2025;08;14;5;120.70;120.70;
2025;08;14;6;118.01;118.01;
2025;08;14;7;113.38;113.38;
2025;08;14;8;108.76;108.76;
2025;08;14;9;115.28;115.28;
2025;08;14;10;112.49;112.49;
2025;08;14;11;110.28;110.28;
2025;08;14;12;109.55;109.55;
2025;08;14;13;110.17;110.17;
2025;08;14;14;108.77;108.77;
2025;08;14;15;106.27;106.27;
2025;08;14;16;105.27;105.27;
2025;08;14;17;103.00;103.00;
2025;08;14;18;102.00;102.00;
2025;08;14;19;102.00;102.00;
2025;08;14;20;102.00;102.00;
2025;08;14;21;100.20;100.20;
2025;08;14;22;100.44;100.44;
2025;08;14;23;101.00;101.00;
2025;08;14;24;101.12;101.12;
2025;08;14;25;107.00;107.00;
2025;08;14;26;107.50;107.50;
2025;08;14;27;108.00;108.00;
2025;08;14;28;108.00;108.00;
2025;08;14;29;110.65;110.65;
2025;08;14;30;113.33;113.33;
2025;08;14;31;114.65;114.65;
2025;08;14;32;111.84;111.84;
2025;08;14;33;121.31;121.31;
2025;08;14;34;110.00;110.00;
2025;08;14;35;95.01;95.01;
2025;08;14;36;75.84;75.84;
2025;08;14;37;92.89;92.89;
2025;08;14;38;90.92;90.92;
2025;08;14;39;81.92;81.92;
2025;08;14;40;65.01;65.01;
2025;08;14;41;84.25;84.25;
2025;08;14;42;79.67;79.67;
2025;08;14;43;75.35;75.35;
2025;08;14;44;71.77;71.77;
2025;08;14;45;87.31;87.31;
2025;08;14;46;78.54;78.54;
2025;08;14;47;72.40;72.40;
2025;08;14;48;67.40;67.40;
2025;08;14;49;71.28;71.28;
2025;08;14;50;62.57;62.57;
2025;08;14;51;57.51;57.51;
2025;08;14;52;57.51;57.51;
2025;08;14;53;50.22;50.22;
2025;08;14;54;50.17;50.17;
2025;08;14;55;48.91;48.91;
2025;08;14;56;48.12;48.12;
2025;08;14;57;54.91;54.91;
2025;08;14;58;58.90;58.90;
2025;08;14;59;62.90;62.90;
2025;08;14;60;64.90;64.90;
2025;08;14;61;64.91;64.91;
2025;08;14;62;70.81;70.81;
2025;08;14;63;79.28;79.28;
2025;08;14;64;85.28;85.28;
2025;08;14;65;71.67;71.67;
2025;08;14;66;77.59;77.59;
2025;08;14;67;85.36;85.36;
2025;08;14;68;89.03;89.03;
2025;08;14;69;80.00;80.00;
2025;08;14;70;85.65;85.65;
2025;08;14;71;88.41;88.41;
2025;08;14;72;89.03;89.03;
2025;08;14;73;83.61;83.61;
2025;08;14;74;95.20;95.20;
2025;08;14;75;102.00;102.00;
2025;08;14;76;111.19;111.19;
2025;08;14;77;81.01;81.01;
2025;08;14;78;99.79;99.79;
2025;08;14;79;115.78;115.78;
2025;08;14;80;127.89;127.89;
2025;08;14;81;124.99;124.99;
2025;08;14;82;131.09;131.09;
2025;08;14;83;137.99;137.99;
2025;08;14;84;140.24;140.24;
2025;08;14;85;145.01;145.01;
2025;08;14;86;144.29;144.29;
2025;08;14;87;144.02;144.02;
2025;08;14;88;141.03;141.03;
2025;08;14;89;129.73;129.73;
2025;08;14;90;122.89;122.89;
2025;08;14;91;119.58;119.58;
2025;08;14;92;113.29;113.29;
2025;08;14;93;116.78;116.78;
2025;08;14;94;111.92;111.92;
2025;08;14;95;108.19;108.19;
2025;08;14;96;104.46;104.46;
*
