MARGINALPIBC;
2025;09;28;1;63.53;63.53;
2025;09;28;2;63.51;63.51;
2025;09;28;3;51.51;51.51;
2025;09;28;4;33.40;33.40;
2025;09;28;5;58.41;58.41;
2025;09;28;6;55.86;55.86;
2025;09;28;7;52.93;52.93;
2025;09;28;8;44.40;44.40;
2025;09;28;9;56.84;56.84;
2025;09;28;10;54.83;54.83;
2025;09;28;11;50.39;50.39;
2025;09;28;12;47.33;47.33;
2025;09;28;13;53.30;53.30;
2025;09;28;14;46.30;46.30;
2025;09;28;15;42.31;42.31;
2025;09;28;16;38.30;38.30;
2025;09;28;17;50.53;50.53;
2025;09;28;18;48.03;48.03;
2025;09;28;19;43.04;43.04;
2025;09;28;20;38.48;38.48;
2025;09;28;21;49.05;49.05;
2025;09;28;22;48.14;48.14;
2025;09;28;23;48.14;48.14;
2025;09;28;24;50.53;50.53;
2025;09;28;25;47.74;47.74;
2025;09;28;26;47.91;47.91;
2025;09;28;27;49.86;49.86;
2025;09;28;28;54.92;54.92;
2025;09;28;29;52.84;52.84;
2025;09;28;30;55.86;55.86;
2025;09;28;31;55.88;55.88;
2025;09;28;32;55.88;55.88;
2025;09;28;33;58.87;58.87;
2025;09;28;34;58.87;58.87;
2025;09;28;35;55.88;55.88;
2025;09;28;36;46.99;46.99;
2025;09;28;37;62.14;62.14;
2025;09;28;38;57.91;57.91;
2025;09;28;39;45.68;45.68;
2025;09;28;40;22.01;22.01;
2025;09;28;41;40.00;40.00;
2025;09;28;42;31.87;31.87;
2025;09;28;43;8.13;8.13;
2025;09;28;44;0.00;.00;
2025;09;28;45;27.15;27.15;
2025;09;28;46;21.92;21.92;
2025;09;28;47;14.17;14.17;
2025;09;28;48;8.39;8.39;
2025;09;28;49;24.01;24.01;
2025;09;28;50;16.63;16.63;
2025;09;28;51;12.11;12.11;
2025;09;28;52;6.25;6.25;
2025;09;28;53;8.53;8.53;
2025;09;28;54;7.48;7.48;
2025;09;28;55;4.53;4.53;
2025;09;28;56;4.31;4.31;
2025;09;28;57;6.00;6.00;
2025;09;28;58;10.00;10.00;
2025;09;28;59;12.80;12.80;
2025;09;28;60;15.00;15.00;
2025;09;28;61;11.79;11.79;
2025;09;28;62;11.79;11.79;
2025;09;28;63;11.46;11.46;
2025;09;28;64;11.79;11.79;
2025;09;28;65;12.96;12.96;
2025;09;28;66;17.64;17.64;
2025;09;28;67;17.97;17.97;
2025;09;28;68;22.97;22.97;
2025;09;28;69;10.23;10.23;
2025;09;28;70;18.00;18.00;
2025;09;28;71;32.34;32.34;
2025;09;28;72;54.00;54.00;
2025;09;28;73;21.98;21.98;
2025;09;28;74;50.00;50.00;
2025;09;28;75;62.14;62.14;
2025;09;28;76;74.08;74.08;
2025;09;28;77;54.73;54.73;
2025;09;28;78;68.99;68.99;
2025;09;28;79;74.95;74.95;
2025;09;28;80;82.95;82.95;
2025;09;28;81;74.14;74.14;
2025;09;28;82;74.14;74.14;
2025;09;28;83;74.14;74.14;
2025;09;28;84;74.14;74.14;
2025;09;28;85;63.19;63.19;
2025;09;28;86;62.14;62.14;
2025;09;28;87;61.00;61.00;
2025;09;28;88;56.00;56.00;
2025;09;28;89;75.87;75.87;
2025;09;28;90;69.82;69.82;
2025;09;28;91;69.63;69.63;
2025;09;28;92;66.65;66.65;
2025;09;28;93;63.19;63.19;
2025;09;28;94;60.36;60.36;
2025;09;28;95;60.16;60.16;
2025;09;28;96;55.16;55.16;
*
