MARGINALPIBC;
2025;02;10;1;128.18;128.18;
2025;02;10;2;125.55;125.55;
2025;02;10;3;123.01;123.01;
2025;02;10;4;117.75;117.75;
2025;02;10;5;117.48;117.48;
2025;02;10;6;124.40;124.40;
2025;02;10;7;143.89;143.89;
2025;02;10;8;163.37;163.37;
2025;02;10;9;181.33;181.33;
2025;02;10;10;163.18;163.18;
2025;02;10;11;146.30;146.30;
2025;02;10;12;122.44;122.44;
2025;02;10;13;119.38;119.38;
2025;02;10;14;118.51;118.51;
2025;02;10;15;115.50;115.50;
2025;02;10;16;118.88;118.88;
2025;02;10;17;121.79;121.79;
2025;02;10;18;140.83;140.83;
2025;02;10;19;171.35;171.35;
2025;02;10;20;185.11;185.11;
2025;02;10;21;210.28;212.50;
2025;02;10;22;165.89;165.89;
2025;02;10;23;152.68;152.68;
2025;02;10;24;133.51;133.51;
*
