MARGINALPIBC;
2026;03;02;1;7.00;7.00;
2026;03;02;2;10.00;10.00;
2026;03;02;3;8.01;8.01;
2026;03;02;4;6.00;6.00;
2026;03;02;5;11.01;11.01;
2026;03;02;6;6.51;6.51;
2026;03;02;7;8.49;8.49;
2026;03;02;8;5.00;5.00;
2026;03;02;9;5.00;5.00;
2026;03;02;10;2.01;2.01;
2026;03;02;11;0.57;.57;
2026;03;02;12;-0.80;-.80;
2026;03;02;13;0.20;.20;
2026;03;02;14;0.00;.00;
2026;03;02;15;-0.80;-.80;
2026;03;02;16;1.51;1.51;
2026;03;02;17;-1.00;-1.00;
2026;03;02;18;-0.60;-.60;
2026;03;02;19;0.91;.91;
2026;03;02;20;-0.74;-.74;
2026;03;02;21;5.00;5.00;
2026;03;02;22;3.01;3.01;
2026;03;02;23;3.57;3.57;
2026;03;02;24;3.00;3.00;
2026;03;02;25;1.89;1.89;
2026;03;02;26;10.00;10.00;
2026;03;02;27;10.15;10.15;
2026;03;02;28;2.00;2.00;
2026;03;02;29;5.00;5.00;
2026;03;02;30;4.10;4.10;
2026;03;02;31;3.26;3.26;
2026;03;02;32;13.00;13.00;
2026;03;02;33;18.07;18.07;
2026;03;02;34;13.00;13.00;
2026;03;02;35;10.75;10.75;
2026;03;02;36;5.00;5.00;
2026;03;02;37;2.00;2.00;
2026;03;02;38;2.00;2.00;
2026;03;02;39;10.00;10.00;
2026;03;02;40;-0.93;-.93;
2026;03;02;41;-4.00;-4.00;
2026;03;02;42;-0.81;-.81;
2026;03;02;43;-0.80;-.80;
2026;03;02;44;-0.78;-.78;
2026;03;02;45;-0.15;-.15;
2026;03;02;46;0.30;-2.94;
2026;03;02;47;0.30;-3.00;
2026;03;02;48;0.35;-5.42;
2026;03;02;49;0.35;-5.42;
2026;03;02;50;0.35;-5.42;
2026;03;02;51;0.30;-5.42;
2026;03;02;52;0.30;-5.42;
2026;03;02;53;0.25;-5.42;
2026;03;02;54;0.20;-6.03;
2026;03;02;55;0.11;-7.77;
2026;03;02;56;0.13;-7.50;
2026;03;02;57;0.13;-5.92;
2026;03;02;58;0.20;-5.42;
2026;03;02;59;0.30;-5.42;
2026;03;02;60;0.40;-5.42;
2026;03;02;61;0.03;-2.97;
2026;03;02;62;-0.10;-.41;
2026;03;02;63;-0.10;-.10;
2026;03;02;64;-0.10;-.10;
2026;03;02;65;-0.42;-.42;
2026;03;02;66;-0.10;-.10;
2026;03;02;67;-0.30;-.30;
2026;03;02;68;-0.10;-.10;
2026;03;02;69;2.46;2.46;
2026;03;02;70;3.90;3.90;
2026;03;02;71;10.01;10.01;
2026;03;02;72;21.10;21.10;
2026;03;02;73;15.94;15.94;
2026;03;02;74;9.40;9.40;
2026;03;02;75;10.00;10.00;
2026;03;02;76;30.42;30.42;
2026;03;02;77;37.46;37.46;
2026;03;02;78;45.00;45.00;
2026;03;02;79;0.70;71.47;
2026;03;02;80;0.70;82.53;
2026;03;02;81;1.00;84.25;
2026;03;02;82;1.00;82.52;
2026;03;02;83;66.47;66.47;
2026;03;02;84;47.27;47.27;
2026;03;02;85;60.93;60.93;
2026;03;02;86;53.22;53.22;
2026;03;02;87;42.25;42.25;
2026;03;02;88;18.40;18.40;
2026;03;02;89;35.01;35.01;
2026;03;02;90;34.70;34.70;
2026;03;02;91;10.02;23.03;
2026;03;02;92;1.00;10.02;
2026;03;02;93;14.02;14.02;
2026;03;02;94;1.00;1.50;
2026;03;02;95;0.70;.70;
2026;03;02;96;0.00;.00;
*
