MARGINALPIBC;
2025;06;13;1;126.14;126.14;
2025;06;13;2;124.73;124.73;
2025;06;13;3;123.84;123.84;
2025;06;13;4;122.94;122.94;
2025;06;13;5;117.08;117.08;
2025;06;13;6;116.08;116.08;
2025;06;13;7;115.58;115.58;
2025;06;13;8;115.11;115.11;
2025;06;13;9;111.08;111.08;
2025;06;13;10;110.81;110.81;
2025;06;13;11;110.18;110.18;
2025;06;13;12;110.18;110.18;
2025;06;13;13;109.00;109.00;
2025;06;13;14;108.58;108.58;
2025;06;13;15;108.58;108.58;
2025;06;13;16;108.58;108.58;
2025;06;13;17;108.26;108.26;
2025;06;13;18;108.35;108.35;
2025;06;13;19;108.45;108.45;
2025;06;13;20;108.87;108.87;
2025;06;13;21;108.35;108.35;
2025;06;13;22;108.87;108.87;
2025;06;13;23;108.87;108.87;
2025;06;13;24;109.49;109.49;
2025;06;13;25;110.73;110.73;
2025;06;13;26;111.36;111.36;
2025;06;13;27;111.99;111.99;
2025;06;13;28;113.26;113.26;
2025;06;13;29;113.86;113.86;
2025;06;13;30;113.86;113.86;
2025;06;13;31;113.23;113.23;
2025;06;13;32;110.86;110.86;
2025;06;13;33;116.00;116.00;
2025;06;13;34;111.85;111.85;
2025;06;13;35;107.47;107.47;
2025;06;13;36;93.59;93.59;
2025;06;13;37;81.30;81.30;
2025;06;13;38;58.00;58.00;
2025;06;13;39;54.87;34.83;
2025;06;13;40;54.62;1.85;
2025;06;13;41;40.47;40.47;
2025;06;13;42;25.10;19.50;
2025;06;13;43;25.10;4.60;
2025;06;13;44;24.54;-.57;
2025;06;13;45;24.11;15.95;
2025;06;13;46;22.34;3.52;
2025;06;13;47;21.78;-1.21;
2025;06;13;48;21.78;-1.21;
2025;06;13;49;19.14;.65;
2025;06;13;50;18.27;.65;
2025;06;13;51;18.27;.65;
2025;06;13;52;18.27;.00;
2025;06;13;53;8.44;.00;
2025;06;13;54;8.44;.00;
2025;06;13;55;8.44;-.07;
2025;06;13;56;8.44;-1.21;
2025;06;13;57;10.00;.00;
2025;06;13;58;9.13;.00;
2025;06;13;59;9.13;.00;
2025;06;13;60;9.13;.00;
2025;06;13;61;8.44;.00;
2025;06;13;62;8.44;.00;
2025;06;13;63;8.44;.65;
2025;06;13;64;8.44;.65;
2025;06;13;65;8.44;-7.00;
2025;06;13;66;8.44;-2.90;
2025;06;13;67;8.44;.00;
2025;06;13;68;8.44;.65;
2025;06;13;69;6.65;-1.48;
2025;06;13;70;6.81;1.76;
2025;06;13;71;7.85;3.52;
2025;06;13;72;8.44;3.52;
2025;06;13;73;18.57;17.43;
2025;06;13;74;19.77;19.77;
2025;06;13;75;23.42;23.42;
2025;06;13;76;37.43;37.43;
2025;06;13;77;40.33;40.33;
2025;06;13;78;74.15;74.15;
2025;06;13;79;94.80;94.80;
2025;06;13;80;97.25;97.25;
2025;06;13;81;87.44;87.44;
2025;06;13;82;99.47;99.47;
2025;06;13;83;105.73;105.73;
2025;06;13;84;113.46;113.46;
2025;06;13;85;113.48;113.48;
2025;06;13;86;113.79;113.79;
2025;06;13;87;114.45;114.45;
2025;06;13;88;114.55;114.55;
2025;06;13;89;114.93;114.93;
2025;06;13;90;113.88;113.88;
2025;06;13;91;110.99;110.99;
2025;06;13;92;108.88;108.88;
2025;06;13;93;108.98;108.98;
2025;06;13;94;106.45;106.45;
2025;06;13;95;104.48;104.48;
2025;06;13;96;103.98;103.98;
*
