MARGINALPIBC;
2025;04;04;1;0.50;.50;
2025;04;04;2;0.20;.20;
2025;04;04;3;0.00;.00;
2025;04;04;4;0.00;.00;
2025;04;04;5;3.52;3.52;
2025;04;04;6;0.53;.53;
2025;04;04;7;0.20;.20;
2025;04;04;8;0.12;.12;
2025;04;04;9;3.02;3.02;
2025;04;04;10;0.62;.62;
2025;04;04;11;0.20;.20;
2025;04;04;12;0.12;.12;
2025;04;04;13;0.01;.01;
2025;04;04;14;0.01;.01;
2025;04;04;15;0.01;.01;
2025;04;04;16;0.11;.11;
2025;04;04;17;0.00;.00;
2025;04;04;18;0.02;.02;
2025;04;04;19;0.12;.12;
2025;04;04;20;0.53;.53;
2025;04;04;21;0.00;.00;
2025;04;04;22;0.00;.00;
2025;04;04;23;0.42;.42;
2025;04;04;24;1.52;1.52;
2025;04;04;25;0.00;.00;
2025;04;04;26;0.00;.00;
2025;04;04;27;0.42;.42;
2025;04;04;28;3.52;3.52;
2025;04;04;29;0.00;31.50;
2025;04;04;30;3.36;35.00;
2025;04;04;31;14.01;35.00;
2025;04;04;32;14.01;36.01;
2025;04;04;33;0.00;64.01;
2025;04;04;34;0.00;59.61;
2025;04;04;35;14.01;55.01;
2025;04;04;36;14.01;40.01;
2025;04;04;37;14.01;28.83;
2025;04;04;38;18.84;18.84;
2025;04;04;39;14.01;14.01;
2025;04;04;40;0.65;.65;
2025;04;04;41;15.55;15.55;
2025;04;04;42;9.70;9.70;
2025;04;04;43;4.58;4.58;
2025;04;04;44;0.00;.00;
2025;04;04;45;3.52;3.52;
2025;04;04;46;3.52;3.52;
2025;04;04;47;-0.01;-.01;
2025;04;04;48;-1.76;-1.76;
2025;04;04;49;0.05;.05;
2025;04;04;50;-1.00;-1.00;
2025;04;04;51;-3.00;-3.00;
2025;04;04;52;-3.62;-3.62;
2025;04;04;53;0.00;.00;
2025;04;04;54;0.00;.00;
2025;04;04;55;0.00;.00;
2025;04;04;56;0.00;.00;
2025;04;04;57;0.00;.00;
2025;04;04;58;0.00;.00;
2025;04;04;59;0.00;.00;
2025;04;04;60;0.00;.00;
2025;04;04;61;0.00;.00;
2025;04;04;62;0.00;.00;
2025;04;04;63;0.00;.00;
2025;04;04;64;0.10;.10;
2025;04;04;65;-2.90;-2.90;
2025;04;04;66;-1.10;-1.10;
2025;04;04;67;0.00;.00;
2025;04;04;68;0.00;.00;
2025;04;04;69;0.65;.65;
2025;04;04;70;0.65;.65;
2025;04;04;71;0.66;.66;
2025;04;04;72;3.52;3.52;
2025;04;04;73;0.00;.00;
2025;04;04;74;0.50;.50;
2025;04;04;75;0.93;.93;
2025;04;04;76;3.52;3.52;
2025;04;04;77;-1.00;-1.00;
2025;04;04;78;2.31;2.31;
2025;04;04;79;20.01;20.01;
2025;04;04;80;30.01;30.01;
2025;04;04;81;25.01;25.01;
2025;04;04;82;30.01;32.51;
2025;04;04;83;32.46;38.51;
2025;04;04;84;35.01;35.01;
2025;04;04;85;48.02;59.35;
2025;04;04;86;50.03;50.09;
2025;04;04;87;50.02;50.02;
2025;04;04;88;45.12;45.12;
2025;04;04;89;35.01;35.01;
2025;04;04;90;32.51;32.51;
2025;04;04;91;32.46;32.46;
2025;04;04;92;32.01;32.01;
2025;04;04;93;20.76;20.76;
2025;04;04;94;20.01;20.01;
2025;04;04;95;17.91;17.91;
2025;04;04;96;12.92;12.92;
*
