MARGINALPIBC;
2026;07;10;1;160.00;160.00;
2026;07;10;2;155.96;155.96;
2026;07;10;3;148.00;148.00;
2026;07;10;4;134.77;134.77;
2026;07;10;5;147.71;147.71;
2026;07;10;6;142.70;142.70;
2026;07;10;7;137.30;137.30;
2026;07;10;8;133.01;133.01;
2026;07;10;9;152.96;152.96;
2026;07;10;10;150.01;150.01;
2026;07;10;11;151.39;151.39;
2026;07;10;12;148.11;148.11;
2026;07;10;13;161.10;161.10;
2026;07;10;14;160.49;160.49;
2026;07;10;15;160.00;160.00;
2026;07;10;16;160.00;160.00;
2026;07;10;17;159.88;159.88;
2026;07;10;18;159.49;159.49;
2026;07;10;19;159.16;159.16;
2026;07;10;20;159.59;159.59;
2026;07;10;21;149.40;149.40;
2026;07;10;22;143.90;143.90;
2026;07;10;23;147.09;147.09;
2026;07;10;24;149.56;149.56;
2026;07;10;25;141.26;141.26;
2026;07;10;26;145.35;145.35;
2026;07;10;27;152.09;152.09;
2026;07;10;28;152.45;152.45;
2026;07;10;29;157.71;157.71;
2026;07;10;30;157.09;157.09;
2026;07;10;31;156.66;156.66;
2026;07;10;32;144.84;144.84;
2026;07;10;33;161.82;161.82;
2026;07;10;34;146.16;146.16;
2026;07;10;35;133.78;133.78;
2026;07;10;36;115.06;115.06;
2026;07;10;37;139.13;139.13;
2026;07;10;38;126.80;126.80;
2026;07;10;39;119.72;119.72;
2026;07;10;40;109.79;109.79;
2026;07;10;41;115.10;115.10;
2026;07;10;42;110.77;110.77;
2026;07;10;43;102.46;102.46;
2026;07;10;44;85.01;85.01;
2026;07;10;45;91.63;85.44;
2026;07;10;46;85.01;82.55;
2026;07;10;47;80.24;80.24;
2026;07;10;48;76.02;75.00;
2026;07;10;49;77.74;77.74;
2026;07;10;50;74.01;68.76;
2026;07;10;51;74.00;55.64;
2026;07;10;52;74.00;49.10;
2026;07;10;53;72.11;45.94;
2026;07;10;54;72.00;43.49;
2026;07;10;55;70.77;38.90;
2026;07;10;56;43.91;33.11;
2026;07;10;57;43.77;40.42;
2026;07;10;58;43.77;42.30;
2026;07;10;59;44.90;44.90;
2026;07;10;60;45.57;45.57;
2026;07;10;61;71.95;50.00;
2026;07;10;62;71.95;64.99;
2026;07;10;63;71.95;71.30;
2026;07;10;64;73.90;73.90;
2026;07;10;65;71.11;67.03;
2026;07;10;66;74.00;74.00;
2026;07;10;67;74.01;74.01;
2026;07;10;68;78.00;78.00;
2026;07;10;69;78.50;78.50;
2026;07;10;70;78.10;78.10;
2026;07;10;71;82.61;82.60;
2026;07;10;72;83.01;83.01;
2026;07;10;73;85.79;85.79;
2026;07;10;74;86.14;86.14;
2026;07;10;75;94.63;94.63;
2026;07;10;76;103.30;103.30;
2026;07;10;77;95.00;95.00;
2026;07;10;78;106.02;106.02;
2026;07;10;79;122.09;122.09;
2026;07;10;80;142.66;142.66;
2026;07;10;81;134.27;134.27;
2026;07;10;82;142.05;142.05;
2026;07;10;83;158.50;158.50;
2026;07;10;84;161.94;161.94;
2026;07;10;85;164.01;164.01;
2026;07;10;86;165.99;165.99;
2026;07;10;87;170.00;170.00;
2026;07;10;88;165.00;165.00;
2026;07;10;89;169.05;169.05;
2026;07;10;90;169.16;169.16;
2026;07;10;91;168.55;168.55;
2026;07;10;92;161.59;161.59;
2026;07;10;93;162.26;162.26;
2026;07;10;94;160.05;160.05;
2026;07;10;95;155.00;155.00;
2026;07;10;96;145.96;145.96;
*
