MARGINALPIBC;
2025;01;16;1;121.43;121.43;
2025;01;16;2;118.26;118.26;
2025;01;16;3;115.55;115.55;
2025;01;16;4;110.11;110.11;
2025;01;16;5;110.10;110.10;
2025;01;16;6;115.60;115.60;
2025;01;16;7;130.01;130.01;
2025;01;16;8;149.04;149.04;
2025;01;16;9;175.82;205.93;
2025;01;16;10;155.11;155.11;
2025;01;16;11;129.90;129.90;
2025;01;16;12;113.49;113.49;
2025;01;16;13;114.50;114.50;
2025;01;16;14;116.48;116.48;
2025;01;16;15;115.24;115.24;
2025;01;16;16;119.60;119.60;
2025;01;16;17;120.29;120.29;
2025;01;16;18;151.04;151.04;
2025;01;16;19;187.06;187.06;
2025;01;16;20;180.07;180.07;
2025;01;16;21;159.70;159.70;
2025;01;16;22;150.00;150.00;
2025;01;16;23;136.02;136.02;
2025;01;16;24;124.34;124.34;
*
