MARGINALPIBC;
2026;02;04;1;5.03;5.03;
2026;02;04;2;3.97;3.97;
2026;02;04;3;3.10;3.10;
2026;02;04;4;0.01;.01;
2026;02;04;5;0.01;.01;
2026;02;04;6;0.01;.01;
2026;02;04;7;0.01;.01;
2026;02;04;8;0.01;.01;
2026;02;04;9;0.01;.01;
2026;02;04;10;0.01;.01;
2026;02;04;11;0.01;.01;
2026;02;04;12;0.01;.01;
2026;02;04;13;0.00;.00;
2026;02;04;14;-0.15;-.15;
2026;02;04;15;-0.30;-.30;
2026;02;04;16;-0.50;-.50;
2026;02;04;17;-2.00;-2.00;
2026;02;04;18;-2.00;-2.00;
2026;02;04;19;-2.00;-2.00;
2026;02;04;20;-3.29;-3.29;
2026;02;04;21;-3.63;-3.63;
2026;02;04;22;-3.63;-3.63;
2026;02;04;23;-2.51;-2.51;
2026;02;04;24;-1.85;-1.85;
2026;02;04;25;0.00;.00;
2026;02;04;26;0.00;.00;
2026;02;04;27;-0.20;-.20;
2026;02;04;28;0.00;.00;
2026;02;04;29;0.00;.00;
2026;02;04;30;0.01;.01;
2026;02;04;31;0.01;14.99;
2026;02;04;32;0.01;34.92;
2026;02;04;33;0.01;20.24;
2026;02;04;34;0.01;35.02;
2026;02;04;35;0.01;38.01;
2026;02;04;36;2.00;35.22;
2026;02;04;37;2.00;35.52;
2026;02;04;38;2.00;30.01;
2026;02;04;39;2.00;5.00;
2026;02;04;40;0.01;.01;
2026;02;04;41;0.01;.01;
2026;02;04;42;0.00;.00;
2026;02;04;43;-0.17;-.17;
2026;02;04;44;-0.40;-.40;
2026;02;04;45;-0.30;-.30;
2026;02;04;46;0.00;.00;
2026;02;04;47;0.00;.00;
2026;02;04;48;0.00;.00;
2026;02;04;49;0.01;.01;
2026;02;04;50;0.01;.01;
2026;02;04;51;0.01;.01;
2026;02;04;52;0.01;.01;
2026;02;04;53;0.01;.01;
2026;02;04;54;0.01;.01;
2026;02;04;55;0.01;.01;
2026;02;04;56;0.01;.01;
2026;02;04;57;2.33;2.33;
2026;02;04;58;2.48;2.48;
2026;02;04;59;2.58;2.58;
2026;02;04;60;3.59;3.59;
2026;02;04;61;3.59;3.59;
2026;02;04;62;3.62;3.62;
2026;02;04;63;3.73;3.73;
2026;02;04;64;3.78;3.78;
2026;02;04;65;3.28;3.28;
2026;02;04;66;2.33;2.33;
2026;02;04;67;4.00;4.00;
2026;02;04;68;8.27;8.27;
2026;02;04;69;7.15;7.15;
2026;02;04;70;3.65;3.65;
2026;02;04;71;1.43;23.20;
2026;02;04;72;1.89;25.00;
2026;02;04;73;1.43;17.34;
2026;02;04;74;1.89;35.00;
2026;02;04;75;1.89;38.51;
2026;02;04;76;7.68;70.02;
2026;02;04;77;10.35;56.35;
2026;02;04;78;25.20;48.39;
2026;02;04;79;28.36;59.96;
2026;02;04;80;28.36;62.39;
2026;02;04;81;28.36;71.94;
2026;02;04;82;28.36;82.99;
2026;02;04;83;28.36;84.10;
2026;02;04;84;31.98;81.43;
2026;02;04;85;28.36;78.54;
2026;02;04;86;10.35;70.20;
2026;02;04;87;10.35;79.99;
2026;02;04;88;7.68;55.76;
2026;02;04;89;1.89;48.52;
2026;02;04;90;1.89;39.64;
2026;02;04;91;1.43;20.74;
2026;02;04;92;1.00;8.11;
2026;02;04;93;1.00;9.36;
2026;02;04;94;0.01;.01;
2026;02;04;95;0.00;.00;
2026;02;04;96;-1.22;-1.22;
*
