MARGINALPIBC;
2025;05;23;1;9.22;9.22;
2025;05;23;2;9.22;9.22;
2025;05;23;3;1.90;1.90;
2025;05;23;4;1.01;1.01;
2025;05;23;5;9.19;9.19;
2025;05;23;6;7.69;7.69;
2025;05;23;7;7.69;7.69;
2025;05;23;8;4.79;4.79;
2025;05;23;9;9.37;9.37;
2025;05;23;10;9.37;9.37;
2025;05;23;11;6.47;6.47;
2025;05;23;12;5.37;5.37;
2025;05;23;13;6.80;6.80;
2025;05;23;14;5.81;5.81;
2025;05;23;15;5.80;5.80;
2025;05;23;16;5.77;5.77;
2025;05;23;17;5.11;5.11;
2025;05;23;18;5.11;5.11;
2025;05;23;19;5.11;5.11;
2025;05;23;20;5.11;5.11;
2025;05;23;21;1.51;1.51;
2025;05;23;22;4.90;4.90;
2025;05;23;23;4.90;4.90;
2025;05;23;24;5.11;5.11;
2025;05;23;25;1.51;1.51;
2025;05;23;26;5.66;5.66;
2025;05;23;27;15.01;15.01;
2025;05;23;28;20.01;20.01;
2025;05;23;29;14.48;14.48;
2025;05;23;30;19.34;19.34;
2025;05;23;31;14.37;14.37;
2025;05;23;32;12.34;12.34;
2025;05;23;33;24.23;24.23;
2025;05;23;34;17.51;17.51;
2025;05;23;35;4.23;4.23;
2025;05;23;36;0.65;.65;
2025;05;23;37;4.68;4.68;
2025;05;23;38;5.00;3.52;
2025;05;23;39;5.76;1.50;
2025;05;23;40;5.76;-1.88;
2025;05;23;41;5.00;.00;
2025;05;23;42;5.00;.00;
2025;05;23;43;5.00;.00;
2025;05;23;44;4.31;-.04;
2025;05;23;45;5.00;-.01;
2025;05;23;46;5.00;-.04;
2025;05;23;47;4.69;-.04;
2025;05;23;48;4.69;-.04;
2025;05;23;49;6.00;-.04;
2025;05;23;50;5.76;-.04;
2025;05;23;51;6.00;-.04;
2025;05;23;52;5.76;-.04;
2025;05;23;53;5.76;-.50;
2025;05;23;54;5.00;-.50;
2025;05;23;55;4.89;-.59;
2025;05;23;56;2.48;-2.54;
2025;05;23;57;5.69;-.30;
2025;05;23;58;5.00;-.50;
2025;05;23;59;4.68;-.04;
2025;05;23;60;5.00;-.50;
2025;05;23;61;5.76;-1.54;
2025;05;23;62;4.90;-1.54;
2025;05;23;63;2.48;-1.54;
2025;05;23;64;2.48;-1.54;
2025;05;23;65;4.69;-1.54;
2025;05;23;66;4.00;-1.54;
2025;05;23;67;2.48;-1.54;
2025;05;23;68;5.00;-1.54;
2025;05;23;69;2.48;-1.54;
2025;05;23;70;2.48;-1.54;
2025;05;23;71;4.90;-1.54;
2025;05;23;72;5.00;-1.01;
2025;05;23;73;2.48;-3.24;
2025;05;23;74;2.48;-.04;
2025;05;23;75;5.76;-.04;
2025;05;23;76;10.66;.00;
2025;05;23;77;1.51;-7.00;
2025;05;23;78;1.51;-1.34;
2025;05;23;79;9.69;1.72;
2025;05;23;80;17.51;3.52;
2025;05;23;81;0.76;-7.00;
2025;05;23;82;1.01;.76;
2025;05;23;83;17.51;17.51;
2025;05;23;84;25.01;25.01;
2025;05;23;85;22.78;22.78;
2025;05;23;86;26.00;26.00;
2025;05;23;87;26.00;26.00;
2025;05;23;88;21.01;21.01;
2025;05;23;89;17.89;17.89;
2025;05;23;90;14.94;14.94;
2025;05;23;91;11.95;11.95;
2025;05;23;92;1.95;1.95;
2025;05;23;93;12.58;12.58;
2025;05;23;94;10.58;10.58;
2025;05;23;95;7.58;7.58;
2025;05;23;96;6.58;6.58;
*
