MARGINALPIBC;
2025;05;17;1;21.23;21.23;
2025;05;17;2;19.23;19.23;
2025;05;17;3;8.99;8.99;
2025;05;17;4;5.10;5.10;
2025;05;17;5;13.53;13.53;
2025;05;17;6;13.52;13.52;
2025;05;17;7;9.52;9.52;
2025;05;17;8;7.54;7.54;
2025;05;17;9;11.68;11.68;
2025;05;17;10;10.17;10.17;
2025;05;17;11;7.69;7.69;
2025;05;17;12;7.68;7.68;
2025;05;17;13;12.26;12.26;
2025;05;17;14;12.26;12.26;
2025;05;17;15;12.26;12.26;
2025;05;17;16;12.26;12.26;
2025;05;17;17;8.72;8.72;
2025;05;17;18;9.82;9.82;
2025;05;17;19;9.81;9.81;
2025;05;17;20;11.12;11.12;
2025;05;17;21;14.47;14.47;
2025;05;17;22;15.00;15.00;
2025;05;17;23;17.00;17.00;
2025;05;17;24;19.00;19.00;
2025;05;17;25;20.79;20.79;
2025;05;17;26;21.79;21.79;
2025;05;17;27;21.79;21.79;
2025;05;17;28;23.48;23.48;
2025;05;17;29;30.23;30.23;
2025;05;17;30;24.23;24.23;
2025;05;17;31;18.23;18.23;
2025;05;17;32;5.10;5.10;
2025;05;17;33;31.07;31.07;
2025;05;17;34;11.09;11.09;
2025;05;17;35;4.08;4.08;
2025;05;17;36;0.65;.65;
2025;05;17;37;12.98;12.98;
2025;05;17;38;6.09;.85;
2025;05;17;39;3.50;-4.14;
2025;05;17;40;3.50;-22.20;
2025;05;17;41;20.89;.00;
2025;05;17;42;10.88;-.01;
2025;05;17;43;23.01;-3.00;
2025;05;17;44;15.88;-5.04;
2025;05;17;45;22.33;-1.54;
2025;05;17;46;20.49;-1.54;
2025;05;17;47;9.49;-3.64;
2025;05;17;48;9.49;-5.00;
2025;05;17;49;9.11;-4.00;
2025;05;17;50;8.16;-5.00;
2025;05;17;51;9.11;-5.00;
2025;05;17;52;8.16;-5.04;
2025;05;17;53;6.00;-8.00;
2025;05;17;54;8.16;-8.00;
2025;05;17;55;8.16;-10.00;
2025;05;17;56;6.00;-10.00;
2025;05;17;57;6.00;-8.00;
2025;05;17;58;6.00;-8.00;
2025;05;17;59;6.00;-10.00;
2025;05;17;60;6.00;-11.26;
2025;05;17;61;6.00;-13.49;
2025;05;17;62;6.00;-9.90;
2025;05;17;63;6.00;-8.00;
2025;05;17;64;6.00;-8.00;
2025;05;17;65;5.76;-5.80;
2025;05;17;66;5.76;-5.80;
2025;05;17;67;6.00;-5.80;
2025;05;17;68;8.16;-5.04;
2025;05;17;69;6.00;-5.80;
2025;05;17;70;15.88;-5.04;
2025;05;17;71;23.01;-4.00;
2025;05;17;72;23.01;-1.54;
2025;05;17;73;16.30;-1.81;
2025;05;17;74;22.33;-1.54;
2025;05;17;75;26.11;-.01;
2025;05;17;76;35.01;.00;
2025;05;17;77;3.00;-8.00;
2025;05;17;78;3.32;3.32;
2025;05;17;79;33.52;33.52;
2025;05;17;80;47.88;47.88;
2025;05;17;81;1.56;1.56;
2025;05;17;82;13.28;13.28;
2025;05;17;83;45.88;45.88;
2025;05;17;84;76.56;76.56;
2025;05;17;85;52.50;52.50;
2025;05;17;86;63.50;63.50;
2025;05;17;87;67.50;67.50;
2025;05;17;88;52.50;52.50;
2025;05;17;89;70.88;70.88;
2025;05;17;90;58.62;58.62;
2025;05;17;91;59.11;59.11;
2025;05;17;92;55.12;55.12;
2025;05;17;93;51.48;51.48;
2025;05;17;94;43.27;43.27;
2025;05;17;95;40.03;40.03;
2025;05;17;96;29.99;29.99;
*
