MARGINALPIBC;
2026;06;13;1;107.02;107.02;
2026;06;13;2;104.50;104.50;
2026;06;13;3;103.06;103.06;
2026;06;13;4;99.06;99.06;
2026;06;13;5;97.20;97.20;
2026;06;13;6;94.71;94.71;
2026;06;13;7;91.23;91.23;
2026;06;13;8;85.10;85.10;
2026;06;13;9;81.64;81.64;
2026;06;13;10;74.67;74.67;
2026;06;13;11;74.00;74.00;
2026;06;13;12;64.32;64.32;
2026;06;13;13;57.84;57.84;
2026;06;13;14;56.00;56.00;
2026;06;13;15;53.78;53.78;
2026;06;13;16;51.92;51.92;
2026;06;13;17;54.38;54.38;
2026;06;13;18;51.73;51.73;
2026;06;13;19;51.89;51.89;
2026;06;13;20;53.07;53.07;
2026;06;13;21;60.00;60.00;
2026;06;13;22;62.00;62.00;
2026;06;13;23;71.50;71.50;
2026;06;13;24;73.40;73.40;
2026;06;13;25;84.99;84.99;
2026;06;13;26;90.00;90.00;
2026;06;13;27;91.10;91.10;
2026;06;13;28;91.10;91.10;
2026;06;13;29;96.61;96.61;
2026;06;13;30;76.22;76.22;
2026;06;13;31;48.31;48.31;
2026;06;13;32;43.70;43.70;
2026;06;13;33;34.30;34.30;
2026;06;13;34;16.88;16.88;
2026;06;13;35;3.01;3.01;
2026;06;13;36;0.84;.84;
2026;06;13;37;1.42;1.42;
2026;06;13;38;1.00;.10;
2026;06;13;39;0.98;.00;
2026;06;13;40;0.50;.00;
2026;06;13;41;0.51;.00;
2026;06;13;42;0.51;-.01;
2026;06;13;43;0.51;-.81;
2026;06;13;44;0.51;-3.01;
2026;06;13;45;1.00;-1.00;
2026;06;13;46;1.00;-1.11;
2026;06;13;47;1.00;-1.11;
2026;06;13;48;1.00;-1.50;
2026;06;13;49;1.51;-2.02;
2026;06;13;50;1.51;-2.02;
2026;06;13;51;1.51;-2.02;
2026;06;13;52;1.51;-2.02;
2026;06;13;53;1.02;-2.02;
2026;06;13;54;1.02;-2.02;
2026;06;13;55;1.02;-2.02;
2026;06;13;56;1.02;-2.02;
2026;06;13;57;0.51;-2.02;
2026;06;13;58;0.51;-2.02;
2026;06;13;59;0.51;-2.02;
2026;06;13;60;0.51;-2.02;
2026;06;13;61;0.00;-2.02;
2026;06;13;62;0.00;-2.02;
2026;06;13;63;0.00;-2.02;
2026;06;13;64;0.00;-2.02;
2026;06;13;65;0.00;-2.02;
2026;06;13;66;0.51;-2.02;
2026;06;13;67;0.51;-2.10;
2026;06;13;68;0.51;-2.02;
2026;06;13;69;0.51;-4.01;
2026;06;13;70;0.51;-3.00;
2026;06;13;71;0.51;-1.04;
2026;06;13;72;1.35;.00;
2026;06;13;73;1.41;.02;
2026;06;13;74;9.08;9.08;
2026;06;13;75;22.42;22.42;
2026;06;13;76;34.80;34.80;
2026;06;13;77;31.38;31.38;
2026;06;13;78;36.90;36.90;
2026;06;13;79;44.71;44.71;
2026;06;13;80;64.93;64.93;
2026;06;13;81;51.99;51.99;
2026;06;13;82;76.60;76.60;
2026;06;13;83;96.70;96.70;
2026;06;13;84;106.98;106.98;
2026;06;13;85;107.18;107.18;
2026;06;13;86;120.29;120.29;
2026;06;13;87;123.99;123.99;
2026;06;13;88;124.50;124.50;
2026;06;13;89;123.96;123.96;
2026;06;13;90;124.46;124.46;
2026;06;13;91;121.52;121.52;
2026;06;13;92;120.26;120.26;
2026;06;13;93;119.96;119.96;
2026;06;13;94;112.80;112.80;
2026;06;13;95;108.89;108.89;
2026;06;13;96;105.14;105.14;
*
