MARGINALPIBC;
2025;12;12;1;89.01;89.01;
2025;12;12;2;88.53;88.53;
2025;12;12;3;86.64;86.64;
2025;12;12;4;85.80;85.80;
2025;12;12;5;85.79;85.79;
2025;12;12;6;83.78;83.78;
2025;12;12;7;82.31;82.31;
2025;12;12;8;82.50;82.50;
2025;12;12;9;84.14;84.14;
2025;12;12;10;83.33;83.33;
2025;12;12;11;82.62;82.62;
2025;12;12;12;82.62;82.62;
2025;12;12;13;82.73;82.73;
2025;12;12;14;82.76;82.76;
2025;12;12;15;82.79;82.79;
2025;12;12;16;82.81;82.81;
2025;12;12;17;83.20;83.20;
2025;12;12;18;82.81;82.81;
2025;12;12;19;82.85;82.85;
2025;12;12;20;82.96;82.96;
2025;12;12;21;82.50;82.50;
2025;12;12;22;83.51;83.51;
2025;12;12;23;83.33;83.33;
2025;12;12;24;86.75;86.75;
2025;12;12;25;87.11;87.11;
2025;12;12;26;91.25;91.25;
2025;12;12;27;95.14;95.14;
2025;12;12;28;95.01;95.01;
2025;12;12;29;93.58;93.58;
2025;12;12;30;95.78;95.78;
2025;12;12;31;100.08;100.08;
2025;12;12;32;109.35;109.35;
2025;12;12;33;111.66;111.66;
2025;12;12;34;115.33;115.33;
2025;12;12;35;115.34;115.34;
2025;12;12;36;114.39;114.39;
2025;12;12;37;119.98;119.98;
2025;12;12;38;112.56;112.56;
2025;12;12;39;103.25;103.25;
2025;12;12;40;95.85;95.85;
2025;12;12;41;103.08;103.08;
2025;12;12;42;95.67;95.67;
2025;12;12;43;92.05;92.05;
2025;12;12;44;89.88;89.88;
2025;12;12;45;97.65;97.65;
2025;12;12;46;98.33;98.33;
2025;12;12;47;95.26;95.26;
2025;12;12;48;94.20;94.20;
2025;12;12;49;96.26;96.26;
2025;12;12;50;94.87;94.87;
2025;12;12;51;94.87;94.87;
2025;12;12;52;94.76;94.76;
2025;12;12;53;94.01;94.01;
2025;12;12;54;94.01;94.01;
2025;12;12;55;92.79;92.79;
2025;12;12;56;91.53;91.53;
2025;12;12;57;93.04;93.04;
2025;12;12;58;94.01;94.01;
2025;12;12;59;94.64;94.64;
2025;12;12;60;94.76;94.76;
2025;12;12;61;86.37;86.37;
2025;12;12;62;87.50;87.50;
2025;12;12;63;90.35;90.35;
2025;12;12;64;93.53;93.53;
2025;12;12;65;88.00;88.00;
2025;12;12;66;90.23;90.23;
2025;12;12;67;96.43;96.43;
2025;12;12;68;100.37;100.37;
2025;12;12;69;94.87;94.87;
2025;12;12;70;97.94;97.94;
2025;12;12;71;104.01;104.01;
2025;12;12;72;106.83;106.83;
2025;12;12;73;109.00;109.00;
2025;12;12;74;109.00;109.00;
2025;12;12;75;111.83;111.83;
2025;12;12;76;112.70;112.70;
2025;12;12;77;107.77;107.77;
2025;12;12;78;106.53;106.53;
2025;12;12;79;105.83;105.83;
2025;12;12;80;103.01;103.01;
2025;12;12;81;104.03;104.03;
2025;12;12;82;102.39;102.39;
2025;12;12;83;101.83;101.83;
2025;12;12;84;98.69;98.69;
2025;12;12;85;101.51;101.51;
2025;12;12;86;97.79;97.79;
2025;12;12;87;94.71;94.71;
2025;12;12;88;95.00;95.00;
2025;12;12;89;95.00;95.00;
2025;12;12;90;94.00;94.00;
2025;12;12;91;93.75;93.75;
2025;12;12;92;90.19;90.19;
2025;12;12;93;91.71;91.71;
2025;12;12;94;86.85;86.85;
2025;12;12;95;84.80;84.80;
2025;12;12;96;75.60;75.60;
*
