MARGINALPIBC;
2025;10;21;1;45.80;45.80;
2025;10;21;2;39.90;39.90;
2025;10;21;3;26.42;26.42;
2025;10;21;4;26.87;26.87;
2025;10;21;5;30.00;30.00;
2025;10;21;6;29.87;29.87;
2025;10;21;7;24.68;24.68;
2025;10;21;8;30.00;30.00;
2025;10;21;9;19.79;19.79;
2025;10;21;10;14.00;14.00;
2025;10;21;11;11.17;11.17;
2025;10;21;12;10.00;10.00;
2025;10;21;13;7.96;7.96;
2025;10;21;14;14.00;14.00;
2025;10;21;15;12.30;12.30;
2025;10;21;16;10.00;10.00;
2025;10;21;17;13.00;13.00;
2025;10;21;18;14.00;14.00;
2025;10;21;19;15.00;15.00;
2025;10;21;20;14.00;14.00;
2025;10;21;21;12.75;12.75;
2025;10;21;22;15.00;15.00;
2025;10;21;23;20.20;20.20;
2025;10;21;24;30.00;30.00;
2025;10;21;25;30.85;30.85;
2025;10;21;26;33.22;33.22;
2025;10;21;27;52.01;52.01;
2025;10;21;28;61.00;61.00;
2025;10;21;29;57.58;57.58;
2025;10;21;30;69.63;69.63;
2025;10;21;31;75.67;75.67;
2025;10;21;32;85.00;85.00;
2025;10;21;33;86.61;86.61;
2025;10;21;34;88.70;88.70;
2025;10;21;35;91.37;91.37;
2025;10;21;36;89.67;89.67;
2025;10;21;37;96.49;96.49;
2025;10;21;38;86.87;86.87;
2025;10;21;39;78.89;78.89;
2025;10;21;40;57.50;57.50;
2025;10;21;41;56.00;56.00;
2025;10;21;42;47.00;47.00;
2025;10;21;43;31.10;31.10;
2025;10;21;44;35.37;28.21;
2025;10;21;45;29.67;29.67;
2025;10;21;46;17.20;17.20;
2025;10;21;47;7.75;7.75;
2025;10;21;48;0.01;.01;
2025;10;21;49;-0.45;-.45;
2025;10;21;50;-3.62;-3.62;
2025;10;21;51;-3.00;-3.00;
2025;10;21;52;-1.98;-1.98;
2025;10;21;53;-3.00;-3.00;
2025;10;21;54;-3.00;-3.00;
2025;10;21;55;-3.62;-3.62;
2025;10;21;56;-3.45;-3.45;
2025;10;21;57;-3.62;-3.62;
2025;10;21;58;-3.62;-3.62;
2025;10;21;59;-3.62;-3.62;
2025;10;21;60;-3.62;-3.62;
2025;10;21;61;-3.62;-3.62;
2025;10;21;62;-3.62;-3.62;
2025;10;21;63;-3.62;-3.62;
2025;10;21;64;-3.30;-3.30;
2025;10;21;65;-1.99;-1.99;
2025;10;21;66;-1.48;-1.48;
2025;10;21;67;-1.48;-1.48;
2025;10;21;68;-1.47;-1.47;
2025;10;21;69;-1.47;-1.47;
2025;10;21;70;5.00;5.00;
2025;10;21;71;12.80;12.80;
2025;10;21;72;25.20;25.20;
2025;10;21;73;20.07;20.07;
2025;10;21;74;43.06;43.06;
2025;10;21;75;56.64;56.64;
2025;10;21;76;79.80;79.80;
2025;10;21;77;58.95;58.95;
2025;10;21;78;80.52;80.52;
2025;10;21;79;85.04;85.04;
2025;10;21;80;91.85;91.85;
2025;10;21;81;94.72;94.72;
2025;10;21;82;94.89;94.89;
2025;10;21;83;90.22;90.22;
2025;10;21;84;86.93;86.93;
2025;10;21;85;88.70;88.70;
2025;10;21;86;84.19;84.19;
2025;10;21;87;85.19;85.19;
2025;10;21;88;72.76;72.76;
2025;10;21;89;86.95;86.95;
2025;10;21;90;81.09;81.09;
2025;10;21;91;79.80;79.80;
2025;10;21;92;60.60;60.60;
2025;10;21;93;60.10;60.10;
2025;10;21;94;54.58;54.58;
2025;10;21;95;50.39;50.39;
2025;10;21;96;47.04;47.04;
*
