MARGINALPIBC;
2025;03;02;1;61.01;61.01;
2025;03;02;2;51.83;51.83;
2025;03;02;3;50.03;50.03;
2025;03;02;4;51.21;51.21;
2025;03;02;5;53.58;53.58;
2025;03;02;6;56.58;56.58;
2025;03;02;7;53.98;53.98;
2025;03;02;8;52.15;52.15;
2025;03;02;9;52.15;52.15;
2025;03;02;10;52.75;52.75;
2025;03;02;11;62.90;62.90;
2025;03;02;12;51.79;51.79;
2025;03;02;13;37.50;37.50;
2025;03;02;14;41.00;40.00;
2025;03;02;15;43.19;42.19;
2025;03;02;16;51.89;51.89;
2025;03;02;17;72.24;72.24;
2025;03;02;18;79.59;79.59;
2025;03;02;19;89.50;89.50;
2025;03;02;20;108.95;108.95;
2025;03;02;21;119.87;119.87;
2025;03;02;22;118.39;118.39;
2025;03;02;23;91.50;91.50;
2025;03;02;24;79.02;79.02;
*
