MARGINALPIBC;
2025;09;24;1;53.53;53.53;
2025;09;24;2;53.52;53.52;
2025;09;24;3;53.51;53.51;
2025;09;24;4;53.51;53.51;
2025;09;24;5;37.80;37.80;
2025;09;24;6;37.80;37.80;
2025;09;24;7;35.80;35.80;
2025;09;24;8;37.22;37.22;
2025;09;24;9;43.39;43.39;
2025;09;24;10;39.79;39.79;
2025;09;24;11;40.10;40.10;
2025;09;24;12;40.10;40.10;
2025;09;24;13;30.00;30.00;
2025;09;24;14;30.00;30.00;
2025;09;24;15;32.00;32.00;
2025;09;24;16;32.00;32.00;
2025;09;24;17;31.10;31.10;
2025;09;24;18;30.00;30.00;
2025;09;24;19;31.50;31.50;
2025;09;24;20;36.50;36.50;
2025;09;24;21;43.60;43.60;
2025;09;24;22;44.46;44.46;
2025;09;24;23;46.60;46.60;
2025;09;24;24;48.60;48.60;
2025;09;24;25;46.80;46.80;
2025;09;24;26;48.80;48.80;
2025;09;24;27;49.30;49.30;
2025;09;24;28;60.16;60.16;
2025;09;24;29;66.96;66.96;
2025;09;24;30;74.04;74.04;
2025;09;24;31;83.30;83.30;
2025;09;24;32;86.95;86.95;
2025;09;24;33;86.54;86.54;
2025;09;24;34;85.01;85.01;
2025;09;24;35;79.13;79.13;
2025;09;24;36;53.76;53.76;
2025;09;24;37;98.01;98.01;
2025;09;24;38;88.31;88.31;
2025;09;24;39;57.91;57.91;
2025;09;24;40;12.90;12.90;
2025;09;24;41;42.90;42.90;
2025;09;24;42;23.40;23.40;
2025;09;24;43;9.52;9.52;
2025;09;24;44;5.42;5.42;
2025;09;24;45;5.00;5.00;
2025;09;24;46;3.52;3.52;
2025;09;24;47;1.80;1.72;
2025;09;24;48;1.80;1.57;
2025;09;24;49;3.52;3.52;
2025;09;24;50;3.52;3.52;
2025;09;24;51;3.52;3.52;
2025;09;24;52;3.52;3.52;
2025;09;24;53;3.52;3.52;
2025;09;24;54;3.52;3.52;
2025;09;24;55;3.52;3.52;
2025;09;24;56;3.52;3.52;
2025;09;24;57;4.31;2.99;
2025;09;24;58;4.31;3.52;
2025;09;24;59;4.31;3.15;
2025;09;24;60;4.80;3.52;
2025;09;24;61;20.40;.65;
2025;09;24;62;20.40;.65;
2025;09;24;63;20.40;.65;
2025;09;24;64;20.40;.65;
2025;09;24;65;6.80;.65;
2025;09;24;66;6.80;.65;
2025;09;24;67;6.80;1.55;
2025;09;24;68;6.80;3.52;
2025;09;24;69;20.80;20.10;
2025;09;24;70;20.90;20.90;
2025;09;24;71;40.10;40.10;
2025;09;24;72;52.90;52.90;
2025;09;24;73;27.20;27.20;
2025;09;24;74;56.73;56.73;
2025;09;24;75;72.72;72.72;
2025;09;24;76;87.39;87.39;
2025;09;24;77;48.16;48.16;
2025;09;24;78;86.07;86.07;
2025;09;24;79;102.13;102.13;
2025;09;24;80;119.64;119.64;
2025;09;24;81;105.13;105.13;
2025;09;24;82;107.09;107.09;
2025;09;24;83;108.12;108.12;
2025;09;24;84;108.13;108.13;
2025;09;24;85;103.68;103.68;
2025;09;24;86;102.13;102.13;
2025;09;24;87;99.89;99.89;
2025;09;24;88;93.21;93.21;
2025;09;24;89;94.56;94.56;
2025;09;24;90;90.00;90.00;
2025;09;24;91;88.83;88.83;
2025;09;24;92;85.10;85.10;
2025;09;24;93;83.08;83.08;
2025;09;24;94;83.08;83.08;
2025;09;24;95;82.08;82.08;
2025;09;24;96;80.58;80.58;
*
