MARGINALPIBC;
2025;09;30;1;95.31;95.31;
2025;09;30;2;92.46;92.46;
2025;09;30;3;90.36;90.36;
2025;09;30;4;87.53;87.53;
2025;09;30;5;91.77;91.77;
2025;09;30;6;89.41;89.41;
2025;09;30;7;88.25;88.25;
2025;09;30;8;88.25;88.25;
2025;09;30;9;81.94;81.94;
2025;09;30;10;80.00;80.00;
2025;09;30;11;79.85;79.85;
2025;09;30;12;79.50;79.50;
2025;09;30;13;76.43;76.43;
2025;09;30;14;76.28;76.28;
2025;09;30;15;76.28;76.28;
2025;09;30;16;76.28;76.28;
2025;09;30;17;77.50;77.50;
2025;09;30;18;77.50;77.50;
2025;09;30;19;77.85;77.85;
2025;09;30;20;78.00;78.00;
2025;09;30;21;77.00;77.00;
2025;09;30;22;79.40;79.40;
2025;09;30;23;79.50;79.50;
2025;09;30;24;81.00;81.00;
2025;09;30;25;85.63;85.63;
2025;09;30;26;89.66;89.66;
2025;09;30;27;92.01;92.01;
2025;09;30;28;96.96;96.96;
2025;09;30;29;95.00;95.00;
2025;09;30;30;100.47;100.47;
2025;09;30;31;102.86;102.86;
2025;09;30;32;106.74;106.74;
2025;09;30;33;120.03;120.03;
2025;09;30;34;120.00;120.00;
2025;09;30;35;112.40;112.40;
2025;09;30;36;105.99;105.99;
2025;09;30;37;129.96;129.96;
2025;09;30;38;100.10;100.10;
2025;09;30;39;84.00;84.00;
2025;09;30;40;35.20;35.20;
2025;09;30;41;88.31;88.31;
2025;09;30;42;73.83;73.83;
2025;09;30;43;60.10;60.10;
2025;09;30;44;48.61;48.61;
2025;09;30;45;74.05;74.05;
2025;09;30;46;56.60;56.60;
2025;09;30;47;42.49;42.49;
2025;09;30;48;31.40;31.40;
2025;09;30;49;37.37;37.37;
2025;09;30;50;31.77;31.77;
2025;09;30;51;33.00;33.00;
2025;09;30;52;32.49;32.49;
2025;09;30;53;29.41;29.41;
2025;09;30;54;37.90;37.90;
2025;09;30;55;37.90;37.90;
2025;09;30;56;36.90;36.90;
2025;09;30;57;41.99;41.99;
2025;09;30;58;42.08;42.08;
2025;09;30;59;49.04;49.04;
2025;09;30;60;43.50;43.50;
2025;09;30;61;57.03;57.03;
2025;09;30;62;68.08;68.08;
2025;09;30;63;74.10;74.10;
2025;09;30;64;79.07;79.07;
2025;09;30;65;38.00;38.00;
2025;09;30;66;50.00;50.00;
2025;09;30;67;80.00;80.00;
2025;09;30;68;85.37;85.37;
2025;09;30;69;44.89;44.89;
2025;09;30;70;54.94;54.94;
2025;09;30;71;84.94;84.94;
2025;09;30;72;92.00;92.00;
2025;09;30;73;33.10;33.10;
2025;09;30;74;65.00;65.00;
2025;09;30;75;90.10;90.10;
2025;09;30;76;113.77;113.77;
2025;09;30;77;88.59;88.59;
2025;09;30;78;107.10;107.10;
2025;09;30;79;131.92;131.92;
2025;09;30;80;157.01;157.01;
2025;09;30;81;195.27;195.27;
2025;09;30;82;199.34;199.34;
2025;09;30;83;199.34;199.34;
2025;09;30;84;199.34;199.34;
2025;09;30;85;172.11;173.21;
2025;09;30;86;172.11;172.11;
2025;09;30;87;171.61;171.61;
2025;09;30;88;164.11;164.11;
2025;09;30;89;139.89;139.89;
2025;09;30;90;121.10;121.10;
2025;09;30;91;117.90;117.90;
2025;09;30;92;113.77;113.77;
2025;09;30;93;111.50;111.50;
2025;09;30;94;101.50;101.50;
2025;09;30;95;98.55;98.55;
2025;09;30;96;96.40;96.40;
*
