MARGINALPIBC;
2026;07;04;1;118.00;118.00;
2026;07;04;2;115.46;115.46;
2026;07;04;3;114.20;114.20;
2026;07;04;4;114.21;114.21;
2026;07;04;5;112.20;112.20;
2026;07;04;6;108.93;108.93;
2026;07;04;7;104.24;104.24;
2026;07;04;8;100.42;100.42;
2026;07;04;9;99.29;99.29;
2026;07;04;10;85.60;85.60;
2026;07;04;11;81.53;81.53;
2026;07;04;12;78.10;78.10;
2026;07;04;13;76.55;76.55;
2026;07;04;14;76.84;76.84;
2026;07;04;15;76.84;76.84;
2026;07;04;16;77.19;77.19;
2026;07;04;17;76.88;76.88;
2026;07;04;18;76.54;76.54;
2026;07;04;19;76.24;76.24;
2026;07;04;20;75.00;75.00;
2026;07;04;21;75.31;75.31;
2026;07;04;22;75.98;75.98;
2026;07;04;23;76.24;76.24;
2026;07;04;24;74.91;74.91;
2026;07;04;25;76.24;76.24;
2026;07;04;26;76.54;76.54;
2026;07;04;27;82.83;82.83;
2026;07;04;28;81.74;81.74;
2026;07;04;29;85.64;85.64;
2026;07;04;30;76.24;76.24;
2026;07;04;31;60.00;60.00;
2026;07;04;32;46.26;46.26;
2026;07;04;33;45.10;45.10;
2026;07;04;34;14.26;14.26;
2026;07;04;35;5.88;5.88;
2026;07;04;36;0.00;.00;
2026;07;04;37;-0.57;-.57;
2026;07;04;38;-4.99;-4.99;
2026;07;04;39;-10.82;-10.82;
2026;07;04;40;-0.01;-.01;
2026;07;04;41;-0.01;-.01;
2026;07;04;42;-0.01;-.01;
2026;07;04;43;-5.02;-5.02;
2026;07;04;44;-8.22;-8.22;
2026;07;04;45;-0.10;-.10;
2026;07;04;46;0.00;.00;
2026;07;04;47;-0.81;-.81;
2026;07;04;48;-0.67;-.67;
2026;07;04;49;-0.31;-.31;
2026;07;04;50;-0.30;-.30;
2026;07;04;51;-0.01;-.01;
2026;07;04;52;0.00;.00;
2026;07;04;53;0.00;.00;
2026;07;04;54;0.00;.00;
2026;07;04;55;0.00;.00;
2026;07;04;56;0.00;.00;
2026;07;04;57;0.00;.00;
2026;07;04;58;0.00;.00;
2026;07;04;59;0.00;.00;
2026;07;04;60;0.00;.00;
2026;07;04;61;0.00;.00;
2026;07;04;62;0.00;.00;
2026;07;04;63;0.00;.00;
2026;07;04;64;0.00;.00;
2026;07;04;65;0.00;.00;
2026;07;04;66;0.89;.89;
2026;07;04;67;0.00;.00;
2026;07;04;68;0.00;.00;
2026;07;04;69;0.00;.00;
2026;07;04;70;0.00;.00;
2026;07;04;71;0.00;.00;
2026;07;04;72;1.08;1.08;
2026;07;04;73;0.00;.00;
2026;07;04;74;0.29;.29;
2026;07;04;75;1.20;1.20;
2026;07;04;76;26.30;26.30;
2026;07;04;77;27.01;27.01;
2026;07;04;78;34.29;34.29;
2026;07;04;79;48.57;48.57;
2026;07;04;80;62.66;62.66;
2026;07;04;81;57.49;57.49;
2026;07;04;82;86.83;86.83;
2026;07;04;83;100.53;100.53;
2026;07;04;84;114.07;114.07;
2026;07;04;85;111.95;111.95;
2026;07;04;86;114.43;114.43;
2026;07;04;87;116.07;116.07;
2026;07;04;88;115.70;115.70;
2026;07;04;89;123.84;123.84;
2026;07;04;90;122.32;122.32;
2026;07;04;91;123.11;123.11;
2026;07;04;92;116.80;116.80;
2026;07;04;93;114.96;114.96;
2026;07;04;94;112.32;112.32;
2026;07;04;95;111.40;111.40;
2026;07;04;96;102.00;102.00;
*
