MARGINALPIBC;
2025;08;26;1;106.61;106.61;
2025;08;26;2;102.31;102.31;
2025;08;26;3;94.76;94.76;
2025;08;26;4;91.21;91.21;
2025;08;26;5;101.22;101.22;
2025;08;26;6;97.40;97.40;
2025;08;26;7;93.50;93.50;
2025;08;26;8;91.85;91.85;
2025;08;26;9;95.39;95.39;
2025;08;26;10;94.99;94.99;
2025;08;26;11;92.99;92.99;
2025;08;26;12;92.85;92.85;
2025;08;26;13;98.60;98.60;
2025;08;26;14;98.60;98.60;
2025;08;26;15;97.60;97.60;
2025;08;26;16;98.60;98.60;
2025;08;26;17;96.86;96.86;
2025;08;26;18;97.78;97.78;
2025;08;26;19;98.78;98.78;
2025;08;26;20;100.63;100.63;
2025;08;26;21;97.40;97.40;
2025;08;26;22;99.40;99.40;
2025;08;26;23;102.40;102.40;
2025;08;26;24;105.55;105.55;
2025;08;26;25;107.33;107.33;
2025;08;26;26;109.52;109.52;
2025;08;26;27;113.90;113.90;
2025;08;26;28;116.09;116.09;
2025;08;26;29;125.95;125.95;
2025;08;26;30;128.47;128.47;
2025;08;26;31;130.95;130.95;
2025;08;26;32;130.99;130.99;
2025;08;26;33;134.66;134.66;
2025;08;26;34;125.55;125.55;
2025;08;26;35;117.79;117.79;
2025;08;26;36;102.79;102.79;
2025;08;26;37;122.49;122.49;
2025;08;26;38;110.55;110.55;
2025;08;26;39;97.52;97.52;
2025;08;26;40;67.52;67.52;
2025;08;26;41;91.85;91.85;
2025;08;26;42;87.01;87.01;
2025;08;26;43;68.92;68.92;
2025;08;26;44;52.22;52.22;
2025;08;26;45;86.42;86.42;
2025;08;26;46;70.10;70.10;
2025;08;26;47;51.90;51.90;
2025;08;26;48;40.78;40.78;
2025;08;26;49;61.25;61.25;
2025;08;26;50;52.16;52.16;
2025;08;26;51;50.13;50.13;
2025;08;26;52;44.99;44.99;
2025;08;26;53;38.24;38.24;
2025;08;26;54;38.18;38.18;
2025;08;26;55;35.52;35.52;
2025;08;26;56;31.25;31.25;
2025;08;26;57;40.00;40.00;
2025;08;26;58;41.97;41.97;
2025;08;26;59;48.00;48.00;
2025;08;26;60;49.27;49.27;
2025;08;26;61;54.34;54.34;
2025;08;26;62;59.94;59.94;
2025;08;26;63;59.34;59.34;
2025;08;26;64;60.34;60.34;
2025;08;26;65;55.00;55.00;
2025;08;26;66;59.64;59.64;
2025;08;26;67;67.96;67.96;
2025;08;26;68;75.00;75.00;
2025;08;26;69;43.66;43.66;
2025;08;26;70;50.00;50.00;
2025;08;26;71;67.00;67.00;
2025;08;26;72;83.34;83.34;
2025;08;26;73;54.75;54.75;
2025;08;26;74;76.10;76.10;
2025;08;26;75;90.98;90.98;
2025;08;26;76;107.77;107.77;
2025;08;26;77;67.64;67.64;
2025;08;26;78;101.34;101.34;
2025;08;26;79;115.05;115.05;
2025;08;26;80;129.80;129.80;
2025;08;26;81;109.01;109.01;
2025;08;26;82;117.77;117.77;
2025;08;26;83;124.52;124.52;
2025;08;26;84;127.76;127.76;
2025;08;26;85;122.46;122.46;
2025;08;26;86;122.46;122.46;
2025;08;26;87;120.99;120.99;
2025;08;26;88;117.87;117.87;
2025;08;26;89;114.12;114.12;
2025;08;26;90;112.17;112.17;
2025;08;26;91;108.60;108.60;
2025;08;26;92;104.07;104.07;
2025;08;26;93;107.79;107.79;
2025;08;26;94;104.65;104.65;
2025;08;26;95;99.69;99.69;
2025;08;26;96;98.25;98.25;
*
