MARGINALPIBC;
2025;02;19;1;121.48;118.70;
2025;02;19;2;106.18;111.98;
2025;02;19;3;102.60;107.30;
2025;02;19;4;100.30;102.01;
2025;02;19;5;96.06;98.35;
2025;02;19;6;103.23;103.93;
2025;02;19;7;130.01;121.72;
2025;02;19;8;175.00;149.50;
2025;02;19;9;190.01;169.49;
2025;02;19;10;150.01;133.58;
2025;02;19;11;126.36;118.92;
2025;02;19;12;115.57;109.57;
2025;02;19;13;106.24;103.71;
2025;02;19;14;98.63;95.00;
2025;02;19;15;92.01;87.11;
2025;02;19;16;92.01;88.01;
2025;02;19;17;130.01;101.70;
2025;02;19;18;130.01;121.14;
2025;02;19;19;160.00;153.00;
2025;02;19;20;183.45;190.94;
2025;02;19;21;213.20;213.20;
2025;02;19;22;166.42;174.37;
2025;02;19;23;135.21;135.21;
2025;02;19;24;110.82;116.97;
*
