MARGINALPIBC;
2025;09;04;1;91.44;91.44;
2025;09;04;2;91.24;91.24;
2025;09;04;3;88.29;88.29;
2025;09;04;4;86.40;86.40;
2025;09;04;5;89.40;89.40;
2025;09;04;6;85.48;85.48;
2025;09;04;7;85.00;85.00;
2025;09;04;8;84.85;84.85;
2025;09;04;9;85.00;85.00;
2025;09;04;10;84.10;84.10;
2025;09;04;11;80.10;80.10;
2025;09;04;12;79.91;79.91;
2025;09;04;13;80.00;80.00;
2025;09;04;14;72.47;72.47;
2025;09;04;15;72.27;72.27;
2025;09;04;16;72.27;72.27;
2025;09;04;17;70.20;70.20;
2025;09;04;18;70.00;70.00;
2025;09;04;19;70.00;70.00;
2025;09;04;20;70.00;70.00;
2025;09;04;21;70.70;70.70;
2025;09;04;22;70.70;70.70;
2025;09;04;23;74.38;74.38;
2025;09;04;24;81.24;81.24;
2025;09;04;25;81.02;81.02;
2025;09;04;26;81.43;81.43;
2025;09;04;27;85.11;85.11;
2025;09;04;28;88.34;88.34;
2025;09;04;29;98.56;98.56;
2025;09;04;30;103.55;103.55;
2025;09;04;31;105.85;105.85;
2025;09;04;32;108.55;108.55;
2025;09;04;33;112.57;112.57;
2025;09;04;34;101.12;101.12;
2025;09;04;35;88.53;88.53;
2025;09;04;36;58.53;58.53;
2025;09;04;37;89.99;89.99;
2025;09;04;38;80.00;80.00;
2025;09;04;39;29.00;29.00;
2025;09;04;40;15.00;15.00;
2025;09;04;41;33.07;33.07;
2025;09;04;42;18.07;18.07;
2025;09;04;43;8.08;8.08;
2025;09;04;44;3.07;3.07;
2025;09;04;45;12.39;12.39;
2025;09;04;46;10.79;10.79;
2025;09;04;47;5.79;5.79;
2025;09;04;48;2.20;2.20;
2025;09;04;49;4.31;3.52;
2025;09;04;50;4.31;3.52;
2025;09;04;51;4.31;3.52;
2025;09;04;52;4.31;3.20;
2025;09;04;53;3.02;1.52;
2025;09;04;54;2.20;1.52;
2025;09;04;55;2.20;-2.00;
2025;09;04;56;2.20;-3.62;
2025;09;04;57;2.20;1.06;
2025;09;04;58;1.65;1.40;
2025;09;04;59;1.60;.11;
2025;09;04;60;1.60;.11;
2025;09;04;61;3.51;.11;
2025;09;04;62;3.51;.00;
2025;09;04;63;3.51;-.95;
2025;09;04;64;4.02;.00;
2025;09;04;65;4.31;.00;
2025;09;04;66;4.31;.00;
2025;09;04;67;4.31;2.90;
2025;09;04;68;4.31;3.70;
2025;09;04;69;2.09;2.09;
2025;09;04;70;7.01;7.01;
2025;09;04;71;10.77;10.77;
2025;09;04;72;22.01;22.01;
2025;09;04;73;2.20;2.20;
2025;09;04;74;10.20;10.20;
2025;09;04;75;28.19;28.19;
2025;09;04;76;68.29;68.29;
2025;09;04;77;20.25;20.25;
2025;09;04;78;50.05;50.05;
2025;09;04;79;91.40;91.40;
2025;09;04;80;112.90;112.90;
2025;09;04;81;84.10;84.10;
2025;09;04;82;94.51;94.51;
2025;09;04;83;104.50;104.50;
2025;09;04;84;107.50;107.50;
2025;09;04;85;106.61;106.61;
2025;09;04;86;107.99;107.99;
2025;09;04;87;105.00;105.00;
2025;09;04;88;97.00;97.00;
2025;09;04;89;97.44;97.44;
2025;09;04;90;91.10;91.10;
2025;09;04;91;86.66;86.66;
2025;09;04;92;80.45;80.45;
2025;09;04;93;86.40;86.40;
2025;09;04;94;82.49;82.49;
2025;09;04;95;75.50;75.50;
2025;09;04;96;62.51;62.51;
*
