MARGINALPIBC;
2025;02;14;1;125.45;125.45;
2025;02;14;2;118.87;118.87;
2025;02;14;3;113.50;113.50;
2025;02;14;4;106.58;106.58;
2025;02;14;5;101.13;101.13;
2025;02;14;6;113.37;113.37;
2025;02;14;7;122.83;122.83;
2025;02;14;8;159.50;159.50;
2025;02;14;9;189.79;189.79;
2025;02;14;10;120.71;120.71;
2025;02;14;11;92.80;92.80;
2025;02;14;12;74.51;74.51;
2025;02;14;13;69.76;69.76;
2025;02;14;14;65.00;65.00;
2025;02;14;15;54.99;54.99;
2025;02;14;16;54.90;54.90;
2025;02;14;17;65.00;65.00;
2025;02;14;18;109.00;109.00;
2025;02;14;19;166.15;166.15;
2025;02;14;20;197.72;197.72;
2025;02;14;21;178.61;178.61;
2025;02;14;22;156.06;156.06;
2025;02;14;23;148.01;148.01;
2025;02;14;24;136.58;136.58;
*
