MARGINALPIBC;
2026;02;26;1;53.97;53.97;
2026;02;26;2;49.94;49.94;
2026;02;26;3;41.00;41.00;
2026;02;26;4;29.34;29.34;
2026;02;26;5;29.82;29.82;
2026;02;26;6;28.04;28.04;
2026;02;26;7;28.00;28.00;
2026;02;26;8;26.32;26.32;
2026;02;26;9;25.54;25.54;
2026;02;26;10;20.02;20.02;
2026;02;26;11;30.34;30.34;
2026;02;26;12;30.10;30.10;
2026;02;26;13;30.10;30.10;
2026;02;26;14;27.63;27.63;
2026;02;26;15;26.80;26.80;
2026;02;26;16;26.99;26.99;
2026;02;26;17;26.08;26.08;
2026;02;26;18;26.07;26.07;
2026;02;26;19;27.20;27.20;
2026;02;26;20;29.48;29.48;
2026;02;26;21;33.18;33.18;
2026;02;26;22;34.08;34.08;
2026;02;26;23;22.73;22.73;
2026;02;26;24;21.83;21.83;
2026;02;26;25;24.34;24.34;
2026;02;26;26;20.20;20.20;
2026;02;26;27;29.00;29.00;
2026;02;26;28;34.47;34.47;
2026;02;26;29;49.61;49.61;
2026;02;26;30;64.28;69.57;
2026;02;26;31;78.46;80.50;
2026;02;26;32;83.80;83.80;
2026;02;26;33;82.99;82.99;
2026;02;26;34;67.89;67.89;
2026;02;26;35;51.96;51.96;
2026;02;26;36;20.30;20.30;
2026;02;26;37;30.34;30.34;
2026;02;26;38;37.00;37.00;
2026;02;26;39;25.68;25.68;
2026;02;26;40;8.74;8.74;
2026;02;26;41;11.00;11.00;
2026;02;26;42;8.89;.91;
2026;02;26;43;5.03;.91;
2026;02;26;44;4.70;.00;
2026;02;26;45;3.00;.00;
2026;02;26;46;3.00;.00;
2026;02;26;47;2.75;.00;
2026;02;26;48;2.32;.00;
2026;02;26;49;1.98;.00;
2026;02;26;50;1.50;-.01;
2026;02;26;51;1.50;.00;
2026;02;26;52;1.50;.00;
2026;02;26;53;1.50;.00;
2026;02;26;54;0.75;.00;
2026;02;26;55;1.43;.00;
2026;02;26;56;1.43;.00;
2026;02;26;57;0.44;-2.10;
2026;02;26;58;0.00;-4.00;
2026;02;26;59;0.44;-2.10;
2026;02;26;60;1.42;-2.10;
2026;02;26;61;1.43;.00;
2026;02;26;62;0.00;.00;
2026;02;26;63;0.25;.00;
2026;02;26;64;0.50;.00;
2026;02;26;65;0.50;.00;
2026;02;26;66;0.50;.00;
2026;02;26;67;0.83;.00;
2026;02;26;68;1.61;.09;
2026;02;26;69;0.91;.91;
2026;02;26;70;4.97;4.97;
2026;02;26;71;6.99;6.99;
2026;02;26;72;21.97;21.97;
2026;02;26;73;9.40;9.40;
2026;02;26;74;17.06;17.06;
2026;02;26;75;18.50;37.11;
2026;02;26;76;61.82;79.82;
2026;02;26;77;65.17;77.67;
2026;02;26;78;79.04;87.65;
2026;02;26;79;87.83;87.83;
2026;02;26;80;86.54;86.54;
2026;02;26;81;83.73;90.87;
2026;02;26;82;85.22;93.03;
2026;02;26;83;85.42;90.00;
2026;02;26;84;83.93;86.53;
2026;02;26;85;79.74;82.34;
2026;02;26;86;79.19;79.59;
2026;02;26;87;62.60;65.02;
2026;02;26;88;47.40;47.40;
2026;02;26;89;32.25;32.25;
2026;02;26;90;22.98;22.98;
2026;02;26;91;16.57;16.57;
2026;02;26;92;12.39;12.39;
2026;02;26;93;25.30;25.30;
2026;02;26;94;25.39;25.39;
2026;02;26;95;24.06;24.06;
2026;02;26;96;10.00;10.00;
*
