MARGINALPIBC;
2026;01;13;1;93.00;93.00;
2026;01;13;2;90.03;90.03;
2026;01;13;3;89.64;89.64;
2026;01;13;4;87.33;87.33;
2026;01;13;5;88.00;88.00;
2026;01;13;6;84.00;84.00;
2026;01;13;7;84.02;84.02;
2026;01;13;8;83.83;83.83;
2026;01;13;9;80.29;80.29;
2026;01;13;10;80.00;80.00;
2026;01;13;11;85.30;85.30;
2026;01;13;12;85.76;85.76;
2026;01;13;13;85.30;85.30;
2026;01;13;14;79.92;79.92;
2026;01;13;15;79.85;79.85;
2026;01;13;16;79.11;79.11;
2026;01;13;17;78.67;78.67;
2026;01;13;18;75.00;75.00;
2026;01;13;19;77.35;77.35;
2026;01;13;20;80.00;80.00;
2026;01;13;21;79.87;79.87;
2026;01;13;22;81.24;81.24;
2026;01;13;23;80.00;80.00;
2026;01;13;24;83.09;83.09;
2026;01;13;25;84.48;84.48;
2026;01;13;26;87.50;87.50;
2026;01;13;27;91.46;91.46;
2026;01;13;28;94.00;94.00;
2026;01;13;29;96.54;96.54;
2026;01;13;30;97.70;97.70;
2026;01;13;31;101.10;101.10;
2026;01;13;32;104.32;104.32;
2026;01;13;33;105.01;105.01;
2026;01;13;34;107.02;107.02;
2026;01;13;35;108.94;108.94;
2026;01;13;36;104.29;104.29;
2026;01;13;37;111.40;111.40;
2026;01;13;38;101.49;101.49;
2026;01;13;39;99.09;99.09;
2026;01;13;40;93.97;93.97;
2026;01;13;41;101.93;101.93;
2026;01;13;42;97.01;97.01;
2026;01;13;43;95.34;95.34;
2026;01;13;44;89.10;89.10;
2026;01;13;45;94.16;94.16;
2026;01;13;46;90.95;90.95;
2026;01;13;47;88.00;88.00;
2026;01;13;48;86.10;86.10;
2026;01;13;49;85.30;85.30;
2026;01;13;50;83.82;83.82;
2026;01;13;51;84.74;84.74;
2026;01;13;52;80.46;80.46;
2026;01;13;53;78.45;78.45;
2026;01;13;54;77.79;77.79;
2026;01;13;55;75.49;75.49;
2026;01;13;56;77.90;77.90;
2026;01;13;57;75.55;75.55;
2026;01;13;58;79.61;79.61;
2026;01;13;59;82.43;82.43;
2026;01;13;60;86.22;86.22;
2026;01;13;61;85.72;85.72;
2026;01;13;62;86.94;86.94;
2026;01;13;63;89.10;89.10;
2026;01;13;64;94.67;94.67;
2026;01;13;65;85.18;85.18;
2026;01;13;66;89.94;89.94;
2026;01;13;67;89.55;89.55;
2026;01;13;68;95.47;95.47;
2026;01;13;69;94.67;94.67;
2026;01;13;70;94.67;94.67;
2026;01;13;71;100.00;100.00;
2026;01;13;72;110.60;110.60;
2026;01;13;73;107.79;107.79;
2026;01;13;74;110.79;110.79;
2026;01;13;75;112.36;112.36;
2026;01;13;76;114.80;114.80;
2026;01;13;77;110.00;110.00;
2026;01;13;78;110.38;110.38;
2026;01;13;79;111.77;111.77;
2026;01;13;80;115.03;115.03;
2026;01;13;81;128.88;128.88;
2026;01;13;82;133.60;133.60;
2026;01;13;83;136.57;136.57;
2026;01;13;84;140.24;140.24;
2026;01;13;85;144.02;144.02;
2026;01;13;86;126.91;126.91;
2026;01;13;87;125.00;125.00;
2026;01;13;88;111.80;111.80;
2026;01;13;89;115.00;115.00;
2026;01;13;90;106.83;106.83;
2026;01;13;91;103.03;103.03;
2026;01;13;92;102.46;102.46;
2026;01;13;93;106.04;106.04;
2026;01;13;94;105.56;105.56;
2026;01;13;95;102.85;102.85;
2026;01;13;96;98.63;98.63;
*
