MARGINALPIBC;
2025;11;07;1;64.55;64.55;
2025;11;07;2;61.52;61.52;
2025;11;07;3;56.26;56.26;
2025;11;07;4;51.67;51.67;
2025;11;07;5;54.03;54.03;
2025;11;07;6;53.10;53.10;
2025;11;07;7;50.81;50.81;
2025;11;07;8;49.66;49.66;
2025;11;07;9;59.10;59.10;
2025;11;07;10;51.00;51.00;
2025;11;07;11;49.66;49.66;
2025;11;07;12;45.00;45.00;
2025;11;07;13;41.50;41.50;
2025;11;07;14;37.17;37.17;
2025;11;07;15;35.00;35.00;
2025;11;07;16;34.01;34.01;
2025;11;07;17;33.66;33.66;
2025;11;07;18;32.00;32.00;
2025;11;07;19;32.00;32.00;
2025;11;07;20;33.54;33.54;
2025;11;07;21;38.00;38.00;
2025;11;07;22;40.57;40.57;
2025;11;07;23;44.11;44.11;
2025;11;07;24;49.66;49.66;
2025;11;07;25;56.78;56.78;
2025;11;07;26;60.08;60.08;
2025;11;07;27;59.05;59.05;
2025;11;07;28;64.09;64.09;
2025;11;07;29;68.67;68.67;
2025;11;07;30;79.89;79.89;
2025;11;07;31;84.26;84.26;
2025;11;07;32;86.50;86.50;
2025;11;07;33;95.66;95.66;
2025;11;07;34;89.92;89.92;
2025;11;07;35;89.50;89.50;
2025;11;07;36;83.21;83.21;
2025;11;07;37;85.69;85.69;
2025;11;07;38;75.77;75.77;
2025;11;07;39;68.00;68.00;
2025;11;07;40;61.80;61.80;
2025;11;07;41;69.02;69.02;
2025;11;07;42;61.04;61.04;
2025;11;07;43;60.68;60.68;
2025;11;07;44;56.20;56.20;
2025;11;07;45;58.01;58.01;
2025;11;07;46;55.00;55.00;
2025;11;07;47;52.00;52.00;
2025;11;07;48;50.99;50.99;
2025;11;07;49;55.00;55.00;
2025;11;07;50;52.26;52.26;
2025;11;07;51;58.00;58.00;
2025;11;07;52;51.78;51.78;
2025;11;07;53;46.62;46.62;
2025;11;07;54;43.50;43.50;
2025;11;07;55;41.34;41.34;
2025;11;07;56;43.62;43.62;
2025;11;07;57;44.50;44.50;
2025;11;07;58;49.50;49.50;
2025;11;07;59;50.73;50.73;
2025;11;07;60;53.60;53.60;
2025;11;07;61;54.10;54.10;
2025;11;07;62;58.84;58.84;
2025;11;07;63;62.30;62.30;
2025;11;07;64;67.68;67.68;
2025;11;07;65;64.67;64.67;
2025;11;07;66;75.32;75.32;
2025;11;07;67;87.02;87.02;
2025;11;07;68;91.50;91.50;
2025;11;07;69;88.00;88.00;
2025;11;07;70;92.00;92.00;
2025;11;07;71;96.61;96.61;
2025;11;07;72;103.28;103.28;
2025;11;07;73;96.58;96.58;
2025;11;07;74;99.01;99.01;
2025;11;07;75;102.54;102.54;
2025;11;07;76;106.09;106.09;
2025;11;07;77;98.94;98.94;
2025;11;07;78;100.00;100.00;
2025;11;07;79;97.14;97.14;
2025;11;07;80;96.68;96.68;
2025;11;07;81;89.81;89.81;
2025;11;07;82;89.37;89.37;
2025;11;07;83;88.96;88.96;
2025;11;07;84;87.15;87.15;
2025;11;07;85;91.92;91.92;
2025;11;07;86;90.86;90.86;
2025;11;07;87;87.01;87.01;
2025;11;07;88;85.83;85.83;
2025;11;07;89;84.58;84.58;
2025;11;07;90;82.50;82.50;
2025;11;07;91;84.01;84.01;
2025;11;07;92;85.00;85.00;
2025;11;07;93;81.22;81.22;
2025;11;07;94;79.60;79.60;
2025;11;07;95;75.55;75.55;
2025;11;07;96;72.47;72.47;
*
