MARGINALPIBC;
2026;03;14;1;30.01;30.01;
2026;03;14;2;15.00;15.00;
2026;03;14;3;5.00;5.00;
2026;03;14;4;4.20;4.20;
2026;03;14;5;1.17;1.17;
2026;03;14;6;1.17;1.17;
2026;03;14;7;1.17;1.17;
2026;03;14;8;0.00;.00;
2026;03;14;9;0.00;.00;
2026;03;14;10;0.00;.00;
2026;03;14;11;-0.81;-.81;
2026;03;14;12;-0.49;-.49;
2026;03;14;13;0.04;.04;
2026;03;14;14;-0.29;-.29;
2026;03;14;15;-0.40;-.40;
2026;03;14;16;-0.89;-.89;
2026;03;14;17;-0.83;-.83;
2026;03;14;18;-0.89;-.89;
2026;03;14;19;-0.89;-.89;
2026;03;14;20;-0.89;-.89;
2026;03;14;21;-0.22;-.22;
2026;03;14;22;-0.22;-.22;
2026;03;14;23;-0.81;-.81;
2026;03;14;24;-0.81;-.81;
2026;03;14;25;1.16;1.16;
2026;03;14;26;1.16;1.16;
2026;03;14;27;1.16;1.16;
2026;03;14;28;1.16;1.16;
2026;03;14;29;5.00;5.00;
2026;03;14;30;4.02;4.02;
2026;03;14;31;4.02;4.02;
2026;03;14;32;2.91;2.91;
2026;03;14;33;1.16;1.16;
2026;03;14;34;3.43;3.43;
2026;03;14;35;1.16;1.16;
2026;03;14;36;-0.89;-.89;
2026;03;14;37;-0.79;-.79;
2026;03;14;38;-0.99;-.99;
2026;03;14;39;-0.79;-.79;
2026;03;14;40;-0.79;-.79;
2026;03;14;41;-0.33;-.33;
2026;03;14;42;-0.49;-.49;
2026;03;14;43;-0.49;-.49;
2026;03;14;44;0.00;.00;
2026;03;14;45;-0.79;-.79;
2026;03;14;46;-0.81;-.81;
2026;03;14;47;-0.89;-.89;
2026;03;14;48;-0.99;-.99;
2026;03;14;49;-0.99;-.99;
2026;03;14;50;-0.79;-.79;
2026;03;14;51;-0.99;-.99;
2026;03;14;52;-0.99;-.99;
2026;03;14;53;-0.82;-.82;
2026;03;14;54;-0.79;-.79;
2026;03;14;55;-0.79;-.79;
2026;03;14;56;-0.89;-.89;
2026;03;14;57;-0.79;-.79;
2026;03;14;58;-0.81;-.81;
2026;03;14;59;-0.79;-.79;
2026;03;14;60;-0.79;-.79;
2026;03;14;61;-0.79;-.79;
2026;03;14;62;-0.79;-.79;
2026;03;14;63;-0.79;-.79;
2026;03;14;64;-0.79;-.79;
2026;03;14;65;-0.79;-.79;
2026;03;14;66;0.01;.01;
2026;03;14;67;-0.49;-.49;
2026;03;14;68;0.00;.00;
2026;03;14;69;0.05;.05;
2026;03;14;70;1.17;1.17;
2026;03;14;71;1.17;1.17;
2026;03;14;72;1.17;1.17;
2026;03;14;73;-0.79;-.79;
2026;03;14;74;1.17;1.17;
2026;03;14;75;1.17;1.17;
2026;03;14;76;1.17;1.17;
2026;03;14;77;1.17;1.17;
2026;03;14;78;11.00;11.00;
2026;03;14;79;20.61;20.61;
2026;03;14;80;29.02;29.02;
2026;03;14;81;30.80;30.80;
2026;03;14;82;31.68;31.68;
2026;03;14;83;31.92;31.92;
2026;03;14;84;32.16;32.16;
2026;03;14;85;31.92;31.92;
2026;03;14;86;42.50;42.50;
2026;03;14;87;42.44;42.44;
2026;03;14;88;42.00;42.00;
2026;03;14;89;44.79;44.79;
2026;03;14;90;39.79;39.79;
2026;03;14;91;30.02;30.02;
2026;03;14;92;22.09;22.09;
2026;03;14;93;20.61;20.61;
2026;03;14;94;20.21;20.21;
2026;03;14;95;6.61;6.61;
2026;03;14;96;1.17;1.17;
*
