MARGINALPIBC;
2026;06;18;1;135.70;135.70;
2026;06;18;2;133.64;133.64;
2026;06;18;3;129.54;129.54;
2026;06;18;4;118.25;118.25;
2026;06;18;5;121.81;121.81;
2026;06;18;6;118.04;118.04;
2026;06;18;7;120.20;120.20;
2026;06;18;8;114.68;114.68;
2026;06;18;9;133.13;133.13;
2026;06;18;10;131.98;131.98;
2026;06;18;11;130.17;130.17;
2026;06;18;12;130.07;130.07;
2026;06;18;13;130.07;130.07;
2026;06;18;14;130.07;130.07;
2026;06;18;15;130.17;130.17;
2026;06;18;16;130.17;130.17;
2026;06;18;17;129.50;129.50;
2026;06;18;18;130.57;130.57;
2026;06;18;19;132.10;132.10;
2026;06;18;20;133.13;133.13;
2026;06;18;21;132.70;132.70;
2026;06;18;22;133.51;133.51;
2026;06;18;23;132.78;132.78;
2026;06;18;24;130.98;130.98;
2026;06;18;25;129.03;129.03;
2026;06;18;26;130.57;130.57;
2026;06;18;27;133.00;133.00;
2026;06;18;28;137.92;137.92;
2026;06;18;29;139.87;139.87;
2026;06;18;30;140.01;140.01;
2026;06;18;31;135.70;135.70;
2026;06;18;32;130.17;130.17;
2026;06;18;33;136.96;136.96;
2026;06;18;34;124.10;124.10;
2026;06;18;35;116.45;116.45;
2026;06;18;36;95.00;95.00;
2026;06;18;37;117.00;117.00;
2026;06;18;38;100.90;100.90;
2026;06;18;39;93.40;73.40;
2026;06;18;40;90.27;55.20;
2026;06;18;41;89.30;58.09;
2026;06;18;42;89.30;41.00;
2026;06;18;43;89.09;37.88;
2026;06;18;44;88.88;27.67;
2026;06;18;45;78.63;29.78;
2026;06;18;46;70.95;22.74;
2026;06;18;47;74.54;24.80;
2026;06;18;48;65.77;17.26;
2026;06;18;49;61.11;39.88;
2026;06;18;50;62.97;28.68;
2026;06;18;51;59.11;24.99;
2026;06;18;52;58.11;19.37;
2026;06;18;53;54.99;23.10;
2026;06;18;54;36.12;21.89;
2026;06;18;55;33.22;14.72;
2026;06;18;56;20.12;11.01;
2026;06;18;57;28.77;20.00;
2026;06;18;58;29.27;20.50;
2026;06;18;59;30.89;22.12;
2026;06;18;60;28.77;20.00;
2026;06;18;61;28.26;20.00;
2026;06;18;62;28.52;20.26;
2026;06;18;63;35.27;27.01;
2026;06;18;64;43.26;35.00;
2026;06;18;65;48.03;39.77;
2026;06;18;66;49.63;40.86;
2026;06;18;67;58.26;50.00;
2026;06;18;68;62.95;59.80;
2026;06;18;69;65.77;65.77;
2026;06;18;70;65.77;65.77;
2026;06;18;71;65.77;65.77;
2026;06;18;72;65.77;65.77;
2026;06;18;73;65.77;65.77;
2026;06;18;74;75.35;75.35;
2026;06;18;75;74.48;74.48;
2026;06;18;76;80.30;80.30;
2026;06;18;77;84.30;84.30;
2026;06;18;78;102.60;102.60;
2026;06;18;79;117.33;117.33;
2026;06;18;80;125.60;125.60;
2026;06;18;81;123.20;123.20;
2026;06;18;82;130.60;130.60;
2026;06;18;83;134.54;134.54;
2026;06;18;84;139.87;139.87;
2026;06;18;85;136.47;136.47;
2026;06;18;86;132.83;132.83;
2026;06;18;87;138.07;138.07;
2026;06;18;88;132.63;132.63;
2026;06;18;89;142.67;142.67;
2026;06;18;90;137.40;137.40;
2026;06;18;91;142.67;142.67;
2026;06;18;92;130.57;130.57;
2026;06;18;93;130.57;130.57;
2026;06;18;94;127.38;127.38;
2026;06;18;95;128.76;128.76;
2026;06;18;96;127.11;127.11;
*
