MARGINALPIBC;
2025;01;12;1;109.53;109.53;
2025;01;12;2;101.82;101.82;
2025;01;12;3;92.78;92.78;
2025;01;12;4;85.76;85.76;
2025;01;12;5;91.00;91.00;
2025;01;12;6;85.20;85.20;
2025;01;12;7;84.65;84.65;
2025;01;12;8;79.63;79.63;
2025;01;12;9;88.20;88.20;
2025;01;12;10;82.23;82.23;
2025;01;12;11;43.33;43.33;
2025;01;12;12;10.17;10.17;
2025;01;12;13;3.60;.00;
2025;01;12;14;7.12;1.50;
2025;01;12;15;4.31;1.00;
2025;01;12;16;4.31;1.00;
2025;01;12;17;12.60;12.60;
2025;01;12;18;97.07;97.07;
2025;01;12;19;120.24;120.24;
2025;01;12;20;129.53;129.53;
2025;01;12;21;125.49;125.49;
2025;01;12;22;124.49;124.49;
2025;01;12;23;117.61;117.61;
2025;01;12;24;111.90;111.90;
*
