MARGINALPIBC;
2026;05;04;1;111.75;111.75;
2026;05;04;2;110.80;110.80;
2026;05;04;3;105.70;105.70;
2026;05;04;4;103.12;103.12;
2026;05;04;5;104.83;104.83;
2026;05;04;6;102.40;102.40;
2026;05;04;7;103.61;103.61;
2026;05;04;8;100.00;100.00;
2026;05;04;9;101.54;101.54;
2026;05;04;10;99.63;99.63;
2026;05;04;11;94.85;94.85;
2026;05;04;12;90.51;90.51;
2026;05;04;13;95.00;95.00;
2026;05;04;14;88.94;88.94;
2026;05;04;15;89.08;89.08;
2026;05;04;16;87.06;87.06;
2026;05;04;17;87.71;87.71;
2026;05;04;18;88.54;88.54;
2026;05;04;19;89.18;89.18;
2026;05;04;20;93.29;93.29;
2026;05;04;21;98.78;98.78;
2026;05;04;22;99.87;99.87;
2026;05;04;23;95.38;95.38;
2026;05;04;24;97.24;97.24;
2026;05;04;25;103.60;103.60;
2026;05;04;26;105.89;105.89;
2026;05;04;27;108.35;108.35;
2026;05;04;28;110.81;110.81;
2026;05;04;29;122.36;122.36;
2026;05;04;30;124.11;124.11;
2026;05;04;31;126.71;126.71;
2026;05;04;32;124.46;124.46;
2026;05;04;33;117.10;117.10;
2026;05;04;34;112.28;112.28;
2026;05;04;35;103.47;103.47;
2026;05;04;36;97.33;97.33;
2026;05;04;37;104.84;104.84;
2026;05;04;38;104.51;104.51;
2026;05;04;39;97.70;97.70;
2026;05;04;40;75.50;75.50;
2026;05;04;41;86.19;86.19;
2026;05;04;42;87.18;87.18;
2026;05;04;43;65.50;65.50;
2026;05;04;44;65.50;65.50;
2026;05;04;45;59.06;59.06;
2026;05;04;46;38.47;38.47;
2026;05;04;47;22.09;22.09;
2026;05;04;48;21.65;21.65;
2026;05;04;49;18.67;18.67;
2026;05;04;50;16.00;16.00;
2026;05;04;51;13.04;13.04;
2026;05;04;52;6.84;6.84;
2026;05;04;53;12.99;12.99;
2026;05;04;54;7.80;7.80;
2026;05;04;55;6.05;6.05;
2026;05;04;56;5.50;5.50;
2026;05;04;57;5.41;5.41;
2026;05;04;58;5.11;5.11;
2026;05;04;59;5.41;5.41;
2026;05;04;60;5.10;5.10;
2026;05;04;61;3.30;3.30;
2026;05;04;62;3.08;3.08;
2026;05;04;63;3.08;3.08;
2026;05;04;64;2.50;2.50;
2026;05;04;65;2.00;2.00;
2026;05;04;66;2.00;2.00;
2026;05;04;67;2.20;2.20;
2026;05;04;68;3.00;3.00;
2026;05;04;69;5.01;5.01;
2026;05;04;70;5.41;5.41;
2026;05;04;71;5.41;5.41;
2026;05;04;72;5.59;5.59;
2026;05;04;73;5.50;5.50;
2026;05;04;74;7.44;7.44;
2026;05;04;75;15.28;15.28;
2026;05;04;76;37.86;37.86;
2026;05;04;77;12.40;12.40;
2026;05;04;78;58.37;58.37;
2026;05;04;79;49.00;49.00;
2026;05;04;80;79.54;79.54;
2026;05;04;81;86.76;86.76;
2026;05;04;82;99.11;105.61;
2026;05;04;83;103.13;108.35;
2026;05;04;84;107.16;123.50;
2026;05;04;85;103.28;122.11;
2026;05;04;86;106.90;130.00;
2026;05;04;87;107.16;130.67;
2026;05;04;88;107.93;120.86;
2026;05;04;89;110.73;149.63;
2026;05;04;90;109.06;120.34;
2026;05;04;91;107.83;135.82;
2026;05;04;92;107.83;126.49;
2026;05;04;93;107.06;131.11;
2026;05;04;94;106.80;117.02;
2026;05;04;95;103.14;114.79;
2026;05;04;96;103.01;108.38;
*
