MARGINALPIBC;
2026;02;09;1;-1.50;3.78;
2026;02;09;2;0.75;3.78;
2026;02;09;3;0.16;.99;
2026;02;09;4;0.02;.02;
2026;02;09;5;0.01;.01;
2026;02;09;6;0.00;.00;
2026;02;09;7;0.00;.00;
2026;02;09;8;0.00;.00;
2026;02;09;9;0.00;.00;
2026;02;09;10;0.00;.00;
2026;02;09;11;0.00;.00;
2026;02;09;12;0.00;.00;
2026;02;09;13;0.00;.00;
2026;02;09;14;0.00;.00;
2026;02;09;15;0.00;.00;
2026;02;09;16;0.00;.00;
2026;02;09;17;0.00;.00;
2026;02;09;18;0.00;.00;
2026;02;09;19;0.00;.00;
2026;02;09;20;0.00;.00;
2026;02;09;21;0.00;.00;
2026;02;09;22;0.00;.00;
2026;02;09;23;-0.15;.00;
2026;02;09;24;-1.50;.01;
2026;02;09;25;-1.50;3.78;
2026;02;09;26;-1.50;3.78;
2026;02;09;27;-1.50;13.70;
2026;02;09;28;-1.50;25.00;
2026;02;09;29;-1.50;35.00;
2026;02;09;30;-1.50;39.51;
2026;02;09;31;-1.50;44.20;
2026;02;09;32;-1.50;75.00;
2026;02;09;33;-1.50;88.10;
2026;02;09;34;-1.50;93.05;
2026;02;09;35;-1.50;93.00;
2026;02;09;36;-1.50;91.47;
2026;02;09;37;-1.50;76.18;
2026;02;09;38;-1.50;54.94;
2026;02;09;39;-1.50;35.21;
2026;02;09;40;-1.50;28.95;
2026;02;09;41;16.76;20.01;
2026;02;09;42;6.89;6.89;
2026;02;09;43;4.64;4.64;
2026;02;09;44;4.48;4.48;
2026;02;09;45;3.98;3.98;
2026;02;09;46;3.78;3.78;
2026;02;09;47;3.78;3.78;
2026;02;09;48;1.98;1.98;
2026;02;09;49;0.99;.99;
2026;02;09;50;0.91;.91;
2026;02;09;51;0.79;.79;
2026;02;09;52;0.16;.16;
2026;02;09;53;0.16;.16;
2026;02;09;54;0.10;.10;
2026;02;09;55;0.10;.10;
2026;02;09;56;0.02;.02;
2026;02;09;57;0.02;.02;
2026;02;09;58;0.02;.02;
2026;02;09;59;0.03;.03;
2026;02;09;60;0.02;.02;
2026;02;09;61;0.02;.02;
2026;02;09;62;0.04;.04;
2026;02;09;63;0.10;.10;
2026;02;09;64;0.55;.55;
2026;02;09;65;0.55;.55;
2026;02;09;66;0.91;.91;
2026;02;09;67;1.98;1.98;
2026;02;09;68;3.00;3.78;
2026;02;09;69;-0.68;3.78;
2026;02;09;70;-1.50;7.78;
2026;02;09;71;-1.50;23.78;
2026;02;09;72;-1.50;18.95;
2026;02;09;73;-1.50;14.01;
2026;02;09;74;-1.50;28.15;
2026;02;09;75;-1.50;33.02;
2026;02;09;76;-1.06;40.31;
2026;02;09;77;-1.06;86.05;
2026;02;09;78;-1.50;92.32;
2026;02;09;79;-1.50;93.11;
2026;02;09;80;-1.50;86.48;
2026;02;09;81;8.67;89.26;
2026;02;09;82;8.67;83.46;
2026;02;09;83;7.41;83.05;
2026;02;09;84;7.35;79.50;
2026;02;09;85;7.35;85.70;
2026;02;09;86;7.35;76.95;
2026;02;09;87;5.77;64.00;
2026;02;09;88;1.33;35.02;
2026;02;09;89;0.99;32.42;
2026;02;09;90;0.00;25.57;
2026;02;09;91;0.93;34.90;
2026;02;09;92;1.65;32.31;
2026;02;09;93;-1.50;10.15;
2026;02;09;94;-1.50;3.78;
2026;02;09;95;0.64;3.78;
2026;02;09;96;0.25;3.78;
*
