MARGINALPIBC;
2025;01;27;1;0.77;.77;
2025;01;27;2;0.07;.07;
2025;01;27;3;0.07;.07;
2025;01;27;4;0.05;.05;
2025;01;27;5;-3.00;-3.00;
2025;01;27;6;0.05;.05;
2025;01;27;7;0.07;.07;
2025;01;27;8;22.85;26.93;
2025;01;27;9;12.14;48.01;
2025;01;27;10;30.83;43.98;
2025;01;27;11;35.72;35.72;
2025;01;27;12;26.23;26.23;
2025;01;27;13;14.67;14.67;
2025;01;27;14;4.31;4.31;
2025;01;27;15;3.60;3.60;
2025;01;27;16;4.70;4.70;
2025;01;27;17;14.00;14.00;
2025;01;27;18;32.00;32.00;
2025;01;27;19;36.79;40.78;
2025;01;27;20;50.38;58.92;
2025;01;27;21;40.40;40.40;
2025;01;27;22;35.70;35.70;
2025;01;27;23;32.00;32.00;
2025;01;27;24;26.23;26.23;
*
