MARGINALPIBC;
2026;07;12;1;137.87;137.87;
2026;07;12;2;136.94;136.94;
2026;07;12;3;133.76;133.76;
2026;07;12;4;127.50;127.50;
2026;07;12;5;130.37;130.37;
2026;07;12;6;130.00;130.00;
2026;07;12;7;127.43;127.43;
2026;07;12;8;123.78;123.78;
2026;07;12;9;124.99;124.99;
2026;07;12;10;124.70;124.70;
2026;07;12;11;123.80;123.80;
2026;07;12;12;123.23;123.23;
2026;07;12;13;127.36;127.36;
2026;07;12;14;126.88;126.88;
2026;07;12;15;125.20;125.20;
2026;07;12;16;125.00;125.00;
2026;07;12;17;123.21;123.21;
2026;07;12;18;121.84;121.84;
2026;07;12;19;121.48;121.48;
2026;07;12;20;121.76;121.76;
2026;07;12;21;121.85;121.85;
2026;07;12;22;121.76;121.76;
2026;07;12;23;121.76;121.76;
2026;07;12;24;121.01;121.01;
2026;07;12;25;121.92;121.92;
2026;07;12;26;121.92;121.92;
2026;07;12;27;122.71;122.71;
2026;07;12;28;122.96;122.96;
2026;07;12;29;121.92;121.92;
2026;07;12;30;120.15;120.15;
2026;07;12;31;115.00;115.00;
2026;07;12;32;97.01;97.01;
2026;07;12;33;103.56;103.56;
2026;07;12;34;81.43;81.43;
2026;07;12;35;46.68;46.68;
2026;07;12;36;16.42;16.42;
2026;07;12;37;17.91;17.91;
2026;07;12;38;1.46;1.46;
2026;07;12;39;-2.35;-2.35;
2026;07;12;40;-5.02;-5.02;
2026;07;12;41;0.03;.03;
2026;07;12;42;-0.01;-.01;
2026;07;12;43;-0.02;-.02;
2026;07;12;44;0.00;.00;
2026;07;12;45;-0.53;-.53;
2026;07;12;46;-0.70;-.70;
2026;07;12;47;-0.78;-.78;
2026;07;12;48;-0.99;-.99;
2026;07;12;49;-2.31;-2.31;
2026;07;12;50;-1.20;-1.20;
2026;07;12;51;-1.31;-1.31;
2026;07;12;52;-1.09;-1.09;
2026;07;12;53;-1.50;-1.50;
2026;07;12;54;-2.83;-2.83;
2026;07;12;55;-3.02;-3.02;
2026;07;12;56;-2.37;-2.37;
2026;07;12;57;-1.20;-1.20;
2026;07;12;58;-1.94;-1.94;
2026;07;12;59;-2.49;-2.49;
2026;07;12;60;-2.40;-2.40;
2026;07;12;61;-1.15;-1.15;
2026;07;12;62;-1.00;-1.00;
2026;07;12;63;-1.00;-1.00;
2026;07;12;64;-1.00;-1.00;
2026;07;12;65;-1.00;-1.00;
2026;07;12;66;-0.97;-.97;
2026;07;12;67;-0.53;-.53;
2026;07;12;68;-0.01;-.01;
2026;07;12;69;-0.21;-.21;
2026;07;12;70;-11.00;-11.00;
2026;07;12;71;-5.00;-5.00;
2026;07;12;72;0.01;.01;
2026;07;12;73;1.08;1.08;
2026;07;12;74;2.81;2.81;
2026;07;12;75;8.36;8.36;
2026;07;12;76;29.36;29.36;
2026;07;12;77;48.15;48.15;
2026;07;12;78;57.68;57.68;
2026;07;12;79;72.96;72.96;
2026;07;12;80;105.29;105.29;
2026;07;12;81;100.59;100.59;
2026;07;12;82;125.74;125.74;
2026;07;12;83;129.00;129.00;
2026;07;12;84;142.39;142.39;
2026;07;12;85;139.94;139.94;
2026;07;12;86;143.00;143.00;
2026;07;12;87;143.94;143.94;
2026;07;12;88;142.81;142.81;
2026;07;12;89;148.01;148.01;
2026;07;12;90;150.42;150.42;
2026;07;12;91;153.42;153.42;
2026;07;12;92;149.01;149.01;
2026;07;12;93;147.43;147.43;
2026;07;12;94;145.43;145.43;
2026;07;12;95;140.85;140.85;
2026;07;12;96;134.93;134.93;
*
