MARGINALPIBC;
2026;05;01;1;97.89;97.89;
2026;05;01;2;96.78;96.78;
2026;05;01;3;96.17;96.17;
2026;05;01;4;95.00;95.00;
2026;05;01;5;88.54;88.54;
2026;05;01;6;89.62;89.62;
2026;05;01;7;87.99;87.99;
2026;05;01;8;87.10;87.10;
2026;05;01;9;88.06;88.06;
2026;05;01;10;87.82;87.82;
2026;05;01;11;87.58;87.58;
2026;05;01;12;87.34;87.34;
2026;05;01;13;87.58;87.58;
2026;05;01;14;87.34;87.34;
2026;05;01;15;87.34;87.34;
2026;05;01;16;87.30;87.30;
2026;05;01;17;90.94;90.94;
2026;05;01;18;90.94;90.94;
2026;05;01;19;90.30;90.30;
2026;05;01;20;89.95;89.95;
2026;05;01;21;90.78;90.78;
2026;05;01;22;88.20;88.20;
2026;05;01;23;87.58;87.58;
2026;05;01;24;87.58;87.58;
2026;05;01;25;92.34;92.34;
2026;05;01;26;94.90;94.90;
2026;05;01;27;94.50;94.50;
2026;05;01;28;93.42;93.42;
2026;05;01;29;95.10;95.10;
2026;05;01;30;95.39;95.39;
2026;05;01;31;95.20;95.20;
2026;05;01;32;95.28;95.28;
2026;05;01;33;104.63;104.63;
2026;05;01;34;94.01;94.01;
2026;05;01;35;54.45;54.45;
2026;05;01;36;33.83;33.83;
2026;05;01;37;20.01;20.01;
2026;05;01;38;7.72;7.72;
2026;05;01;39;0.00;.00;
2026;05;01;40;0.99;-1.11;
2026;05;01;41;0.86;-.71;
2026;05;01;42;0.02;.00;
2026;05;01;43;0.02;.00;
2026;05;01;44;0.01;.00;
2026;05;01;45;0.05;.00;
2026;05;01;46;0.05;-.01;
2026;05;01;47;0.02;-.81;
2026;05;01;48;0.02;-.82;
2026;05;01;49;-0.95;-1.20;
2026;05;01;50;0.02;-1.49;
2026;05;01;51;-1.46;-1.50;
2026;05;01;52;-1.46;-1.50;
2026;05;01;53;-1.46;-1.51;
2026;05;01;54;-1.46;-1.51;
2026;05;01;55;-1.47;-1.50;
2026;05;01;56;-1.47;-1.86;
2026;05;01;57;-1.50;-1.50;
2026;05;01;58;-1.50;-1.50;
2026;05;01;59;-1.50;-1.60;
2026;05;01;60;-1.50;-2.00;
2026;05;01;61;-1.98;-2.10;
2026;05;01;62;-1.98;-2.10;
2026;05;01;63;-1.98;-2.10;
2026;05;01;64;-1.98;-2.10;
2026;05;01;65;-2.08;-2.08;
2026;05;01;66;-2.08;-2.08;
2026;05;01;67;-2.00;-2.00;
2026;05;01;68;-1.11;-1.11;
2026;05;01;69;-0.82;-.82;
2026;05;01;70;0.00;.00;
2026;05;01;71;0.02;.00;
2026;05;01;72;0.05;.05;
2026;05;01;73;0.89;.89;
2026;05;01;74;2.94;2.94;
2026;05;01;75;11.14;11.14;
2026;05;01;76;22.78;22.78;
2026;05;01;77;25.95;25.95;
2026;05;01;78;48.17;48.17;
2026;05;01;79;65.00;65.00;
2026;05;01;80;95.68;95.68;
2026;05;01;81;88.90;88.90;
2026;05;01;82;102.40;102.40;
2026;05;01;83;110.00;110.00;
2026;05;01;84;113.30;113.30;
2026;05;01;85;110.01;110.01;
2026;05;01;86;110.01;110.01;
2026;05;01;87;110.01;110.01;
2026;05;01;88;110.00;110.00;
2026;05;01;89;107.55;107.55;
2026;05;01;90;106.78;106.78;
2026;05;01;91;108.30;108.30;
2026;05;01;92;106.78;106.78;
2026;05;01;93;106.78;106.78;
2026;05;01;94;105.20;105.20;
2026;05;01;95;100.05;100.05;
2026;05;01;96;95.00;95.00;
*
