MARGINALPIBC;
2025;04;13;1;35.00;35.00;
2025;04;13;2;29.95;29.95;
2025;04;13;3;19.00;19.00;
2025;04;13;4;18.46;18.46;
2025;04;13;5;27.99;27.99;
2025;04;13;6;19.00;19.00;
2025;04;13;7;18.46;18.46;
2025;04;13;8;14.55;14.55;
2025;04;13;9;26.29;26.29;
2025;04;13;10;18.63;18.63;
2025;04;13;11;16.99;16.99;
2025;04;13;12;11.00;11.00;
2025;04;13;13;13.63;13.63;
2025;04;13;14;9.10;9.10;
2025;04;13;15;6.97;6.97;
2025;04;13;16;5.50;5.50;
2025;04;13;17;12.36;12.36;
2025;04;13;18;15.16;15.16;
2025;04;13;19;15.16;15.16;
2025;04;13;20;12.36;12.36;
2025;04;13;21;9.10;9.10;
2025;04;13;22;14.94;14.94;
2025;04;13;23;14.94;14.94;
2025;04;13;24;14.99;14.99;
2025;04;13;25;6.73;6.73;
2025;04;13;26;10.81;10.81;
2025;04;13;27;10.81;10.81;
2025;04;13;28;16.53;16.53;
2025;04;13;29;15.86;15.86;
2025;04;13;30;25.09;25.09;
2025;04;13;31;22.65;22.65;
2025;04;13;32;22.75;22.75;
2025;04;13;33;26.13;26.13;
2025;04;13;34;18.95;18.95;
2025;04;13;35;17.23;17.23;
2025;04;13;36;8.61;8.61;
2025;04;13;37;29.00;29.00;
2025;04;13;38;15.00;15.00;
2025;04;13;39;9.10;9.10;
2025;04;13;40;8.70;8.70;
2025;04;13;41;17.04;17.04;
2025;04;13;42;2.65;2.65;
2025;04;13;43;2.55;2.55;
2025;04;13;44;1.98;1.98;
2025;04;13;45;4.18;4.18;
2025;04;13;46;0.28;.28;
2025;04;13;47;0.18;.18;
2025;04;13;48;0.00;.00;
2025;04;13;49;0.00;.00;
2025;04;13;50;0.00;.00;
2025;04;13;51;-1.00;-1.00;
2025;04;13;52;-2.51;-2.51;
2025;04;13;53;-0.01;-.01;
2025;04;13;54;-0.01;-.01;
2025;04;13;55;-0.01;-.01;
2025;04;13;56;-0.66;-.66;
2025;04;13;57;-0.20;-.20;
2025;04;13;58;-0.20;-.20;
2025;04;13;59;-0.66;-.66;
2025;04;13;60;-1.30;-1.30;
2025;04;13;61;-1.51;-1.51;
2025;04;13;62;-1.51;-1.51;
2025;04;13;63;-1.51;-1.51;
2025;04;13;64;-0.70;-.70;
2025;04;13;65;-5.00;-5.00;
2025;04;13;66;-1.80;-1.80;
2025;04;13;67;0.00;.00;
2025;04;13;68;0.00;.00;
2025;04;13;69;-8.62;-8.62;
2025;04;13;70;-2.50;-2.50;
2025;04;13;71;0.10;.10;
2025;04;13;72;0.65;.65;
2025;04;13;73;0.00;.00;
2025;04;13;74;1.45;1.45;
2025;04;13;75;4.45;4.45;
2025;04;13;76;21.34;21.34;
2025;04;13;77;8.24;8.24;
2025;04;13;78;13.24;13.24;
2025;04;13;79;37.03;37.03;
2025;04;13;80;46.62;46.62;
2025;04;13;81;44.31;44.31;
2025;04;13;82;49.31;49.31;
2025;04;13;83;66.65;66.65;
2025;04;13;84;64.18;64.18;
2025;04;13;85;78.88;78.88;
2025;04;13;86;71.74;71.74;
2025;04;13;87;65.55;65.55;
2025;04;13;88;60.55;60.55;
2025;04;13;89;70.04;70.04;
2025;04;13;90;63.33;63.33;
2025;04;13;91;68.90;68.90;
2025;04;13;92;64.04;64.04;
2025;04;13;93;59.99;59.99;
2025;04;13;94;53.01;53.01;
2025;04;13;95;57.75;57.75;
2025;04;13;96;43.50;43.50;
*
