MARGINALPIBC;
2025;01;31;1;77.50;77.50;
2025;01;31;2;90.01;90.01;
2025;01;31;3;76.21;76.21;
2025;01;31;4;75.34;75.34;
2025;01;31;5;75.47;75.47;
2025;01;31;6;84.00;84.00;
2025;01;31;7;92.85;92.85;
2025;01;31;8;118.86;118.86;
2025;01;31;9;149.50;159.95;
2025;01;31;10;100.00;100.00;
2025;01;31;11;72.71;72.71;
2025;01;31;12;50.30;50.30;
2025;01;31;13;47.12;47.12;
2025;01;31;14;46.64;46.64;
2025;01;31;15;40.00;40.00;
2025;01;31;16;48.19;48.19;
2025;01;31;17;65.50;65.50;
2025;01;31;18;111.99;111.99;
2025;01;31;19;179.48;179.48;
2025;01;31;20;176.99;176.99;
2025;01;31;21;161.41;161.41;
2025;01;31;22;150.20;150.20;
2025;01;31;23;142.03;142.03;
2025;01;31;24;126.30;126.30;
*
