MARGINALPIBC;
2025;10;11;1;91.43;91.43;
2025;10;11;2;94.27;94.27;
2025;10;11;3;89.82;89.82;
2025;10;11;4;89.82;89.82;
2025;10;11;5;89.82;89.82;
2025;10;11;6;88.80;88.80;
2025;10;11;7;88.38;88.38;
2025;10;11;8;88.38;88.38;
2025;10;11;9;88.38;88.38;
2025;10;11;10;89.00;89.00;
2025;10;11;11;88.38;88.38;
2025;10;11;12;88.38;88.38;
2025;10;11;13;88.38;88.38;
2025;10;11;14;87.37;87.37;
2025;10;11;15;85.77;85.77;
2025;10;11;16;86.37;86.37;
2025;10;11;17;85.77;85.77;
2025;10;11;18;85.15;85.15;
2025;10;11;19;85.77;85.77;
2025;10;11;20;85.77;85.77;
2025;10;11;21;86.37;86.37;
2025;10;11;22;86.37;86.37;
2025;10;11;23;86.80;86.80;
2025;10;11;24;85.77;85.77;
2025;10;11;25;85.84;85.84;
2025;10;11;26;89.00;89.00;
2025;10;11;27;89.82;89.82;
2025;10;11;28;88.54;88.54;
2025;10;11;29;90.89;90.89;
2025;10;11;30;91.10;91.10;
2025;10;11;31;93.26;93.26;
2025;10;11;32;94.00;94.00;
2025;10;11;33;94.06;94.06;
2025;10;11;34;92.04;92.04;
2025;10;11;35;93.26;93.26;
2025;10;11;36;90.60;90.60;
2025;10;11;37;87.64;87.64;
2025;10;11;38;86.34;86.34;
2025;10;11;39;77.23;77.23;
2025;10;11;40;63.30;63.30;
2025;10;11;41;80.84;80.84;
2025;10;11;42;74.53;74.53;
2025;10;11;43;65.63;65.63;
2025;10;11;44;39.20;39.20;
2025;10;11;45;59.00;59.00;
2025;10;11;46;28.55;28.55;
2025;10;11;47;20.10;20.10;
2025;10;11;48;11.12;11.12;
2025;10;11;49;11.30;11.30;
2025;10;11;50;10.01;10.01;
2025;10;11;51;10.12;10.12;
2025;10;11;52;9.43;9.43;
2025;10;11;53;10.12;10.12;
2025;10;11;54;9.56;9.56;
2025;10;11;55;9.43;9.43;
2025;10;11;56;9.01;9.01;
2025;10;11;57;6.52;6.52;
2025;10;11;58;5.12;5.12;
2025;10;11;59;7.01;7.01;
2025;10;11;60;6.52;6.52;
2025;10;11;61;6.52;6.52;
2025;10;11;62;6.52;6.52;
2025;10;11;63;6.52;6.52;
2025;10;11;64;9.43;9.43;
2025;10;11;65;6.52;5.11;
2025;10;11;66;9.43;9.43;
2025;10;11;67;14.00;14.00;
2025;10;11;68;26.32;26.32;
2025;10;11;69;21.00;21.00;
2025;10;11;70;33.20;33.20;
2025;10;11;71;67.63;67.63;
2025;10;11;72;72.60;72.60;
2025;10;11;73;66.42;66.42;
2025;10;11;74;77.72;77.72;
2025;10;11;75;88.28;88.28;
2025;10;11;76;91.00;91.00;
2025;10;11;77;95.62;95.62;
2025;10;11;78;99.00;99.00;
2025;10;11;79;101.80;101.80;
2025;10;11;80;104.81;104.81;
2025;10;11;81;104.18;104.18;
2025;10;11;82;104.00;104.00;
2025;10;11;83;102.50;102.50;
2025;10;11;84;100.81;100.81;
2025;10;11;85;106.73;106.73;
2025;10;11;86;106.32;106.32;
2025;10;11;87;104.03;104.03;
2025;10;11;88;104.00;104.00;
2025;10;11;89;104.02;104.02;
2025;10;11;90;102.50;102.50;
2025;10;11;91;101.34;101.34;
2025;10;11;92;100.10;100.10;
2025;10;11;93;96.34;96.34;
2025;10;11;94;95.90;95.90;
2025;10;11;95;95.00;95.00;
2025;10;11;96;93.26;93.26;
*
