MARGINALPIBC;
2026;01;10;1;82.53;82.53;
2026;01;10;2;76.48;76.48;
2026;01;10;3;72.63;72.63;
2026;01;10;4;70.22;70.22;
2026;01;10;5;75.60;75.60;
2026;01;10;6;72.19;72.19;
2026;01;10;7;69.40;69.40;
2026;01;10;8;67.21;67.21;
2026;01;10;9;70.64;70.64;
2026;01;10;10;68.29;68.29;
2026;01;10;11;67.85;67.85;
2026;01;10;12;64.00;64.00;
2026;01;10;13;62.98;62.98;
2026;01;10;14;62.99;62.99;
2026;01;10;15;60.16;60.16;
2026;01;10;16;56.26;56.26;
2026;01;10;17;55.00;55.00;
2026;01;10;18;55.00;55.00;
2026;01;10;19;53.43;53.43;
2026;01;10;20;54.01;54.01;
2026;01;10;21;59.37;59.37;
2026;01;10;22;58.76;58.76;
2026;01;10;23;55.00;55.00;
2026;01;10;24;55.72;55.72;
2026;01;10;25;55.65;55.65;
2026;01;10;26;58.85;58.85;
2026;01;10;27;63.21;63.21;
2026;01;10;28;71.16;71.16;
2026;01;10;29;69.62;69.62;
2026;01;10;30;66.00;66.00;
2026;01;10;31;73.20;73.20;
2026;01;10;32;80.23;80.23;
2026;01;10;33;80.22;80.22;
2026;01;10;34;83.81;83.81;
2026;01;10;35;85.76;85.76;
2026;01;10;36;88.16;88.16;
2026;01;10;37;92.64;92.64;
2026;01;10;38;91.43;91.43;
2026;01;10;39;88.90;88.90;
2026;01;10;40;81.08;81.08;
2026;01;10;41;84.67;84.67;
2026;01;10;42;80.23;80.23;
2026;01;10;43;78.24;78.24;
2026;01;10;44;70.00;70.00;
2026;01;10;45;65.13;65.13;
2026;01;10;46;60.25;60.25;
2026;01;10;47;55.00;55.00;
2026;01;10;48;50.00;50.00;
2026;01;10;49;40.23;40.23;
2026;01;10;50;38.00;38.00;
2026;01;10;51;35.01;35.01;
2026;01;10;52;34.30;34.30;
2026;01;10;53;34.94;34.94;
2026;01;10;54;38.00;38.00;
2026;01;10;55;40.00;40.00;
2026;01;10;56;44.62;44.62;
2026;01;10;57;46.20;46.20;
2026;01;10;58;49.35;49.35;
2026;01;10;59;50.23;50.23;
2026;01;10;60;50.23;50.23;
2026;01;10;61;50.58;50.58;
2026;01;10;62;55.00;55.00;
2026;01;10;63;60.25;60.25;
2026;01;10;64;65.00;65.00;
2026;01;10;65;57.87;57.87;
2026;01;10;66;63.00;63.00;
2026;01;10;67;80.00;80.00;
2026;01;10;68;89.76;89.76;
2026;01;10;69;87.77;87.77;
2026;01;10;70;93.12;93.12;
2026;01;10;71;95.36;95.36;
2026;01;10;72;100.20;100.56;
2026;01;10;73;102.84;102.84;
2026;01;10;74;109.95;109.95;
2026;01;10;75;100.20;120.09;
2026;01;10;76;124.42;124.42;
2026;01;10;77;100.20;121.70;
2026;01;10;78;112.75;122.32;
2026;01;10;79;120.88;120.88;
2026;01;10;80;120.97;120.97;
2026;01;10;81;108.11;108.11;
2026;01;10;82;107.23;107.23;
2026;01;10;83;104.08;104.08;
2026;01;10;84;101.78;101.78;
2026;01;10;85;101.31;101.31;
2026;01;10;86;99.47;99.47;
2026;01;10;87;99.94;99.94;
2026;01;10;88;99.27;99.27;
2026;01;10;89;99.49;99.49;
2026;01;10;90;98.34;98.34;
2026;01;10;91;101.25;101.25;
2026;01;10;92;99.12;99.12;
2026;01;10;93;100.71;100.71;
2026;01;10;94;97.50;97.50;
2026;01;10;95;97.65;97.65;
2026;01;10;96;94.30;94.30;
*
