MARGINALPIBC;
2026;04;26;1;66.02;66.02;
2026;04;26;2;61.54;61.54;
2026;04;26;3;59.20;59.20;
2026;04;26;4;55.00;55.00;
2026;04;26;5;50.19;50.19;
2026;04;26;6;46.13;46.13;
2026;04;26;7;45.90;45.90;
2026;04;26;8;40.30;40.30;
2026;04;26;9;41.80;41.80;
2026;04;26;10;40.10;40.10;
2026;04;26;11;40.40;40.40;
2026;04;26;12;42.27;42.27;
2026;04;26;13;46.53;46.53;
2026;04;26;14;47.00;47.00;
2026;04;26;15;44.52;44.52;
2026;04;26;16;47.00;47.00;
2026;04;26;17;50.00;50.00;
2026;04;26;18;47.00;47.00;
2026;04;26;19;46.53;46.53;
2026;04;26;20;46.77;46.77;
2026;04;26;21;50.00;50.00;
2026;04;26;22;50.00;50.00;
2026;04;26;23;50.53;50.53;
2026;04;26;24;45.36;45.36;
2026;04;26;25;47.38;47.38;
2026;04;26;26;47.76;47.76;
2026;04;26;27;54.78;54.78;
2026;04;26;28;55.00;55.00;
2026;04;26;29;55.00;55.00;
2026;04;26;30;55.36;55.36;
2026;04;26;31;55.43;55.43;
2026;04;26;32;54.78;54.78;
2026;04;26;33;48.49;48.49;
2026;04;26;34;25.30;25.30;
2026;04;26;35;7.81;7.81;
2026;04;26;36;3.65;3.65;
2026;04;26;37;6.73;6.73;
2026;04;26;38;6.73;.84;
2026;04;26;39;6.68;.00;
2026;04;26;40;4.73;-.91;
2026;04;26;41;2.17;-2.50;
2026;04;26;42;2.07;-11.10;
2026;04;26;43;2.07;-11.00;
2026;04;26;44;2.07;-11.00;
2026;04;26;45;0.72;-6.00;
2026;04;26;46;0.72;-7.00;
2026;04;26;47;0.72;-8.25;
2026;04;26;48;0.72;-10.00;
2026;04;26;49;0.94;-9.90;
2026;04;26;50;0.99;-10.00;
2026;04;26;51;2.00;-9.50;
2026;04;26;52;2.00;-9.50;
2026;04;26;53;2.16;-9.50;
2026;04;26;54;2.16;-9.50;
2026;04;26;55;2.16;-9.50;
2026;04;26;56;2.00;-9.50;
2026;04;26;57;2.00;-5.00;
2026;04;26;58;0.72;-5.00;
2026;04;26;59;0.99;-4.50;
2026;04;26;60;0.72;-4.80;
2026;04;26;61;-0.01;-4.80;
2026;04;26;62;0.00;-5.05;
2026;04;26;63;-0.01;-5.01;
2026;04;26;64;-0.01;-5.00;
2026;04;26;65;0.00;-4.80;
2026;04;26;66;0.00;-5.00;
2026;04;26;67;0.00;-7.01;
2026;04;26;68;0.00;-5.00;
2026;04;26;69;2.00;-4.37;
2026;04;26;70;2.60;.00;
2026;04;26;71;2.99;.84;
2026;04;26;72;2.95;.84;
2026;04;26;73;6.73;1.00;
2026;04;26;74;6.73;4.57;
2026;04;26;75;11.59;11.59;
2026;04;26;76;22.20;22.20;
2026;04;26;77;16.24;16.24;
2026;04;26;78;24.90;24.90;
2026;04;26;79;40.00;40.00;
2026;04;26;80;54.57;54.57;
2026;04;26;81;41.14;41.14;
2026;04;26;82;72.25;72.25;
2026;04;26;83;85.25;85.25;
2026;04;26;84;92.18;92.18;
2026;04;26;85;98.61;98.61;
2026;04;26;86;98.66;98.66;
2026;04;26;87;99.60;99.60;
2026;04;26;88;96.00;96.00;
2026;04;26;89;94.38;103.40;
2026;04;26;90;100.69;100.69;
2026;04;26;91;100.69;101.02;
2026;04;26;92;95.38;95.38;
2026;04;26;93;88.98;88.98;
2026;04;26;94;81.70;81.70;
2026;04;26;95;80.98;80.98;
2026;04;26;96;78.04;78.04;
*
