MARGINALPIBC;
2026;01;02;1;75.77;75.77;
2026;01;02;2;74.27;74.27;
2026;01;02;3;72.74;72.74;
2026;01;02;4;68.00;68.00;
2026;01;02;5;65.01;65.01;
2026;01;02;6;58.01;58.01;
2026;01;02;7;58.01;58.01;
2026;01;02;8;57.00;57.00;
2026;01;02;9;57.00;57.00;
2026;01;02;10;56.74;56.74;
2026;01;02;11;57.43;57.43;
2026;01;02;12;57.17;57.17;
2026;01;02;13;57.47;57.47;
2026;01;02;14;55.20;55.20;
2026;01;02;15;54.25;54.25;
2026;01;02;16;54.20;54.20;
2026;01;02;17;53.46;53.46;
2026;01;02;18;53.46;53.46;
2026;01;02;19;53.46;53.46;
2026;01;02;20;53.46;53.46;
2026;01;02;21;53.46;53.46;
2026;01;02;22;53.46;53.46;
2026;01;02;23;53.70;53.70;
2026;01;02;24;54.65;54.65;
2026;01;02;25;57.43;57.43;
2026;01;02;26;57.82;57.82;
2026;01;02;27;58.01;58.01;
2026;01;02;28;60.01;60.01;
2026;01;02;29;64.33;64.33;
2026;01;02;30;68.01;68.01;
2026;01;02;31;70.77;70.77;
2026;01;02;32;74.05;74.05;
2026;01;02;33;83.53;83.53;
2026;01;02;34;84.70;84.70;
2026;01;02;35;85.54;85.54;
2026;01;02;36;86.55;86.55;
2026;01;02;37;97.50;97.50;
2026;01;02;38;92.10;92.10;
2026;01;02;39;86.50;86.50;
2026;01;02;40;80.99;80.99;
2026;01;02;41;97.97;97.97;
2026;01;02;42;89.54;89.54;
2026;01;02;43;83.52;83.52;
2026;01;02;44;76.90;76.90;
2026;01;02;45;87.90;87.90;
2026;01;02;46;85.60;85.60;
2026;01;02;47;85.60;85.60;
2026;01;02;48;84.74;84.74;
2026;01;02;49;85.07;85.07;
2026;01;02;50;85.00;85.00;
2026;01;02;51;84.74;84.74;
2026;01;02;52;86.80;86.80;
2026;01;02;53;81.48;81.48;
2026;01;02;54;84.74;84.74;
2026;01;02;55;84.74;84.74;
2026;01;02;56;85.99;85.99;
2026;01;02;57;84.74;84.74;
2026;01;02;58;84.74;84.74;
2026;01;02;59;84.99;84.99;
2026;01;02;60;85.67;85.67;
2026;01;02;61;86.67;86.67;
2026;01;02;62;87.16;87.16;
2026;01;02;63;86.92;86.92;
2026;01;02;64;89.50;89.50;
2026;01;02;65;89.04;89.04;
2026;01;02;66;91.24;91.24;
2026;01;02;67;94.25;94.25;
2026;01;02;68;99.22;99.22;
2026;01;02;69;93.46;93.46;
2026;01;02;70;97.24;97.24;
2026;01;02;71;100.50;100.50;
2026;01;02;72;104.56;104.56;
2026;01;02;73;101.73;101.73;
2026;01;02;74;102.81;102.81;
2026;01;02;75;105.00;105.00;
2026;01;02;76;108.37;108.37;
2026;01;02;77;102.80;102.80;
2026;01;02;78;102.65;102.65;
2026;01;02;79;102.52;102.52;
2026;01;02;80;100.50;100.50;
2026;01;02;81;101.76;101.76;
2026;01;02;82;102.04;102.04;
2026;01;02;83;103.20;103.20;
2026;01;02;84;100.35;100.35;
2026;01;02;85;98.81;98.81;
2026;01;02;86;98.30;98.30;
2026;01;02;87;90.00;90.00;
2026;01;02;88;88.73;88.73;
2026;01;02;89;98.30;98.30;
2026;01;02;90;93.40;93.40;
2026;01;02;91;91.84;91.84;
2026;01;02;92;90.33;90.33;
2026;01;02;93;95.36;95.36;
2026;01;02;94;94.74;94.74;
2026;01;02;95;92.10;92.10;
2026;01;02;96;91.00;91.00;
*
