MARGINALPIBC;
2026;03;28;1;9.16;9.16;
2026;03;28;2;8.82;8.82;
2026;03;28;3;8.88;8.88;
2026;03;28;4;8.82;8.82;
2026;03;28;5;8.88;8.88;
2026;03;28;6;8.82;8.82;
2026;03;28;7;8.82;8.82;
2026;03;28;8;6.96;6.96;
2026;03;28;9;9.06;9.06;
2026;03;28;10;8.88;8.88;
2026;03;28;11;8.82;8.82;
2026;03;28;12;8.17;8.17;
2026;03;28;13;8.88;8.88;
2026;03;28;14;8.82;8.82;
2026;03;28;15;8.82;8.82;
2026;03;28;16;8.06;8.06;
2026;03;28;17;8.82;8.82;
2026;03;28;18;8.82;8.82;
2026;03;28;19;8.67;8.67;
2026;03;28;20;8.67;8.67;
2026;03;28;21;8.88;8.88;
2026;03;28;22;8.88;8.88;
2026;03;28;23;8.88;8.88;
2026;03;28;24;9.06;9.06;
2026;03;28;25;9.06;9.06;
2026;03;28;26;9.16;9.16;
2026;03;28;27;9.16;9.16;
2026;03;28;28;9.30;9.30;
2026;03;28;29;8.88;8.88;
2026;03;28;30;7.18;7.18;
2026;03;28;31;5.41;5.41;
2026;03;28;32;5.00;5.00;
2026;03;28;33;0.99;.99;
2026;03;28;34;0.01;.01;
2026;03;28;35;0.00;.00;
2026;03;28;36;-0.61;-.61;
2026;03;28;37;-0.81;-.81;
2026;03;28;38;-0.82;-.82;
2026;03;28;39;-1.00;-1.00;
2026;03;28;40;-2.10;-2.10;
2026;03;28;41;-2.10;-2.10;
2026;03;28;42;-2.10;-2.10;
2026;03;28;43;-3.00;-3.00;
2026;03;28;44;-5.02;-5.02;
2026;03;28;45;-3.49;-3.49;
2026;03;28;46;-4.00;-4.00;
2026;03;28;47;-4.00;-4.00;
2026;03;28;48;-4.52;-4.52;
2026;03;28;49;-4.01;-4.01;
2026;03;28;50;-5.00;-5.00;
2026;03;28;51;-5.00;-5.00;
2026;03;28;52;-4.99;-4.99;
2026;03;28;53;-4.12;-4.12;
2026;03;28;54;-4.00;-4.00;
2026;03;28;55;-4.00;-4.00;
2026;03;28;56;-4.00;-4.00;
2026;03;28;57;-4.99;-4.99;
2026;03;28;58;-5.00;-5.00;
2026;03;28;59;-5.00;-5.00;
2026;03;28;60;-6.00;-6.00;
2026;03;28;61;-7.00;-7.00;
2026;03;28;62;-7.01;-7.01;
2026;03;28;63;-7.01;-7.01;
2026;03;28;64;-7.01;-7.01;
2026;03;28;65;-7.01;-7.01;
2026;03;28;66;-6.01;-6.01;
2026;03;28;67;-4.01;-4.01;
2026;03;28;68;-4.00;-4.00;
2026;03;28;69;-2.00;-2.00;
2026;03;28;70;-0.82;-.82;
2026;03;28;71;-0.81;-.81;
2026;03;28;72;0.00;-.81;
2026;03;28;73;0.00;.00;
2026;03;28;74;0.00;.00;
2026;03;28;75;2.09;2.09;
2026;03;28;76;3.08;3.08;
2026;03;28;77;5.41;5.41;
2026;03;28;78;7.91;7.91;
2026;03;28;79;8.50;8.50;
2026;03;28;80;8.88;8.88;
2026;03;28;81;8.34;8.34;
2026;03;28;82;8.58;8.58;
2026;03;28;83;8.82;8.82;
2026;03;28;84;8.88;8.88;
2026;03;28;85;8.82;8.82;
2026;03;28;86;8.82;8.82;
2026;03;28;87;8.34;8.34;
2026;03;28;88;8.10;8.10;
2026;03;28;89;8.34;8.34;
2026;03;28;90;8.10;8.10;
2026;03;28;91;5.59;5.59;
2026;03;28;92;5.41;5.41;
2026;03;28;93;5.41;5.41;
2026;03;28;94;5.41;5.41;
2026;03;28;95;4.70;4.70;
2026;03;28;96;2.20;2.20;
*
