MARGINALPIBC;
2025;05;22;1;18.06;18.06;
2025;05;22;2;15.01;15.01;
2025;05;22;3;11.06;11.06;
2025;05;22;4;6.21;6.21;
2025;05;22;5;23.00;23.00;
2025;05;22;6;21.00;21.00;
2025;05;22;7;18.00;18.00;
2025;05;22;8;14.00;14.00;
2025;05;22;9;18.01;18.01;
2025;05;22;10;16.99;16.99;
2025;05;22;11;15.00;15.00;
2025;05;22;12;11.20;11.20;
2025;05;22;13;15.11;15.11;
2025;05;22;14;15.11;15.11;
2025;05;22;15;15.00;15.00;
2025;05;22;16;14.00;14.00;
2025;05;22;17;15.01;15.01;
2025;05;22;18;15.00;15.00;
2025;05;22;19;15.01;15.01;
2025;05;22;20;15.01;15.01;
2025;05;22;21;5.61;5.61;
2025;05;22;22;14.00;14.00;
2025;05;22;23;14.00;14.00;
2025;05;22;24;20.01;20.01;
2025;05;22;25;0.51;.51;
2025;05;22;26;4.00;4.00;
2025;05;22;27;6.00;6.00;
2025;05;22;28;9.10;9.10;
2025;05;22;29;13.31;13.31;
2025;05;22;30;14.00;14.00;
2025;05;22;31;12.10;12.10;
2025;05;22;32;8.28;8.28;
2025;05;22;33;30.01;30.01;
2025;05;22;34;20.01;20.01;
2025;05;22;35;4.26;4.26;
2025;05;22;36;0.05;.05;
2025;05;22;37;5.79;3.52;
2025;05;22;38;2.79;.00;
2025;05;22;39;2.79;.00;
2025;05;22;40;4.31;-1.86;
2025;05;22;41;5.76;-.01;
2025;05;22;42;4.76;-.04;
2025;05;22;43;2.76;-.04;
2025;05;22;44;2.76;-1.54;
2025;05;22;45;16.26;-1.00;
2025;05;22;46;15.01;-1.50;
2025;05;22;47;15.01;-1.54;
2025;05;22;48;11.09;-1.54;
2025;05;22;49;16.26;-1.54;
2025;05;22;50;16.26;-1.54;
2025;05;22;51;15.01;-3.00;
2025;05;22;52;15.01;-4.00;
2025;05;22;53;16.00;-1.54;
2025;05;22;54;15.01;-3.01;
2025;05;22;55;15.01;-4.01;
2025;05;22;56;5.00;-5.00;
2025;05;22;57;15.90;-1.54;
2025;05;22;58;15.01;-1.84;
2025;05;22;59;10.64;-1.54;
2025;05;22;60;5.00;-3.00;
2025;05;22;61;10.63;-3.00;
2025;05;22;62;15.01;-2.04;
2025;05;22;63;15.01;-2.00;
2025;05;22;64;15.01;-1.54;
2025;05;22;65;15.01;-1.54;
2025;05;22;66;15.01;-1.54;
2025;05;22;67;15.01;-1.54;
2025;05;22;68;15.01;-1.50;
2025;05;22;69;7.63;-3.00;
2025;05;22;70;15.01;-1.54;
2025;05;22;71;15.01;-1.00;
2025;05;22;72;15.01;-.04;
2025;05;22;73;4.88;-.04;
2025;05;22;74;9.88;.00;
2025;05;22;75;16.00;.00;
2025;05;22;76;16.00;.00;
2025;05;22;77;4.31;-.30;
2025;05;22;78;10.09;2.20;
2025;05;22;79;20.01;3.52;
2025;05;22;80;25.01;14.00;
2025;05;22;81;-0.04;-.04;
2025;05;22;82;3.96;3.96;
2025;05;22;83;15.01;15.01;
2025;05;22;84;29.52;29.52;
2025;05;22;85;22.42;22.42;
2025;05;22;86;24.42;24.42;
2025;05;22;87;24.42;24.42;
2025;05;22;88;21.71;21.71;
2025;05;22;89;22.81;22.81;
2025;05;22;90;17.13;17.13;
2025;05;22;91;12.80;12.80;
2025;05;22;92;8.82;8.82;
2025;05;22;93;15.00;15.00;
2025;05;22;94;14.00;14.00;
2025;05;22;95;5.11;5.11;
2025;05;22;96;5.00;5.00;
*
