MARGINALPIBC;
2026;05;08;1;107.49;107.49;
2026;05;08;2;106.50;106.50;
2026;05;08;3;95.36;95.36;
2026;05;08;4;94.50;94.50;
2026;05;08;5;96.94;96.94;
2026;05;08;6;94.74;94.74;
2026;05;08;7;94.50;94.50;
2026;05;08;8;94.50;94.50;
2026;05;08;9;94.50;94.50;
2026;05;08;10;94.26;94.26;
2026;05;08;11;94.18;94.18;
2026;05;08;12;93.78;93.78;
2026;05;08;13;94.02;94.02;
2026;05;08;14;93.78;93.78;
2026;05;08;15;93.78;93.78;
2026;05;08;16;94.02;94.02;
2026;05;08;17;93.54;93.54;
2026;05;08;18;93.54;93.54;
2026;05;08;19;93.54;93.54;
2026;05;08;20;93.78;93.78;
2026;05;08;21;93.78;93.78;
2026;05;08;22;93.78;93.78;
2026;05;08;23;94.02;94.02;
2026;05;08;24;94.26;94.26;
2026;05;08;25;95.37;95.37;
2026;05;08;26;96.94;96.94;
2026;05;08;27;96.94;96.94;
2026;05;08;28;97.50;97.50;
2026;05;08;29;96.94;96.94;
2026;05;08;30;96.94;96.94;
2026;05;08;31;95.66;95.66;
2026;05;08;32;95.36;95.36;
2026;05;08;33;94.50;94.50;
2026;05;08;34;94.26;94.26;
2026;05;08;35;92.94;92.94;
2026;05;08;36;61.21;61.21;
2026;05;08;37;95.36;95.36;
2026;05;08;38;87.70;87.70;
2026;05;08;39;75.00;75.00;
2026;05;08;40;35.92;35.92;
2026;05;08;41;36.09;36.09;
2026;05;08;42;29.95;29.95;
2026;05;08;43;15.78;15.78;
2026;05;08;44;9.90;9.90;
2026;05;08;45;15.67;15.67;
2026;05;08;46;12.20;.00;
2026;05;08;47;7.70;-4.40;
2026;05;08;48;5.20;-1.56;
2026;05;08;49;6.20;4.00;
2026;05;08;50;4.19;1.79;
2026;05;08;51;4.00;.31;
2026;05;08;52;3.07;-7.68;
2026;05;08;53;3.04;.45;
2026;05;08;54;2.00;-.01;
2026;05;08;55;2.00;-3.37;
2026;05;08;56;1.01;-9.08;
2026;05;08;57;2.00;-3.71;
2026;05;08;58;2.00;-4.07;
2026;05;08;59;2.00;-4.99;
2026;05;08;60;2.00;-6.22;
2026;05;08;61;2.00;-6.22;
2026;05;08;62;2.00;-8.89;
2026;05;08;63;2.00;-8.64;
2026;05;08;64;2.00;-9.70;
2026;05;08;65;2.00;-1.84;
2026;05;08;66;2.00;-9.15;
2026;05;08;67;0.99;-5.39;
2026;05;08;68;1.34;-1.56;
2026;05;08;69;1.14;-4.91;
2026;05;08;70;0.50;.00;
2026;05;08;71;0.50;.50;
2026;05;08;72;9.54;9.54;
2026;05;08;73;18.03;18.03;
2026;05;08;74;15.89;15.89;
2026;05;08;75;44.23;44.23;
2026;05;08;76;46.58;46.58;
2026;05;08;77;40.00;40.00;
2026;05;08;78;81.71;81.71;
2026;05;08;79;87.70;87.70;
2026;05;08;80;97.02;97.02;
2026;05;08;81;76.31;76.31;
2026;05;08;82;94.31;94.31;
2026;05;08;83;99.20;99.20;
2026;05;08;84;102.24;102.24;
2026;05;08;85;105.84;105.84;
2026;05;08;86;106.46;106.46;
2026;05;08;87;104.00;104.00;
2026;05;08;88;101.26;101.26;
2026;05;08;89;99.35;99.35;
2026;05;08;90;96.05;96.05;
2026;05;08;91;100.03;100.03;
2026;05;08;92;95.54;95.54;
2026;05;08;93;98.57;98.57;
2026;05;08;94;94.50;94.50;
2026;05;08;95;94.02;94.02;
2026;05;08;96;84.60;84.60;
*
