MARGINALPIBC;
2025;01;05;1;89.99;89.99;
2025;01;05;2;65.50;65.50;
2025;01;05;3;58.61;58.61;
2025;01;05;4;40.50;40.50;
2025;01;05;5;36.91;36.91;
2025;01;05;6;27.86;27.86;
2025;01;05;7;25.60;25.60;
2025;01;05;8;35.00;35.00;
2025;01;05;9;44.02;44.02;
2025;01;05;10;47.00;47.00;
2025;01;05;11;49.81;49.81;
2025;01;05;12;46.95;46.95;
2025;01;05;13;49.64;49.64;
2025;01;05;14;38.18;38.18;
2025;01;05;15;33.90;33.90;
2025;01;05;16;32.99;32.99;
2025;01;05;17;39.12;39.12;
2025;01;05;18;61.62;61.62;
2025;01;05;19;64.81;64.81;
2025;01;05;20;64.81;64.81;
2025;01;05;21;65.20;65.20;
2025;01;05;22;68.50;68.50;
2025;01;05;23;60.00;60.00;
2025;01;05;24;43.01;43.01;
*
