MARGINALPIBC;
2025;05;24;1;18.99;18.99;
2025;05;24;2;16.01;16.01;
2025;05;24;3;14.00;14.00;
2025;05;24;4;10.87;10.87;
2025;05;24;5;18.99;18.99;
2025;05;24;6;16.00;16.00;
2025;05;24;7;14.01;14.01;
2025;05;24;8;12.00;12.00;
2025;05;24;9;17.50;17.50;
2025;05;24;10;14.93;14.93;
2025;05;24;11;14.00;14.00;
2025;05;24;12;10.93;10.93;
2025;05;24;13;15.01;15.01;
2025;05;24;14;14.34;14.34;
2025;05;24;15;14.34;14.34;
2025;05;24;16;14.34;14.34;
2025;05;24;17;15.01;15.01;
2025;05;24;18;15.01;15.01;
2025;05;24;19;15.01;15.01;
2025;05;24;20;18.01;18.01;
2025;05;24;21;14.00;14.00;
2025;05;24;22;14.99;14.99;
2025;05;24;23;15.01;15.01;
2025;05;24;24;18.99;18.99;
2025;05;24;25;15.01;15.01;
2025;05;24;26;18.99;18.99;
2025;05;24;27;22.99;22.99;
2025;05;24;28;22.99;22.99;
2025;05;24;29;22.99;22.99;
2025;05;24;30;22.99;22.99;
2025;05;24;31;18.99;18.99;
2025;05;24;32;6.00;6.00;
2025;05;24;33;22.99;22.99;
2025;05;24;34;18.28;18.28;
2025;05;24;35;3.28;3.28;
2025;05;24;36;2.28;-1.71;
2025;05;24;37;5.73;.65;
2025;05;24;38;5.73;.00;
2025;05;24;39;5.73;-.07;
2025;05;24;40;5.73;-6.00;
2025;05;24;41;5.10;-1.00;
2025;05;24;42;5.10;-1.54;
2025;05;24;43;5.10;-1.75;
2025;05;24;44;5.10;-5.00;
2025;05;24;45;4.89;-5.80;
2025;05;24;46;4.89;-5.85;
2025;05;24;47;4.89;-6.00;
2025;05;24;48;4.89;-6.00;
2025;05;24;49;5.00;-5.50;
2025;05;24;50;5.00;-5.80;
2025;05;24;51;4.31;-5.80;
2025;05;24;52;4.99;-5.80;
2025;05;24;53;5.00;-5.80;
2025;05;24;54;5.00;-5.80;
2025;05;24;55;4.79;-5.80;
2025;05;24;56;2.39;-5.80;
2025;05;24;57;5.76;-5.80;
2025;05;24;58;5.00;-5.80;
2025;05;24;59;2.18;-5.80;
2025;05;24;60;2.18;-5.80;
2025;05;24;61;4.31;-6.00;
2025;05;24;62;1.81;-6.00;
2025;05;24;63;1.81;-8.00;
2025;05;24;64;1.81;-8.00;
2025;05;24;65;1.81;-6.00;
2025;05;24;66;3.06;-6.00;
2025;05;24;67;1.81;-5.80;
2025;05;24;68;1.81;-5.80;
2025;05;24;69;2.18;-6.00;
2025;05;24;70;2.18;-5.80;
2025;05;24;71;2.18;-5.80;
2025;05;24;72;5.68;-5.00;
2025;05;24;73;0.00;-5.80;
2025;05;24;74;0.00;-5.20;
2025;05;24;75;5.00;-1.80;
2025;05;24;76;5.76;-1.01;
2025;05;24;77;0.00;-7.00;
2025;05;24;78;0.00;-.01;
2025;05;24;79;6.00;3.52;
2025;05;24;80;18.99;18.99;
2025;05;24;81;0.65;.65;
2025;05;24;82;17.17;17.17;
2025;05;24;83;36.72;36.72;
2025;05;24;84;50.68;50.68;
2025;05;24;85;36.00;36.00;
2025;05;24;86;36.10;36.10;
2025;05;24;87;39.19;39.19;
2025;05;24;88;37.11;37.11;
2025;05;24;89;52.00;52.00;
2025;05;24;90;50.00;50.00;
2025;05;24;91;52.00;52.00;
2025;05;24;92;45.00;45.00;
2025;05;24;93;37.10;37.10;
2025;05;24;94;37.00;37.00;
2025;05;24;95;34.40;34.40;
2025;05;24;96;30.00;30.00;
*
