MARGINALPIBC;
2026;05;22;1;115.01;115.01;
2026;05;22;2;112.79;112.79;
2026;05;22;3;109.23;109.23;
2026;05;22;4;96.17;96.17;
2026;05;22;5;105.87;105.87;
2026;05;22;6;98.60;98.60;
2026;05;22;7;95.82;95.82;
2026;05;22;8;90.39;90.39;
2026;05;22;9;97.68;97.68;
2026;05;22;10;88.20;88.20;
2026;05;22;11;84.55;84.55;
2026;05;22;12;84.66;84.66;
2026;05;22;13;92.04;92.04;
2026;05;22;14;86.72;86.72;
2026;05;22;15;85.86;85.86;
2026;05;22;16;85.94;85.94;
2026;05;22;17;86.55;86.55;
2026;05;22;18;85.83;85.83;
2026;05;22;19;86.99;86.99;
2026;05;22;20;87.44;87.44;
2026;05;22;21;86.44;86.44;
2026;05;22;22;89.43;89.43;
2026;05;22;23;93.30;93.30;
2026;05;22;24;100.60;100.60;
2026;05;22;25;103.71;103.71;
2026;05;22;26;99.27;99.27;
2026;05;22;27;107.52;107.52;
2026;05;22;28;110.08;110.08;
2026;05;22;29;115.89;115.89;
2026;05;22;30;112.20;112.20;
2026;05;22;31;108.14;108.14;
2026;05;22;32;98.00;98.00;
2026;05;22;33;108.99;108.99;
2026;05;22;34;88.00;88.00;
2026;05;22;35;75.50;75.50;
2026;05;22;36;43.11;43.11;
2026;05;22;37;50.27;50.27;
2026;05;22;38;40.33;40.33;
2026;05;22;39;27.68;27.68;
2026;05;22;40;12.81;12.81;
2026;05;22;41;17.20;17.20;
2026;05;22;42;9.64;9.64;
2026;05;22;43;2.52;1.01;
2026;05;22;44;2.00;.84;
2026;05;22;45;1.00;-2.19;
2026;05;22;46;1.00;-4.00;
2026;05;22;47;0.15;-8.82;
2026;05;22;48;1.00;-16.99;
2026;05;22;49;1.00;-.20;
2026;05;22;50;0.15;-8.00;
2026;05;22;51;0.05;-10.00;
2026;05;22;52;1.00;1.00;
2026;05;22;53;2.00;.01;
2026;05;22;54;2.00;.00;
2026;05;22;55;2.00;.00;
2026;05;22;56;2.00;.00;
2026;05;22;57;0.50;.50;
2026;05;22;58;0.84;.84;
2026;05;22;59;1.00;.84;
2026;05;22;60;2.00;.19;
2026;05;22;61;2.00;.19;
2026;05;22;62;2.00;.00;
2026;05;22;63;2.00;.00;
2026;05;22;64;2.00;.00;
2026;05;22;65;2.00;.00;
2026;05;22;66;2.00;.00;
2026;05;22;67;2.00;.01;
2026;05;22;68;2.00;-5.00;
2026;05;22;69;2.00;.00;
2026;05;22;70;2.52;.00;
2026;05;22;71;3.01;.84;
2026;05;22;72;5.52;3.00;
2026;05;22;73;11.24;11.24;
2026;05;22;74;16.96;16.96;
2026;05;22;75;22.10;22.10;
2026;05;22;76;49.51;49.51;
2026;05;22;77;42.60;42.60;
2026;05;22;78;70.00;70.00;
2026;05;22;79;69.99;69.99;
2026;05;22;80;103.11;103.11;
2026;05;22;81;60.00;60.00;
2026;05;22;82;85.60;85.60;
2026;05;22;83;106.65;106.65;
2026;05;22;84;114.92;114.92;
2026;05;22;85;117.00;117.00;
2026;05;22;86;120.69;120.69;
2026;05;22;87;118.93;118.93;
2026;05;22;88;116.62;116.62;
2026;05;22;89;125.01;125.01;
2026;05;22;90;118.57;118.57;
2026;05;22;91;120.01;120.01;
2026;05;22;92;115.08;115.08;
2026;05;22;93;112.62;112.62;
2026;05;22;94;110.90;110.90;
2026;05;22;95;109.12;109.12;
2026;05;22;96;97.87;97.87;
*
