MARGINALPIBC;
2026;05;29;1;140.40;121.60;
2026;05;29;2;133.92;118.23;
2026;05;29;3;120.25;113.64;
2026;05;29;4;119.36;113.07;
2026;05;29;5;118.48;114.06;
2026;05;29;6;119.36;114.06;
2026;05;29;7;119.36;114.06;
2026;05;29;8;116.86;111.56;
2026;05;29;9;118.01;116.68;
2026;05;29;10;113.00;115.12;
2026;05;29;11;112.57;114.58;
2026;05;29;12;111.11;113.68;
2026;05;29;13;110.27;116.42;
2026;05;29;14;108.88;113.68;
2026;05;29;15;108.00;113.36;
2026;05;29;16;104.21;111.41;
2026;05;29;17;103.76;110.76;
2026;05;29;18;103.76;110.61;
2026;05;29;19;103.76;110.68;
2026;05;29;20;105.49;111.49;
2026;05;29;21;107.05;111.73;
2026;05;29;22;110.82;113.52;
2026;05;29;23;111.91;113.86;
2026;05;29;24;113.00;114.54;
2026;05;29;25;119.36;113.57;
2026;05;29;26;119.36;111.04;
2026;05;29;27;119.36;111.04;
2026;05;29;28;119.36;111.04;
2026;05;29;29;143.62;114.96;
2026;05;29;30;131.34;115.04;
2026;05;29;31;128.97;115.04;
2026;05;29;32;109.44;105.47;
2026;05;29;33;131.34;111.04;
2026;05;29;34;119.39;113.42;
2026;05;29;35;107.00;103.66;
2026;05;29;36;77.57;74.20;
2026;05;29;37;94.47;94.47;
2026;05;29;38;72.75;52.75;
2026;05;29;39;45.00;25.28;
2026;05;29;40;34.58;14.30;
2026;05;29;41;30.15;15.50;
2026;05;29;42;17.92;13.87;
2026;05;29;43;10.24;5.00;
2026;05;29;44;3.18;3.36;
2026;05;29;45;9.56;4.16;
2026;05;29;46;3.18;.44;
2026;05;29;47;3.01;.84;
2026;05;29;48;2.84;-6.08;
2026;05;29;49;2.84;.85;
2026;05;29;50;2.54;.84;
2026;05;29;51;1.51;.84;
2026;05;29;52;1.29;.84;
2026;05;29;53;1.51;.84;
2026;05;29;54;1.18;.84;
2026;05;29;55;1.08;.84;
2026;05;29;56;1.02;.09;
2026;05;29;57;2.84;3.61;
2026;05;29;58;2.84;3.84;
2026;05;29;59;2.84;4.71;
2026;05;29;60;2.84;7.83;
2026;05;29;61;2.84;5.44;
2026;05;29;62;3.18;11.73;
2026;05;29;63;3.18;8.04;
2026;05;29;64;3.18;5.59;
2026;05;29;65;9.27;10.27;
2026;05;29;66;9.00;10.00;
2026;05;29;67;12.10;15.52;
2026;05;29;68;16.46;20.26;
2026;05;29;69;21.10;29.50;
2026;05;29;70;25.91;32.33;
2026;05;29;71;28.92;32.91;
2026;05;29;72;35.88;39.88;
2026;05;29;73;44.37;49.37;
2026;05;29;74;44.99;64.98;
2026;05;29;75;57.74;79.49;
2026;05;29;76;79.19;74.19;
2026;05;29;77;73.40;73.50;
2026;05;29;78;86.61;81.11;
2026;05;29;79;105.36;104.92;
2026;05;29;80;110.36;106.65;
2026;05;29;81;105.85;100.38;
2026;05;29;82;112.88;110.89;
2026;05;29;83;123.36;123.47;
2026;05;29;84;133.68;131.10;
2026;05;29;85;140.69;137.84;
2026;05;29;86;150.03;145.10;
2026;05;29;87;159.07;153.01;
2026;05;29;88;156.04;143.80;
2026;05;29;89;161.53;155.90;
2026;05;29;90;149.43;143.80;
2026;05;29;91;149.43;142.58;
2026;05;29;92;137.45;135.50;
2026;05;29;93;137.46;129.47;
2026;05;29;94;123.41;121.37;
2026;05;29;95;119.36;121.37;
2026;05;29;96;114.27;116.30;
*
