MARGINALPIBC;
2026;04;30;1;107.90;107.90;
2026;04;30;2;106.99;106.99;
2026;04;30;3;105.55;105.55;
2026;04;30;4;102.75;102.75;
2026;04;30;5;108.72;108.72;
2026;04;30;6;106.99;106.99;
2026;04;30;7;105.55;105.55;
2026;04;30;8;105.31;105.31;
2026;04;30;9;105.50;105.50;
2026;04;30;10;102.97;102.97;
2026;04;30;11;102.18;102.18;
2026;04;30;12;100.89;100.89;
2026;04;30;13;102.56;102.56;
2026;04;30;14;102.50;102.50;
2026;04;30;15;102.47;102.47;
2026;04;30;16;101.80;101.80;
2026;04;30;17;101.42;101.42;
2026;04;30;18;101.47;101.47;
2026;04;30;19;104.00;104.00;
2026;04;30;20;103.35;103.35;
2026;04;30;21;98.10;98.10;
2026;04;30;22;97.99;97.99;
2026;04;30;23;101.99;101.99;
2026;04;30;24;105.55;105.55;
2026;04;30;25;97.32;97.32;
2026;04;30;26;102.99;102.99;
2026;04;30;27;103.29;103.29;
2026;04;30;28;104.70;104.70;
2026;04;30;29;107.39;107.39;
2026;04;30;30;109.53;109.53;
2026;04;30;31;111.68;111.68;
2026;04;30;32;109.53;109.53;
2026;04;30;33;109.53;109.53;
2026;04;30;34;105.55;105.55;
2026;04;30;35;103.05;103.05;
2026;04;30;36;102.00;102.00;
2026;04;30;37;103.05;103.05;
2026;04;30;38;92.20;92.20;
2026;04;30;39;52.88;52.88;
2026;04;30;40;50.61;24.80;
2026;04;30;41;36.30;36.30;
2026;04;30;42;15.55;14.25;
2026;04;30;43;13.89;7.00;
2026;04;30;44;10.39;3.20;
2026;04;30;45;10.64;1.50;
2026;04;30;46;10.32;.87;
2026;04;30;47;6.48;.84;
2026;04;30;48;6.15;.00;
2026;04;30;49;10.89;.61;
2026;04;30;50;10.89;.01;
2026;04;30;51;10.89;.84;
2026;04;30;52;10.89;.84;
2026;04;30;53;10.89;.61;
2026;04;30;54;10.89;.01;
2026;04;30;55;9.64;.00;
2026;04;30;56;10.32;.00;
2026;04;30;57;5.89;.00;
2026;04;30;58;5.89;.00;
2026;04;30;59;8.89;.00;
2026;04;30;60;10.32;.00;
2026;04;30;61;7.39;.00;
2026;04;30;62;7.64;.00;
2026;04;30;63;7.64;.00;
2026;04;30;64;7.64;.00;
2026;04;30;65;7.64;.00;
2026;04;30;66;7.64;.61;
2026;04;30;67;9.89;.81;
2026;04;30;68;9.94;7.05;
2026;04;30;69;7.64;.00;
2026;04;30;70;7.89;.84;
2026;04;30;71;11.97;3.08;
2026;04;30;72;15.55;15.55;
2026;04;30;73;19.97;19.97;
2026;04;30;74;25.73;25.73;
2026;04;30;75;33.40;33.40;
2026;04;30;76;53.22;53.22;
2026;04;30;77;49.28;49.28;
2026;04;30;78;68.27;68.27;
2026;04;30;79;90.00;90.00;
2026;04;30;80;103.59;103.59;
2026;04;30;81;100.90;100.90;
2026;04;30;82;106.55;106.55;
2026;04;30;83;115.00;115.00;
2026;04;30;84;120.05;120.05;
2026;04;30;85;120.00;120.00;
2026;04;30;86;120.00;120.00;
2026;04;30;87;120.00;120.00;
2026;04;30;88;117.85;117.85;
2026;04;30;89;110.90;110.90;
2026;04;30;90;110.50;110.50;
2026;04;30;91;109.79;109.79;
2026;04;30;92;106.06;106.06;
2026;04;30;93;107.44;107.44;
2026;04;30;94;104.55;104.55;
2026;04;30;95;103.65;103.65;
2026;04;30;96;101.37;101.37;
*
