MARGINALPIBC;
2026;02;25;1;22.98;35.59;
2026;02;25;2;27.87;27.87;
2026;02;25;3;20.08;20.08;
2026;02;25;4;18.99;18.99;
2026;02;25;5;20.08;20.08;
2026;02;25;6;19.69;19.69;
2026;02;25;7;19.56;19.56;
2026;02;25;8;14.61;14.61;
2026;02;25;9;19.69;25.68;
2026;02;25;10;16.37;17.36;
2026;02;25;11;12.00;14.51;
2026;02;25;12;11.18;11.18;
2026;02;25;13;12.07;12.07;
2026;02;25;14;11.58;13.00;
2026;02;25;15;9.17;11.73;
2026;02;25;16;8.79;10.00;
2026;02;25;17;10.00;10.00;
2026;02;25;18;10.00;10.00;
2026;02;25;19;10.17;12.92;
2026;02;25;20;10.00;14.75;
2026;02;25;21;10.82;10.82;
2026;02;25;22;11.20;11.20;
2026;02;25;23;11.05;18.15;
2026;02;25;24;16.07;30.07;
2026;02;25;25;21.31;31.00;
2026;02;25;26;18.28;39.10;
2026;02;25;27;18.10;22.90;
2026;02;25;28;21.46;27.47;
2026;02;25;29;19.20;19.20;
2026;02;25;30;25.78;36.47;
2026;02;25;31;31.86;60.00;
2026;02;25;32;33.94;64.01;
2026;02;25;33;33.94;83.40;
2026;02;25;34;40.94;73.99;
2026;02;25;35;42.24;51.19;
2026;02;25;36;26.96;26.96;
2026;02;25;37;31.01;31.01;
2026;02;25;38;29.51;29.51;
2026;02;25;39;14.00;14.00;
2026;02;25;40;7.18;7.18;
2026;02;25;41;6.55;6.55;
2026;02;25;42;5.20;3.00;
2026;02;25;43;4.59;2.00;
2026;02;25;44;4.59;.91;
2026;02;25;45;5.00;.91;
2026;02;25;46;7.19;.91;
2026;02;25;47;7.20;.91;
2026;02;25;48;7.18;.91;
2026;02;25;49;7.18;.00;
2026;02;25;50;7.18;.00;
2026;02;25;51;7.18;.00;
2026;02;25;52;7.18;.00;
2026;02;25;53;6.93;-.06;
2026;02;25;54;6.73;-.06;
2026;02;25;55;6.73;-.06;
2026;02;25;56;6.73;-.06;
2026;02;25;57;6.73;.01;
2026;02;25;58;6.73;.90;
2026;02;25;59;6.73;.91;
2026;02;25;60;6.73;.91;
2026;02;25;61;6.73;.00;
2026;02;25;62;6.98;.00;
2026;02;25;63;6.98;.01;
2026;02;25;64;6.98;.91;
2026;02;25;65;6.98;.91;
2026;02;25;66;7.19;2.00;
2026;02;25;67;7.19;3.91;
2026;02;25;68;12.41;12.41;
2026;02;25;69;12.41;12.41;
2026;02;25;70;23.02;23.02;
2026;02;25;71;26.00;26.00;
2026;02;25;72;29.30;29.30;
2026;02;25;73;24.02;24.02;
2026;02;25;74;39.76;39.76;
2026;02;25;75;78.97;78.97;
2026;02;25;76;90.72;90.72;
2026;02;25;77;96.95;96.95;
2026;02;25;78;101.41;101.41;
2026;02;25;79;98.24;98.24;
2026;02;25;80;94.29;94.29;
2026;02;25;81;92.20;92.20;
2026;02;25;82;88.11;88.11;
2026;02;25;83;88.11;88.11;
2026;02;25;84;87.29;87.29;
2026;02;25;85;85.01;85.01;
2026;02;25;86;82.62;82.62;
2026;02;25;87;78.74;78.74;
2026;02;25;88;63.79;63.79;
2026;02;25;89;52.70;52.70;
2026;02;25;90;51.27;51.27;
2026;02;25;91;44.54;44.54;
2026;02;25;92;35.83;35.83;
2026;02;25;93;36.58;36.58;
2026;02;25;94;25.78;25.78;
2026;02;25;95;25.21;25.21;
2026;02;25;96;31.10;31.10;
*
