MARGINALPIBC;
2026;02;20;1;41.06;41.06;
2026;02;20;2;33.65;33.65;
2026;02;20;3;30.46;30.46;
2026;02;20;4;28.06;28.06;
2026;02;20;5;35.89;35.89;
2026;02;20;6;34.00;34.00;
2026;02;20;7;35.89;35.89;
2026;02;20;8;30.46;30.46;
2026;02;20;9;25.94;25.94;
2026;02;20;10;17.81;17.81;
2026;02;20;11;16.82;16.82;
2026;02;20;12;14.00;14.00;
2026;02;20;13;14.00;14.00;
2026;02;20;14;14.00;14.00;
2026;02;20;15;14.00;14.00;
2026;02;20;16;14.00;14.00;
2026;02;20;17;14.00;14.00;
2026;02;20;18;14.00;14.00;
2026;02;20;19;14.00;14.00;
2026;02;20;20;14.00;14.00;
2026;02;20;21;14.00;14.00;
2026;02;20;22;14.00;14.00;
2026;02;20;23;15.00;15.00;
2026;02;20;24;25.94;25.94;
2026;02;20;25;35.12;35.12;
2026;02;20;26;38.30;38.30;
2026;02;20;27;38.30;38.30;
2026;02;20;28;38.00;38.00;
2026;02;20;29;24.37;24.37;
2026;02;20;30;33.96;46.70;
2026;02;20;31;37.64;71.51;
2026;02;20;32;68.86;83.63;
2026;02;20;33;80.60;80.60;
2026;02;20;34;68.57;68.57;
2026;02;20;35;28.94;28.94;
2026;02;20;36;26.62;26.62;
2026;02;20;37;39.50;39.50;
2026;02;20;38;15.17;15.17;
2026;02;20;39;7.98;3.78;
2026;02;20;40;7.84;1.00;
2026;02;20;41;6.70;.91;
2026;02;20;42;6.98;.90;
2026;02;20;43;6.98;.00;
2026;02;20;44;6.88;.00;
2026;02;20;45;6.57;.00;
2026;02;20;46;6.88;.00;
2026;02;20;47;6.88;.00;
2026;02;20;48;6.88;-.01;
2026;02;20;49;6.90;-.06;
2026;02;20;50;6.88;-.06;
2026;02;20;51;6.90;-.30;
2026;02;20;52;6.77;-.32;
2026;02;20;53;6.78;-.42;
2026;02;20;54;6.77;-.42;
2026;02;20;55;6.52;-.42;
2026;02;20;56;6.52;-.42;
2026;02;20;57;6.52;-.42;
2026;02;20;58;6.52;-.36;
2026;02;20;59;6.53;-.36;
2026;02;20;60;6.53;-.36;
2026;02;20;61;2.80;-.36;
2026;02;20;62;6.68;-.06;
2026;02;20;63;6.78;-.06;
2026;02;20;64;6.78;-.02;
2026;02;20;65;6.79;.00;
2026;02;20;66;6.90;.00;
2026;02;20;67;6.90;.00;
2026;02;20;68;6.90;.91;
2026;02;20;69;6.98;1.00;
2026;02;20;70;7.19;4.44;
2026;02;20;71;22.70;22.70;
2026;02;20;72;26.68;26.68;
2026;02;20;73;27.15;27.15;
2026;02;20;74;15.64;43.99;
2026;02;20;75;49.00;61.10;
2026;02;20;76;71.35;71.35;
2026;02;20;77;61.00;85.01;
2026;02;20;78;68.51;84.51;
2026;02;20;79;73.55;73.55;
2026;02;20;80;72.16;72.16;
2026;02;20;81;72.37;72.37;
2026;02;20;82;76.68;76.68;
2026;02;20;83;78.28;78.28;
2026;02;20;84;76.56;76.56;
2026;02;20;85;76.68;76.68;
2026;02;20;86;72.37;72.37;
2026;02;20;87;71.66;71.66;
2026;02;20;88;61.72;61.72;
2026;02;20;89;45.60;45.60;
2026;02;20;90;43.98;43.98;
2026;02;20;91;36.90;36.90;
2026;02;20;92;21.11;27.74;
2026;02;20;93;29.05;29.05;
2026;02;20;94;32.46;32.46;
2026;02;20;95;36.57;36.57;
2026;02;20;96;25.82;25.82;
*
