MARGINALPIBC;
2025;09;20;1;101.49;101.49;
2025;09;20;2;100.00;100.00;
2025;09;20;3;96.75;96.75;
2025;09;20;4;93.81;93.81;
2025;09;20;5;97.32;97.32;
2025;09;20;6;96.00;96.00;
2025;09;20;7;94.04;94.04;
2025;09;20;8;91.15;91.15;
2025;09;20;9;92.01;92.01;
2025;09;20;10;90.06;90.06;
2025;09;20;11;89.29;89.29;
2025;09;20;12;88.85;88.85;
2025;09;20;13;90.11;90.11;
2025;09;20;14;90.06;90.06;
2025;09;20;15;89.29;89.29;
2025;09;20;16;89.29;89.29;
2025;09;20;17;90.34;90.34;
2025;09;20;18;90.30;90.30;
2025;09;20;19;90.11;90.11;
2025;09;20;20;90.06;90.06;
2025;09;20;21;89.29;89.29;
2025;09;20;22;89.29;89.29;
2025;09;20;23;89.29;89.29;
2025;09;20;24;90.06;90.06;
2025;09;20;25;92.01;92.01;
2025;09;20;26;92.39;92.39;
2025;09;20;27;94.79;94.79;
2025;09;20;28;96.40;96.40;
2025;09;20;29;92.13;92.13;
2025;09;20;30;93.50;93.50;
2025;09;20;31;95.90;95.90;
2025;09;20;32;97.10;97.10;
2025;09;20;33;99.79;99.79;
2025;09;20;34;97.56;97.56;
2025;09;20;35;91.76;91.76;
2025;09;20;36;83.96;83.96;
2025;09;20;37;95.70;95.70;
2025;09;20;38;89.58;89.58;
2025;09;20;39;65.58;65.58;
2025;09;20;40;44.60;44.60;
2025;09;20;41;42.19;42.19;
2025;09;20;42;30.00;30.00;
2025;09;20;43;18.73;4.83;
2025;09;20;44;18.73;-.57;
2025;09;20;45;86.47;17.10;
2025;09;20;46;86.47;3.94;
2025;09;20;47;21.56;.00;
2025;09;20;48;8.16;-1.01;
2025;09;20;49;6.00;3.00;
2025;09;20;50;5.76;1.72;
2025;09;20;51;5.00;1.72;
2025;09;20;52;4.31;1.52;
2025;09;20;53;4.31;-.01;
2025;09;20;54;4.31;-.57;
2025;09;20;55;4.31;-.57;
2025;09;20;56;4.31;-.57;
2025;09;20;57;5.76;-1.85;
2025;09;20;58;5.76;-.57;
2025;09;20;59;4.31;-.57;
2025;09;20;60;4.31;.00;
2025;09;20;61;5.65;-1.21;
2025;09;20;62;5.65;-.07;
2025;09;20;63;4.31;2.58;
2025;09;20;64;4.31;4.31;
2025;09;20;65;9.31;-7.00;
2025;09;20;66;9.31;-.57;
2025;09;20;67;10.00;4.11;
2025;09;20;68;20.33;14.00;
2025;09;20;69;18.73;-2.10;
2025;09;20;70;18.73;.44;
2025;09;20;71;18.73;18.43;
2025;09;20;72;58.87;58.87;
2025;09;20;73;18.73;16.79;
2025;09;20;74;31.43;31.43;
2025;09;20;75;67.43;67.43;
2025;09;20;76;93.16;93.16;
2025;09;20;77;48.73;48.73;
2025;09;20;78;83.21;83.21;
2025;09;20;79;97.10;97.10;
2025;09;20;80;106.31;106.31;
2025;09;20;81;101.50;101.50;
2025;09;20;82;103.74;103.74;
2025;09;20;83;105.36;105.36;
2025;09;20;84;106.08;106.08;
2025;09;20;85;104.46;104.46;
2025;09;20;86;104.79;104.79;
2025;09;20;87;104.46;104.46;
2025;09;20;88;102.87;102.87;
2025;09;20;89;100.89;100.89;
2025;09;20;90;99.60;99.60;
2025;09;20;91;97.36;97.36;
2025;09;20;92;95.60;95.60;
2025;09;20;93;96.01;96.01;
2025;09;20;94;94.39;94.39;
2025;09;20;95;92.13;92.13;
2025;09;20;96;90.50;90.50;
*
