MARGINALPIBC;
2026;04;02;1;14.00;14.00;
2026;04;02;2;14.00;14.00;
2026;04;02;3;12.74;12.74;
2026;04;02;4;10.00;10.00;
2026;04;02;5;10.00;10.00;
2026;04;02;6;9.58;9.58;
2026;04;02;7;9.32;9.32;
2026;04;02;8;8.84;8.84;
2026;04;02;9;8.60;8.60;
2026;04;02;10;8.00;8.00;
2026;04;02;11;5.41;5.41;
2026;04;02;12;5.95;5.95;
2026;04;02;13;8.84;8.84;
2026;04;02;14;8.23;8.23;
2026;04;02;15;8.11;8.11;
2026;04;02;16;6.41;6.41;
2026;04;02;17;8.60;8.60;
2026;04;02;18;8.05;8.05;
2026;04;02;19;8.05;8.05;
2026;04;02;20;8.05;8.05;
2026;04;02;21;8.11;8.11;
2026;04;02;22;8.23;8.23;
2026;04;02;23;8.84;8.84;
2026;04;02;24;8.84;8.84;
2026;04;02;25;5.41;5.41;
2026;04;02;26;8.00;8.00;
2026;04;02;27;8.60;8.60;
2026;04;02;28;9.32;9.32;
2026;04;02;29;10.37;10.37;
2026;04;02;30;11.16;11.16;
2026;04;02;31;12.74;12.74;
2026;04;02;32;14.00;14.00;
2026;04;02;33;9.58;9.58;
2026;04;02;34;9.08;9.08;
2026;04;02;35;5.41;5.41;
2026;04;02;36;5.41;5.41;
2026;04;02;37;3.08;3.08;
2026;04;02;38;0.84;.84;
2026;04;02;39;0.00;.00;
2026;04;02;40;0.00;.00;
2026;04;02;41;-0.32;-.32;
2026;04;02;42;-0.11;-.81;
2026;04;02;43;-0.32;-.81;
2026;04;02;44;-0.99;-.99;
2026;04;02;45;-1.00;-1.00;
2026;04;02;46;-0.37;-1.00;
2026;04;02;47;-1.00;-2.00;
2026;04;02;48;-1.00;-2.10;
2026;04;02;49;-1.00;-2.10;
2026;04;02;50;-1.00;-2.66;
2026;04;02;51;-1.00;-3.00;
2026;04;02;52;-1.00;-3.00;
2026;04;02;53;-3.00;-3.00;
2026;04;02;54;-1.49;-3.10;
2026;04;02;55;-1.49;-3.50;
2026;04;02;56;-3.00;-4.00;
2026;04;02;57;-3.00;-4.00;
2026;04;02;58;-1.51;-4.00;
2026;04;02;59;-1.51;-4.05;
2026;04;02;60;-1.36;-5.00;
2026;04;02;61;-1.00;-5.00;
2026;04;02;62;-1.00;-6.00;
2026;04;02;63;-1.57;-5.50;
2026;04;02;64;-2.00;-6.00;
2026;04;02;65;-1.57;-6.00;
2026;04;02;66;-0.32;-6.00;
2026;04;02;67;-0.17;-6.00;
2026;04;02;68;0.00;-5.00;
2026;04;02;69;0.00;-5.00;
2026;04;02;70;0.00;-4.00;
2026;04;02;71;0.00;-4.00;
2026;04;02;72;0.00;-2.67;
2026;04;02;73;-5.11;-5.11;
2026;04;02;74;-2.82;-2.82;
2026;04;02;75;-0.99;-.99;
2026;04;02;76;-0.31;-.31;
2026;04;02;77;0.00;.00;
2026;04;02;78;0.00;.00;
2026;04;02;79;1.50;1.50;
2026;04;02;80;5.41;5.41;
2026;04;02;81;8.00;8.00;
2026;04;02;82;11.16;11.16;
2026;04;02;83;15.66;15.66;
2026;04;02;84;35.00;35.00;
2026;04;02;85;38.51;38.51;
2026;04;02;86;44.97;44.97;
2026;04;02;87;40.95;40.95;
2026;04;02;88;36.26;36.26;
2026;04;02;89;34.78;34.78;
2026;04;02;90;31.00;31.00;
2026;04;02;91;19.16;19.16;
2026;04;02;92;14.00;14.00;
2026;04;02;93;14.00;14.00;
2026;04;02;94;14.00;14.00;
2026;04;02;95;12.74;12.74;
2026;04;02;96;11.16;11.16;
*
