MARGINALPIBC;
2026;06;15;1;131.38;131.38;
2026;06;15;2;125.81;125.81;
2026;06;15;3;121.92;121.92;
2026;06;15;4;120.42;120.42;
2026;06;15;5;118.93;118.93;
2026;06;15;6;118.43;118.43;
2026;06;15;7;117.92;117.92;
2026;06;15;8;117.92;117.92;
2026;06;15;9;116.41;116.41;
2026;06;15;10;115.92;115.92;
2026;06;15;11;115.33;115.33;
2026;06;15;12;115.85;115.85;
2026;06;15;13;119.73;119.73;
2026;06;15;14;119.73;119.73;
2026;06;15;15;119.73;119.73;
2026;06;15;16;119.73;119.73;
2026;06;15;17;119.21;119.21;
2026;06;15;18;119.21;119.21;
2026;06;15;19;119.51;119.51;
2026;06;15;20;120.42;120.42;
2026;06;15;21;121.12;121.12;
2026;06;15;22;116.11;116.11;
2026;06;15;23;116.23;116.23;
2026;06;15;24;117.12;117.12;
2026;06;15;25;126.01;126.01;
2026;06;15;26;130.01;130.01;
2026;06;15;27;130.92;130.92;
2026;06;15;28;132.42;132.42;
2026;06;15;29;135.12;135.12;
2026;06;15;30;132.42;132.42;
2026;06;15;31;130.73;130.73;
2026;06;15;32;117.43;117.43;
2026;06;15;33;122.74;122.74;
2026;06;15;34;113.75;113.75;
2026;06;15;35;117.57;117.57;
2026;06;15;36;99.99;99.99;
2026;06;15;37;113.35;113.35;
2026;06;15;38;87.04;87.04;
2026;06;15;39;58.95;58.95;
2026;06;15;40;41.29;41.29;
2026;06;15;41;41.57;41.57;
2026;06;15;42;36.85;36.85;
2026;06;15;43;25.38;25.38;
2026;06;15;44;20.01;20.01;
2026;06;15;45;10.58;7.12;
2026;06;15;46;10.47;6.00;
2026;06;15;47;8.02;2.00;
2026;06;15;48;7.21;2.25;
2026;06;15;49;7.27;3.75;
2026;06;15;50;6.59;5.27;
2026;06;15;51;6.39;3.43;
2026;06;15;52;6.30;3.56;
2026;06;15;53;4.39;3.34;
2026;06;15;54;4.10;3.45;
2026;06;15;55;4.10;3.84;
2026;06;15;56;4.10;4.10;
2026;06;15;57;4.10;4.10;
2026;06;15;58;4.10;4.10;
2026;06;15;59;4.41;4.41;
2026;06;15;60;4.01;4.01;
2026;06;15;61;4.10;4.10;
2026;06;15;62;4.10;4.10;
2026;06;15;63;4.26;4.26;
2026;06;15;64;4.72;4.72;
2026;06;15;65;4.69;4.69;
2026;06;15;66;5.25;5.25;
2026;06;15;67;11.28;11.28;
2026;06;15;68;30.46;30.46;
2026;06;15;69;29.16;29.16;
2026;06;15;70;40.34;40.34;
2026;06;15;71;51.02;51.02;
2026;06;15;72;62.91;62.91;
2026;06;15;73;62.18;62.18;
2026;06;15;74;87.45;87.45;
2026;06;15;75;110.78;110.78;
2026;06;15;76;118.47;118.47;
2026;06;15;77;112.45;112.45;
2026;06;15;78;116.25;116.25;
2026;06;15;79;128.50;128.50;
2026;06;15;80;134.17;134.17;
2026;06;15;81;132.18;132.18;
2026;06;15;82;137.93;137.93;
2026;06;15;83;148.93;148.93;
2026;06;15;84;160.70;160.70;
2026;06;15;85;144.64;144.64;
2026;06;15;86;147.62;147.62;
2026;06;15;87;149.76;149.76;
2026;06;15;88;151.64;151.64;
2026;06;15;89;147.70;157.53;
2026;06;15;90;151.89;151.89;
2026;06;15;91;149.19;149.19;
2026;06;15;92;139.50;139.50;
2026;06;15;93;142.17;142.17;
2026;06;15;94;131.59;131.59;
2026;06;15;95;130.01;130.01;
2026;06;15;96;122.92;122.92;
*
