MARGINALPIBC;
2026;06;06;1;122.46;122.46;
2026;06;06;2;118.65;118.65;
2026;06;06;3;119.70;119.70;
2026;06;06;4;118.65;118.65;
2026;06;06;5;122.78;122.78;
2026;06;06;6;120.00;120.00;
2026;06;06;7;118.63;118.63;
2026;06;06;8;116.87;116.87;
2026;06;06;9;113.93;113.93;
2026;06;06;10;113.14;113.14;
2026;06;06;11;112.14;112.14;
2026;06;06;12;111.08;111.08;
2026;06;06;13;110.24;110.24;
2026;06;06;14;110.24;110.24;
2026;06;06;15;110.54;110.54;
2026;06;06;16;110.28;110.28;
2026;06;06;17;110.54;110.54;
2026;06;06;18;111.08;111.08;
2026;06;06;19;113.00;113.00;
2026;06;06;20;113.00;113.00;
2026;06;06;21;112.50;112.50;
2026;06;06;22;113.92;113.92;
2026;06;06;23;114.65;114.65;
2026;06;06;24;115.24;115.24;
2026;06;06;25;113.93;113.93;
2026;06;06;26;116.87;116.87;
2026;06;06;27;119.31;119.31;
2026;06;06;28;122.19;122.19;
2026;06;06;29;115.20;115.20;
2026;06;06;30;113.11;113.11;
2026;06;06;31;109.64;109.64;
2026;06;06;32;109.64;109.64;
2026;06;06;33;113.93;113.93;
2026;06;06;34;110.24;110.24;
2026;06;06;35;104.90;104.90;
2026;06;06;36;77.94;77.94;
2026;06;06;37;55.50;55.50;
2026;06;06;38;36.30;36.30;
2026;06;06;39;7.89;7.89;
2026;06;06;40;7.89;4.20;
2026;06;06;41;7.89;2.51;
2026;06;06;42;7.89;.84;
2026;06;06;43;7.89;.84;
2026;06;06;44;7.59;-4.48;
2026;06;06;45;7.89;.44;
2026;06;06;46;7.89;.00;
2026;06;06;47;7.59;.00;
2026;06;06;48;7.59;.00;
2026;06;06;49;7.59;.00;
2026;06;06;50;7.59;.00;
2026;06;06;51;7.59;.00;
2026;06;06;52;5.33;-.01;
2026;06;06;53;5.33;-.02;
2026;06;06;54;5.33;-.04;
2026;06;06;55;5.33;-.07;
2026;06;06;56;5.33;-.57;
2026;06;06;57;4.86;-.59;
2026;06;06;58;4.14;-.60;
2026;06;06;59;3.26;-3.00;
2026;06;06;60;2.68;-.61;
2026;06;06;61;4.86;-.57;
2026;06;06;62;4.86;-.11;
2026;06;06;63;4.14;-.11;
2026;06;06;64;4.14;-.11;
2026;06;06;65;3.31;.00;
2026;06;06;66;3.31;.00;
2026;06;06;67;3.31;.00;
2026;06;06;68;3.31;-.01;
2026;06;06;69;2.68;.00;
2026;06;06;70;2.68;.00;
2026;06;06;71;3.26;.00;
2026;06;06;72;4.14;.84;
2026;06;06;73;4.76;.84;
2026;06;06;74;5.20;.65;
2026;06;06;75;5.33;.84;
2026;06;06;76;4.14;2.25;
2026;06;06;77;7.06;7.06;
2026;06;06;78;7.89;7.89;
2026;06;06;79;22.87;22.87;
2026;06;06;80;68.68;68.68;
2026;06;06;81;77.68;77.68;
2026;06;06;82;96.07;96.07;
2026;06;06;83;109.52;109.52;
2026;06;06;84;126.49;126.49;
2026;06;06;85;126.49;126.49;
2026;06;06;86;136.48;136.48;
2026;06;06;87;140.00;140.00;
2026;06;06;88;136.40;136.40;
2026;06;06;89;131.53;131.53;
2026;06;06;90;122.82;122.82;
2026;06;06;91;114.76;114.76;
2026;06;06;92;110.24;110.24;
2026;06;06;93;110.24;110.24;
2026;06;06;94;109.78;109.78;
2026;06;06;95;109.64;109.64;
2026;06;06;96;109.28;109.28;
*
