MARGINALPIBC;
2025;06;29;1;106.58;106.58;
2025;06;29;2;103.58;103.58;
2025;06;29;3;93.39;93.39;
2025;06;29;4;90.37;90.37;
2025;06;29;5;101.54;101.54;
2025;06;29;6;98.02;98.02;
2025;06;29;7;92.98;92.98;
2025;06;29;8;92.98;92.98;
2025;06;29;9;99.51;99.51;
2025;06;29;10;98.02;98.02;
2025;06;29;11;96.47;96.47;
2025;06;29;12;96.99;96.99;
2025;06;29;13;91.55;91.55;
2025;06;29;14;91.22;91.22;
2025;06;29;15;91.22;91.22;
2025;06;29;16;92.98;92.98;
2025;06;29;17;96.99;96.99;
2025;06;29;18;96.20;96.20;
2025;06;29;19;96.99;96.99;
2025;06;29;20;99.01;99.01;
2025;06;29;21;98.02;98.02;
2025;06;29;22;98.89;98.89;
2025;06;29;23;100.03;100.03;
2025;06;29;24;100.46;100.46;
2025;06;29;25;102.28;102.28;
2025;06;29;26;102.28;102.28;
2025;06;29;27;102.28;102.28;
2025;06;29;28;102.97;102.97;
2025;06;29;29;104.09;104.09;
2025;06;29;30;101.33;101.33;
2025;06;29;31;92.98;92.98;
2025;06;29;32;72.95;72.95;
2025;06;29;33;85.42;85.42;
2025;06;29;34;75.99;75.99;
2025;06;29;35;48.13;48.13;
2025;06;29;36;27.74;27.74;
2025;06;29;37;24.00;24.00;
2025;06;29;38;21.56;11.12;
2025;06;29;39;19.96;-.78;
2025;06;29;40;14.17;-3.95;
2025;06;29;41;9.99;9.99;
2025;06;29;42;3.46;.00;
2025;06;29;43;-5.23;-7.51;
2025;06;29;44;0.00;-5.99;
2025;06;29;45;5.00;5.00;
2025;06;29;46;0.85;.85;
2025;06;29;47;-0.79;-.79;
2025;06;29;48;0.00;-.03;
2025;06;29;49;1.72;1.72;
2025;06;29;50;0.00;.00;
2025;06;29;51;2.85;.85;
2025;06;29;52;0.85;.85;
2025;06;29;53;3.50;3.50;
2025;06;29;54;3.65;2.13;
2025;06;29;55;3.50;3.50;
2025;06;29;56;3.50;3.50;
2025;06;29;57;4.31;4.31;
2025;06;29;58;4.31;4.31;
2025;06;29;59;4.31;4.31;
2025;06;29;60;4.31;4.31;
2025;06;29;61;4.31;4.31;
2025;06;29;62;4.31;4.31;
2025;06;29;63;4.31;4.31;
2025;06;29;64;4.31;4.31;
2025;06;29;65;5.05;.00;
2025;06;29;66;5.76;.98;
2025;06;29;67;5.76;5.00;
2025;06;29;68;11.12;11.12;
2025;06;29;69;20.00;8.01;
2025;06;29;70;22.00;15.00;
2025;06;29;71;25.00;25.00;
2025;06;29;72;47.82;47.82;
2025;06;29;73;38.29;38.29;
2025;06;29;74;52.13;52.13;
2025;06;29;75;66.27;66.27;
2025;06;29;76;81.97;81.97;
2025;06;29;77;73.12;73.12;
2025;06;29;78;91.30;91.30;
2025;06;29;79;102.82;102.82;
2025;06;29;80;117.47;117.47;
2025;06;29;81;89.95;89.95;
2025;06;29;82;106.98;106.98;
2025;06;29;83;119.92;119.92;
2025;06;29;84;130.94;130.94;
2025;06;29;85;123.99;123.99;
2025;06;29;86;126.45;126.45;
2025;06;29;87;129.45;129.45;
2025;06;29;88;133.13;133.13;
2025;06;29;89;153.32;153.32;
2025;06;29;90;154.52;154.52;
2025;06;29;91;152.52;152.52;
2025;06;29;92;151.09;151.09;
2025;06;29;93;134.50;134.50;
2025;06;29;94;132.60;132.60;
2025;06;29;95;130.61;130.61;
2025;06;29;96;128.61;128.61;
*
