MARGINALPIBC;
2025;02;28;1;112.09;112.09;
2025;02;28;2;107.54;107.54;
2025;02;28;3;107.38;107.38;
2025;02;28;4;104.40;104.40;
2025;02;28;5;102.49;102.49;
2025;02;28;6;104.34;104.34;
2025;02;28;7;115.03;115.03;
2025;02;28;8;133.87;133.87;
2025;02;28;9;142.90;142.90;
2025;02;28;10;115.03;115.03;
2025;02;28;11;99.49;99.49;
2025;02;28;12;90.00;90.00;
2025;02;28;13;89.08;89.08;
2025;02;28;14;80.24;80.24;
2025;02;28;15;85.20;85.20;
2025;02;28;16;88.90;88.90;
2025;02;28;17;93.74;93.74;
2025;02;28;18;114.01;114.01;
2025;02;28;19;122.69;122.69;
2025;02;28;20;148.75;148.75;
2025;02;28;21;130.27;130.27;
2025;02;28;22;120.49;120.49;
2025;02;28;23;113.10;113.10;
2025;02;28;24;106.75;106.75;
*
