MARGINALPIBC;
2025;01;30;1;63.08;63.08;
2025;01;30;2;50.01;50.01;
2025;01;30;3;43.34;43.34;
2025;01;30;4;14.00;14.00;
2025;01;30;5;7.49;7.49;
2025;01;30;6;10.96;10.96;
2025;01;30;7;50.01;50.01;
2025;01;30;8;59.80;66.33;
2025;01;30;9;87.34;95.95;
2025;01;30;10;54.74;54.74;
2025;01;30;11;10.00;10.00;
2025;01;30;12;3.40;3.40;
2025;01;30;13;0.50;.50;
2025;01;30;14;0.01;.01;
2025;01;30;15;0.00;.00;
2025;01;30;16;0.65;.65;
2025;01;30;17;3.52;3.52;
2025;01;30;18;32.17;32.17;
2025;01;30;19;90.01;90.01;
2025;01;30;20;95.01;95.01;
2025;01;30;21;115.01;115.01;
2025;01;30;22;111.04;111.04;
2025;01;30;23;96.02;96.02;
2025;01;30;24;81.06;81.06;
*
