MARGINALPIBC;
2025;06;05;1;110.73;110.73;
2025;06;05;2;110.11;110.11;
2025;06;05;3;108.88;108.88;
2025;06;05;4;108.28;108.28;
2025;06;05;5;98.90;98.90;
2025;06;05;6;97.28;97.28;
2025;06;05;7;97.12;97.12;
2025;06;05;8;96.12;96.12;
2025;06;05;9;96.12;96.12;
2025;06;05;10;96.12;96.12;
2025;06;05;11;96.12;96.12;
2025;06;05;12;95.39;95.39;
2025;06;05;13;94.75;94.75;
2025;06;05;14;94.52;94.52;
2025;06;05;15;94.80;94.80;
2025;06;05;16;94.80;94.80;
2025;06;05;17;95.01;95.01;
2025;06;05;18;95.31;95.31;
2025;06;05;19;95.15;95.15;
2025;06;05;20;95.66;95.66;
2025;06;05;21;96.00;96.00;
2025;06;05;22;96.00;96.00;
2025;06;05;23;96.23;96.23;
2025;06;05;24;96.98;96.98;
2025;06;05;25;100.40;100.40;
2025;06;05;26;101.26;101.26;
2025;06;05;27;101.27;101.27;
2025;06;05;28;101.27;101.27;
2025;06;05;29;111.24;111.24;
2025;06;05;30;109.90;109.90;
2025;06;05;31;109.43;109.43;
2025;06;05;32;107.28;107.28;
2025;06;05;33;97.13;97.13;
2025;06;05;34;93.08;93.08;
2025;06;05;35;83.27;83.27;
2025;06;05;36;77.13;77.13;
2025;06;05;37;52.96;52.96;
2025;06;05;38;43.91;27.01;
2025;06;05;39;43.91;7.00;
2025;06;05;40;43.91;-1.83;
2025;06;05;41;69.69;4.00;
2025;06;05;42;35.22;1.72;
2025;06;05;43;35.22;.00;
2025;06;05;44;35.22;.00;
2025;06;05;45;34.34;.00;
2025;06;05;46;29.88;.00;
2025;06;05;47;29.88;.00;
2025;06;05;48;29.88;.00;
2025;06;05;49;25.69;1.72;
2025;06;05;50;25.69;1.00;
2025;06;05;51;25.69;1.72;
2025;06;05;52;25.69;.85;
2025;06;05;53;25.69;.00;
2025;06;05;54;25.69;.00;
2025;06;05;55;25.69;.00;
2025;06;05;56;25.69;.00;
2025;06;05;57;6.80;.00;
2025;06;05;58;6.33;.00;
2025;06;05;59;6.33;.00;
2025;06;05;60;6.33;.00;
2025;06;05;61;6.80;.00;
2025;06;05;62;6.33;.00;
2025;06;05;63;6.33;.00;
2025;06;05;64;5.90;.00;
2025;06;05;65;5.15;.00;
2025;06;05;66;5.54;.00;
2025;06;05;67;5.54;.00;
2025;06;05;68;5.54;.00;
2025;06;05;69;6.33;.00;
2025;06;05;70;6.33;.00;
2025;06;05;71;6.33;.85;
2025;06;05;72;7.80;3.52;
2025;06;05;73;25.26;1.58;
2025;06;05;74;25.26;3.52;
2025;06;05;75;25.69;5.15;
2025;06;05;76;109.12;17.10;
2025;06;05;77;52.84;-4.09;
2025;06;05;78;52.87;12.94;
2025;06;05;79;57.85;52.29;
2025;06;05;80;109.12;87.27;
2025;06;05;81;83.12;83.12;
2025;06;05;82;95.77;95.77;
2025;06;05;83;100.21;100.21;
2025;06;05;84;109.90;109.90;
2025;06;05;85;126.37;126.37;
2025;06;05;86;130.37;130.37;
2025;06;05;87;130.99;130.99;
2025;06;05;88;130.99;130.99;
2025;06;05;89;134.93;134.93;
2025;06;05;90;132.56;132.56;
2025;06;05;91;130.20;130.20;
2025;06;05;92;127.83;127.83;
2025;06;05;93;116.27;116.27;
2025;06;05;94;112.33;112.33;
2025;06;05;95;109.77;109.77;
2025;06;05;96;108.39;108.39;
*
