MARGINALPIBC;
2026;06;02;1;117.40;117.40;
2026;06;02;2;115.14;115.14;
2026;06;02;3;110.29;110.29;
2026;06;02;4;108.20;108.20;
2026;06;02;5;105.34;105.34;
2026;06;02;6;100.00;100.00;
2026;06;02;7;100.00;100.00;
2026;06;02;8;94.86;94.86;
2026;06;02;9;106.68;106.68;
2026;06;02;10;105.47;105.47;
2026;06;02;11;102.95;102.95;
2026;06;02;12;99.47;99.47;
2026;06;02;13;96.72;96.72;
2026;06;02;14;94.86;94.86;
2026;06;02;15;93.72;93.72;
2026;06;02;16;93.28;93.28;
2026;06;02;17;93.28;93.28;
2026;06;02;18;93.87;93.87;
2026;06;02;19;94.51;94.51;
2026;06;02;20;94.51;94.51;
2026;06;02;21;93.43;93.43;
2026;06;02;22;93.48;93.48;
2026;06;02;23;93.42;93.42;
2026;06;02;24;94.86;94.86;
2026;06;02;25;94.86;94.86;
2026;06;02;26;99.74;99.74;
2026;06;02;27;103.00;103.00;
2026;06;02;28;106.21;106.21;
2026;06;02;29;108.94;108.94;
2026;06;02;30;102.04;102.04;
2026;06;02;31;101.12;101.12;
2026;06;02;32;90.88;90.88;
2026;06;02;33;109.00;109.00;
2026;06;02;34;77.65;77.65;
2026;06;02;35;67.51;67.51;
2026;06;02;36;49.00;49.00;
2026;06;02;37;50.00;50.00;
2026;06;02;38;33.56;33.56;
2026;06;02;39;29.63;29.63;
2026;06;02;40;14.12;14.12;
2026;06;02;41;6.89;6.89;
2026;06;02;42;2.20;2.20;
2026;06;02;43;1.38;.00;
2026;06;02;44;-4.16;-4.16;
2026;06;02;45;-3.00;-3.00;
2026;06;02;46;-4.99;-4.99;
2026;06;02;47;-5.67;-9.99;
2026;06;02;48;0.00;-10.82;
2026;06;02;49;0.00;-2.00;
2026;06;02;50;0.00;-6.71;
2026;06;02;51;0.00;-6.50;
2026;06;02;52;0.00;-16.79;
2026;06;02;53;0.00;.00;
2026;06;02;54;0.00;.00;
2026;06;02;55;0.00;.00;
2026;06;02;56;0.00;.00;
2026;06;02;57;0.00;.00;
2026;06;02;58;0.00;.00;
2026;06;02;59;0.00;.00;
2026;06;02;60;0.00;.00;
2026;06;02;61;0.00;.00;
2026;06;02;62;0.00;.00;
2026;06;02;63;0.00;.00;
2026;06;02;64;0.00;-.04;
2026;06;02;65;0.00;-.10;
2026;06;02;66;0.00;-.81;
2026;06;02;67;0.00;-1.00;
2026;06;02;68;0.00;-1.05;
2026;06;02;69;0.00;-.01;
2026;06;02;70;0.00;-.01;
2026;06;02;71;0.00;-.01;
2026;06;02;72;0.00;.00;
2026;06;02;73;0.00;-15.79;
2026;06;02;74;0.00;-10.71;
2026;06;02;75;0.00;.00;
2026;06;02;76;1.50;1.50;
2026;06;02;77;9.67;1.00;
2026;06;02;78;5.56;5.56;
2026;06;02;79;12.99;5.41;
2026;06;02;80;29.79;29.79;
2026;06;02;81;19.75;19.75;
2026;06;02;82;61.07;61.07;
2026;06;02;83;84.63;84.63;
2026;06;02;84;105.14;105.14;
2026;06;02;85;101.70;101.70;
2026;06;02;86;103.15;103.15;
2026;06;02;87;104.86;104.86;
2026;06;02;88;104.86;104.86;
2026;06;02;89;104.86;104.86;
2026;06;02;90;104.86;104.86;
2026;06;02;91;102.64;102.64;
2026;06;02;92;101.92;101.92;
2026;06;02;93;102.16;102.16;
2026;06;02;94;101.68;101.68;
2026;06;02;95;101.20;101.20;
2026;06;02;96;91.94;91.94;
*
