MARGINALPIBC;
2025;01;10;1;118.43;96.21;
2025;01;10;2;82.66;82.66;
2025;01;10;3;79.95;79.95;
2025;01;10;4;73.94;73.94;
2025;01;10;5;76.00;76.00;
2025;01;10;6;86.09;86.09;
2025;01;10;7;103.22;103.22;
2025;01;10;8;126.12;126.12;
2025;01;10;9;141.22;141.22;
2025;01;10;10;139.03;139.03;
2025;01;10;11;124.07;124.07;
2025;01;10;12;115.99;115.99;
2025;01;10;13;108.18;108.18;
2025;01;10;14;105.08;105.08;
2025;01;10;15;108.55;108.55;
2025;01;10;16;111.68;111.68;
2025;01;10;17;118.86;118.86;
2025;01;10;18;127.58;127.58;
2025;01;10;19;140.28;140.28;
2025;01;10;20;138.14;138.14;
2025;01;10;21;133.78;133.78;
2025;01;10;22;120.52;120.52;
2025;01;10;23;116.41;116.41;
2025;01;10;24;108.17;108.17;
*
