MARGINALPIBC;
2025;05;15;1;32.30;32.30;
2025;05;15;2;27.97;27.97;
2025;05;15;3;11.69;11.69;
2025;05;15;4;7.59;7.59;
2025;05;15;5;16.71;16.71;
2025;05;15;6;12.51;12.51;
2025;05;15;7;7.72;7.72;
2025;05;15;8;7.59;7.59;
2025;05;15;9;13.49;13.49;
2025;05;15;10;9.68;9.68;
2025;05;15;11;7.59;7.59;
2025;05;15;12;9.68;9.68;
2025;05;15;13;7.00;7.00;
2025;05;15;14;5.55;5.55;
2025;05;15;15;0.00;.00;
2025;05;15;16;0.00;.00;
2025;05;15;17;2.61;2.61;
2025;05;15;18;7.63;7.63;
2025;05;15;19;3.63;3.63;
2025;05;15;20;10.63;10.63;
2025;05;15;21;7.59;7.59;
2025;05;15;22;7.59;7.59;
2025;05;15;23;9.05;9.05;
2025;05;15;24;14.26;14.26;
2025;05;15;25;7.00;7.00;
2025;05;15;26;15.48;15.48;
2025;05;15;27;9.68;9.68;
2025;05;15;28;20.00;20.00;
2025;05;15;29;23.05;23.05;
2025;05;15;30;30.01;30.01;
2025;05;15;31;30.01;30.01;
2025;05;15;32;25.01;25.01;
2025;05;15;33;34.21;34.21;
2025;05;15;34;35.30;35.30;
2025;05;15;35;8.43;8.43;
2025;05;15;36;2.26;2.26;
2025;05;15;37;18.00;18.00;
2025;05;15;38;7.59;7.59;
2025;05;15;39;7.59;3.99;
2025;05;15;40;7.59;-.50;
2025;05;15;41;7.59;-.09;
2025;05;15;42;7.59;-4.12;
2025;05;15;43;7.10;-8.00;
2025;05;15;44;7.10;-11.49;
2025;05;15;45;7.59;-1.54;
2025;05;15;46;7.59;-4.54;
2025;05;15;47;6.22;-5.09;
2025;05;15;48;6.22;-7.00;
2025;05;15;49;6.22;-1.54;
2025;05;15;50;6.22;-3.00;
2025;05;15;51;6.22;-3.00;
2025;05;15;52;6.22;-3.00;
2025;05;15;53;7.59;-1.54;
2025;05;15;54;7.59;-3.00;
2025;05;15;55;7.59;-3.00;
2025;05;15;56;3.00;-3.00;
2025;05;15;57;3.00;-4.00;
2025;05;15;58;2.60;-4.00;
2025;05;15;59;3.00;-4.00;
2025;05;15;60;7.59;-4.00;
2025;05;15;61;7.59;-5.00;
2025;05;15;62;7.59;-5.00;
2025;05;15;63;7.59;-5.00;
2025;05;15;64;3.00;-5.00;
2025;05;15;65;4.31;-5.00;
2025;05;15;66;3.00;-5.00;
2025;05;15;67;2.60;-5.00;
2025;05;15;68;3.00;-5.00;
2025;05;15;69;7.59;-5.09;
2025;05;15;70;7.59;-3.99;
2025;05;15;71;7.59;-3.99;
2025;05;15;72;7.59;-3.00;
2025;05;15;73;7.59;-9.12;
2025;05;15;74;7.59;-7.09;
2025;05;15;75;10.10;-1.44;
2025;05;15;76;10.85;-.09;
2025;05;15;77;0.00;-17.00;
2025;05;15;78;0.00;-9.00;
2025;05;15;79;2.60;1.00;
2025;05;15;80;13.00;13.00;
2025;05;15;81;-5.09;-5.09;
2025;05;15;82;-0.01;-.01;
2025;05;15;83;9.68;9.68;
2025;05;15;84;20.43;20.43;
2025;05;15;85;11.69;11.69;
2025;05;15;86;21.01;21.01;
2025;05;15;87;15.84;15.84;
2025;05;15;88;10.00;10.00;
2025;05;15;89;28.50;28.50;
2025;05;15;90;11.69;11.69;
2025;05;15;91;10.00;10.00;
2025;05;15;92;10.00;10.00;
2025;05;15;93;19.98;19.98;
2025;05;15;94;7.59;7.59;
2025;05;15;95;5.98;5.98;
2025;05;15;96;0.00;.00;
*
