MARGINALPIBC;
2025;11;13;1;31.65;31.65;
2025;11;13;2;24.70;24.70;
2025;11;13;3;21.52;21.52;
2025;11;13;4;19.80;19.80;
2025;11;13;5;25.00;25.00;
2025;11;13;6;22.60;22.60;
2025;11;13;7;20.82;20.82;
2025;11;13;8;17.81;17.81;
2025;11;13;9;17.81;17.81;
2025;11;13;10;17.70;17.70;
2025;11;13;11;17.55;17.55;
2025;11;13;12;18.27;18.27;
2025;11;13;13;14.60;14.60;
2025;11;13;14;14.00;14.00;
2025;11;13;15;14.00;14.00;
2025;11;13;16;14.33;14.33;
2025;11;13;17;14.00;14.00;
2025;11;13;18;13.00;13.00;
2025;11;13;19;14.00;14.00;
2025;11;13;20;14.60;14.60;
2025;11;13;21;14.60;14.60;
2025;11;13;22;16.90;16.90;
2025;11;13;23;17.45;17.45;
2025;11;13;24;18.98;18.98;
2025;11;13;25;19.10;19.10;
2025;11;13;26;24.80;24.80;
2025;11;13;27;33.50;33.50;
2025;11;13;28;40.64;40.64;
2025;11;13;29;41.28;41.28;
2025;11;13;30;45.00;45.00;
2025;11;13;31;47.00;47.00;
2025;11;13;32;48.67;48.67;
2025;11;13;33;54.24;54.24;
2025;11;13;34;49.90;49.90;
2025;11;13;35;49.90;49.90;
2025;11;13;36;45.26;45.26;
2025;11;13;37;47.50;47.50;
2025;11;13;38;45.00;45.00;
2025;11;13;39;43.28;43.28;
2025;11;13;40;38.39;38.39;
2025;11;13;41;35.10;35.10;
2025;11;13;42;34.26;34.26;
2025;11;13;43;29.60;29.60;
2025;11;13;44;22.60;22.60;
2025;11;13;45;22.60;22.60;
2025;11;13;46;22.72;22.72;
2025;11;13;47;21.97;21.97;
2025;11;13;48;20.05;20.05;
2025;11;13;49;22.43;22.43;
2025;11;13;50;22.43;22.43;
2025;11;13;51;21.98;21.98;
2025;11;13;52;22.22;22.22;
2025;11;13;53;22.17;22.17;
2025;11;13;54;23.97;23.97;
2025;11;13;55;24.90;24.90;
2025;11;13;56;25.00;25.00;
2025;11;13;57;22.00;22.00;
2025;11;13;58;23.22;23.22;
2025;11;13;59;22.63;22.63;
2025;11;13;60;22.60;22.60;
2025;11;13;61;25.25;25.25;
2025;11;13;62;28.18;28.18;
2025;11;13;63;34.85;34.85;
2025;11;13;64;40.00;40.00;
2025;11;13;65;36.75;36.75;
2025;11;13;66;37.51;37.51;
2025;11;13;67;42.10;42.10;
2025;11;13;68;43.43;43.43;
2025;11;13;69;41.52;41.52;
2025;11;13;70;44.00;44.00;
2025;11;13;71;45.40;45.40;
2025;11;13;72;48.67;48.67;
2025;11;13;73;48.67;48.67;
2025;11;13;74;50.00;50.00;
2025;11;13;75;56.77;56.77;
2025;11;13;76;65.01;65.01;
2025;11;13;77;60.00;60.00;
2025;11;13;78;56.99;56.99;
2025;11;13;79;53.41;53.41;
2025;11;13;80;50.00;50.00;
2025;11;13;81;52.90;52.90;
2025;11;13;82;50.00;50.00;
2025;11;13;83;49.99;49.99;
2025;11;13;84;46.99;46.99;
2025;11;13;85;46.78;46.78;
2025;11;13;86;45.46;45.46;
2025;11;13;87;43.76;43.76;
2025;11;13;88;41.52;41.52;
2025;11;13;89;40.80;40.80;
2025;11;13;90;33.73;33.73;
2025;11;13;91;32.47;32.47;
2025;11;13;92;32.60;32.60;
2025;11;13;93;31.08;31.08;
2025;11;13;94;25.93;25.93;
2025;11;13;95;21.00;21.00;
2025;11;13;96;17.55;17.55;
*
