MARGINALPIBC;
2025;11;09;1;79.33;79.33;
2025;11;09;2;77.13;77.13;
2025;11;09;3;71.03;63.54;
2025;11;09;4;70.67;56.00;
2025;11;09;5;69.74;69.74;
2025;11;09;6;65.82;65.82;
2025;11;09;7;63.00;63.00;
2025;11;09;8;59.49;59.49;
2025;11;09;9;62.10;62.10;
2025;11;09;10;56.67;56.67;
2025;11;09;11;60.10;60.10;
2025;11;09;12;62.93;62.93;
2025;11;09;13;60.10;60.10;
2025;11;09;14;62.93;62.93;
2025;11;09;15;60.09;60.09;
2025;11;09;16;59.31;59.31;
2025;11;09;17;59.31;59.31;
2025;11;09;18;58.09;58.09;
2025;11;09;19;59.93;59.93;
2025;11;09;20;59.53;59.53;
2025;11;09;21;61.23;61.23;
2025;11;09;22;60.50;60.50;
2025;11;09;23;60.05;60.05;
2025;11;09;24;64.70;64.70;
2025;11;09;25;59.63;59.63;
2025;11;09;26;63.65;63.65;
2025;11;09;27;70.29;70.29;
2025;11;09;28;70.52;70.52;
2025;11;09;29;72.11;72.11;
2025;11;09;30;72.90;72.90;
2025;11;09;31;79.16;79.16;
2025;11;09;32;79.16;79.16;
2025;11;09;33;81.75;81.75;
2025;11;09;34;71.80;71.80;
2025;11;09;35;67.64;67.64;
2025;11;09;36;56.22;56.22;
2025;11;09;37;70.53;70.53;
2025;11;09;38;57.26;57.26;
2025;11;09;39;37.03;37.03;
2025;11;09;40;13.94;13.94;
2025;11;09;41;14.99;14.99;
2025;11;09;42;5.52;5.52;
2025;11;09;43;3.60;3.60;
2025;11;09;44;3.52;3.52;
2025;11;09;45;2.65;2.65;
2025;11;09;46;1.50;1.50;
2025;11;09;47;1.15;1.15;
2025;11;09;48;1.15;1.15;
2025;11;09;49;1.72;1.72;
2025;11;09;50;3.52;3.52;
2025;11;09;51;3.52;3.52;
2025;11;09;52;3.52;3.52;
2025;11;09;53;4.81;4.00;
2025;11;09;54;4.81;4.81;
2025;11;09;55;6.52;6.52;
2025;11;09;56;10.00;10.00;
2025;11;09;57;5.00;5.00;
2025;11;09;58;10.00;10.00;
2025;11;09;59;16.41;16.41;
2025;11;09;60;17.10;17.10;
2025;11;09;61;20.26;20.26;
2025;11;09;62;23.00;23.00;
2025;11;09;63;22.31;22.31;
2025;11;09;64;44.18;44.18;
2025;11;09;65;41.11;41.11;
2025;11;09;66;63.20;63.20;
2025;11;09;67;56.48;56.48;
2025;11;09;68;81.32;81.32;
2025;11;09;69;73.00;73.00;
2025;11;09;70;81.82;81.82;
2025;11;09;71;87.57;87.57;
2025;11;09;72;95.64;95.64;
2025;11;09;73;88.52;88.52;
2025;11;09;74;91.69;91.69;
2025;11;09;75;95.64;95.64;
2025;11;09;76;98.77;98.77;
2025;11;09;77;96.93;96.93;
2025;11;09;78;97.82;97.82;
2025;11;09;79;96.93;96.93;
2025;11;09;80;95.47;95.47;
2025;11;09;81;96.85;96.85;
2025;11;09;82;95.47;95.47;
2025;11;09;83;95.47;95.47;
2025;11;09;84;93.88;93.88;
2025;11;09;85;100.00;100.00;
2025;11;09;86;100.15;100.15;
2025;11;09;87;100.00;100.00;
2025;11;09;88;96.34;96.34;
2025;11;09;89;95.00;95.00;
2025;11;09;90;92.49;92.49;
2025;11;09;91;92.49;92.49;
2025;11;09;92;90.98;90.98;
2025;11;09;93;88.32;88.32;
2025;11;09;94;87.57;87.57;
2025;11;09;95;84.53;84.53;
2025;11;09;96;81.21;81.21;
*
