MARGINALPIBC;
2026;05;30;1;121.51;121.51;
2026;05;30;2;117.97;117.97;
2026;05;30;3;114.02;114.02;
2026;05;30;4;109.00;109.00;
2026;05;30;5;110.09;110.09;
2026;05;30;6;107.20;107.20;
2026;05;30;7;107.55;107.55;
2026;05;30;8;105.80;105.80;
2026;05;30;9;112.27;112.27;
2026;05;30;10;111.59;111.59;
2026;05;30;11;107.44;107.44;
2026;05;30;12;106.62;106.62;
2026;05;30;13;109.60;109.60;
2026;05;30;14;109.40;109.40;
2026;05;30;15;109.50;109.50;
2026;05;30;16;109.19;109.19;
2026;05;30;17;116.60;116.60;
2026;05;30;18;116.60;116.60;
2026;05;30;19;116.60;116.60;
2026;05;30;20;117.00;117.00;
2026;05;30;21;117.00;117.00;
2026;05;30;22;117.21;117.21;
2026;05;30;23;116.43;116.43;
2026;05;30;24;116.43;116.43;
2026;05;30;25;112.20;112.20;
2026;05;30;26;112.53;112.53;
2026;05;30;27;112.72;112.72;
2026;05;30;28;114.25;114.25;
2026;05;30;29;117.52;117.52;
2026;05;30;30;113.91;113.91;
2026;05;30;31;108.49;108.49;
2026;05;30;32;109.68;109.68;
2026;05;30;33;108.45;108.45;
2026;05;30;34;76.39;76.39;
2026;05;30;35;55.17;55.17;
2026;05;30;36;42.35;42.35;
2026;05;30;37;66.65;66.65;
2026;05;30;38;43.26;43.26;
2026;05;30;39;30.00;30.00;
2026;05;30;40;13.69;13.69;
2026;05;30;41;23.00;23.00;
2026;05;30;42;13.61;13.61;
2026;05;30;43;1.95;1.95;
2026;05;30;44;1.00;1.00;
2026;05;30;45;1.00;1.00;
2026;05;30;46;0.53;.00;
2026;05;30;47;1.00;1.00;
2026;05;30;48;0.84;.84;
2026;05;30;49;0.53;.00;
2026;05;30;50;0.15;.00;
2026;05;30;51;0.00;.00;
2026;05;30;52;0.00;.00;
2026;05;30;53;0.00;.00;
2026;05;30;54;0.00;.00;
2026;05;30;55;0.00;.00;
2026;05;30;56;0.00;.00;
2026;05;30;57;0.00;.00;
2026;05;30;58;0.00;.00;
2026;05;30;59;0.00;.00;
2026;05;30;60;0.00;.00;
2026;05;30;61;0.00;.00;
2026;05;30;62;0.00;.00;
2026;05;30;63;0.37;.37;
2026;05;30;64;0.00;-.01;
2026;05;30;65;0.00;-1.31;
2026;05;30;66;0.15;.15;
2026;05;30;67;0.64;.64;
2026;05;30;68;1.50;1.50;
2026;05;30;69;11.62;11.62;
2026;05;30;70;16.23;16.23;
2026;05;30;71;19.36;19.36;
2026;05;30;72;25.41;25.41;
2026;05;30;73;22.99;22.99;
2026;05;30;74;40.96;40.96;
2026;05;30;75;55.30;55.30;
2026;05;30;76;69.37;69.37;
2026;05;30;77;59.37;59.37;
2026;05;30;78;102.00;102.00;
2026;05;30;79;95.66;95.66;
2026;05;30;80;104.31;104.31;
2026;05;30;81;82.66;82.66;
2026;05;30;82;104.71;104.71;
2026;05;30;83;110.40;110.40;
2026;05;30;84;120.21;120.21;
2026;05;30;85;111.70;111.70;
2026;05;30;86;117.00;117.00;
2026;05;30;87;118.00;118.00;
2026;05;30;88;114.00;114.00;
2026;05;30;89;118.56;118.56;
2026;05;30;90;118.58;118.58;
2026;05;30;91;122.45;122.45;
2026;05;30;92;114.41;114.41;
2026;05;30;93;116.03;116.03;
2026;05;30;94;111.59;111.59;
2026;05;30;95;114.00;114.00;
2026;05;30;96;105.20;105.20;
*
