MARGINALPIBC;
2025;02;16;1;100.99;100.99;
2025;02;16;2;89.76;89.76;
2025;02;16;3;89.78;89.78;
2025;02;16;4;90.79;90.79;
2025;02;16;5;84.50;84.50;
2025;02;16;6;85.80;85.80;
2025;02;16;7;93.33;93.33;
2025;02;16;8;101.14;101.14;
2025;02;16;9;100.59;100.59;
2025;02;16;10;81.50;81.50;
2025;02;16;11;61.31;61.31;
2025;02;16;12;46.92;46.92;
2025;02;16;13;35.00;35.00;
2025;02;16;14;37.29;37.29;
2025;02;16;15;23.00;23.00;
2025;02;16;16;14.00;14.00;
2025;02;16;17;49.20;49.20;
2025;02;16;18;97.05;97.05;
2025;02;16;19;125.85;125.85;
2025;02;16;20;161.56;161.56;
2025;02;16;21;154.95;154.95;
2025;02;16;22;138.77;138.77;
2025;02;16;23;136.94;136.94;
2025;02;16;24;129.03;129.03;
*
