MARGINALPIBC;
2025;10;01;1;106.10;106.10;
2025;10;01;2;105.01;105.01;
2025;10;01;3;102.39;102.39;
2025;10;01;4;102.11;102.11;
2025;10;01;5;106.74;106.74;
2025;10;01;6;105.68;105.68;
2025;10;01;7;105.19;105.19;
2025;10;01;8;105.01;105.01;
2025;10;01;9;103.71;103.71;
2025;10;01;10;101.50;101.50;
2025;10;01;11;99.38;99.38;
2025;10;01;12;99.38;99.38;
2025;10;01;13;95.99;95.99;
2025;10;01;14;96.16;96.16;
2025;10;01;15;96.66;96.66;
2025;10;01;16;96.78;96.78;
2025;10;01;17;97.66;97.66;
2025;10;01;18;100.00;100.00;
2025;10;01;19;102.28;102.28;
2025;10;01;20;104.50;104.50;
2025;10;01;21;99.64;99.64;
2025;10;01;22;100.78;100.78;
2025;10;01;23;101.76;101.76;
2025;10;01;24;102.24;102.24;
2025;10;01;25;101.76;101.76;
2025;10;01;26;102.24;102.24;
2025;10;01;27;104.24;104.24;
2025;10;01;28;106.68;106.68;
2025;10;01;29;108.55;108.55;
2025;10;01;30;112.41;112.41;
2025;10;01;31;122.15;122.15;
2025;10;01;32;124.58;124.58;
2025;10;01;33;142.78;142.78;
2025;10;01;34;132.56;132.56;
2025;10;01;35;118.17;118.17;
2025;10;01;36;108.63;108.63;
2025;10;01;37;120.50;120.50;
2025;10;01;38;95.46;95.46;
2025;10;01;39;92.22;92.22;
2025;10;01;40;61.02;61.02;
2025;10;01;41;87.75;87.75;
2025;10;01;42;58.82;58.82;
2025;10;01;43;53.43;53.43;
2025;10;01;44;35.20;35.20;
2025;10;01;45;56.92;56.92;
2025;10;01;46;35.02;35.02;
2025;10;01;47;30.12;25.00;
2025;10;01;48;22.02;19.97;
2025;10;01;49;19.80;19.80;
2025;10;01;50;14.69;14.69;
2025;10;01;51;18.92;18.92;
2025;10;01;52;16.79;16.79;
2025;10;01;53;16.35;16.35;
2025;10;01;54;13.73;13.73;
2025;10;01;55;13.03;.00;
2025;10;01;56;12.50;-.49;
2025;10;01;57;3.72;-1.81;
2025;10;01;58;12.36;5.32;
2025;10;01;59;13.40;6.36;
2025;10;01;60;16.46;16.46;
2025;10;01;61;16.68;11.68;
2025;10;01;62;18.94;16.44;
2025;10;01;63;16.79;16.25;
2025;10;01;64;27.08;16.46;
2025;10;01;65;19.00;9.90;
2025;10;01;66;31.56;16.35;
2025;10;01;67;43.78;34.80;
2025;10;01;68;53.35;53.35;
2025;10;01;69;22.15;8.00;
2025;10;01;70;40.12;35.11;
2025;10;01;71;61.00;55.00;
2025;10;01;72;78.67;64.92;
2025;10;01;73;55.00;55.00;
2025;10;01;74;75.01;75.01;
2025;10;01;75;86.91;86.91;
2025;10;01;76;135.26;90.69;
2025;10;01;77;105.17;105.17;
2025;10;01;78;112.21;112.21;
2025;10;01;79;142.63;142.63;
2025;10;01;80;133.83;133.83;
2025;10;01;81;174.14;174.14;
2025;10;01;82;201.17;201.17;
2025;10;01;83;217.45;217.45;
2025;10;01;84;215.00;215.00;
2025;10;01;85;139.00;150.00;
2025;10;01;86;118.00;130.00;
2025;10;01;87;123.90;123.90;
2025;10;01;88;113.25;113.25;
2025;10;01;89;119.01;119.01;
2025;10;01;90;112.00;112.00;
2025;10;01;91;106.63;106.63;
2025;10;01;92;104.24;104.24;
2025;10;01;93;108.68;108.68;
2025;10;01;94;105.01;105.01;
2025;10;01;95;105.01;105.01;
2025;10;01;96;105.01;105.01;
*
