MARGINALPIBC;
2025;07;07;1;96.77;96.77;
2025;07;07;2;92.14;92.14;
2025;07;07;3;89.66;89.66;
2025;07;07;4;88.87;88.87;
2025;07;07;5;89.28;89.28;
2025;07;07;6;88.08;88.08;
2025;07;07;7;85.28;85.28;
2025;07;07;8;83.45;83.45;
2025;07;07;9;87.79;87.79;
2025;07;07;10;86.59;86.59;
2025;07;07;11;85.79;85.79;
2025;07;07;12;85.00;85.00;
2025;07;07;13;86.59;86.59;
2025;07;07;14;86.01;86.01;
2025;07;07;15;85.30;85.30;
2025;07;07;16;85.59;85.59;
2025;07;07;17;83.70;83.70;
2025;07;07;18;82.91;82.91;
2025;07;07;19;82.50;82.50;
2025;07;07;20;83.01;83.01;
2025;07;07;21;86.01;86.01;
2025;07;07;22;86.59;86.59;
2025;07;07;23;88.20;88.20;
2025;07;07;24;89.63;89.63;
2025;07;07;25;88.50;88.50;
2025;07;07;26;89.28;89.28;
2025;07;07;27;91.33;91.33;
2025;07;07;28;95.43;95.43;
2025;07;07;29;104.14;104.14;
2025;07;07;30;101.65;101.65;
2025;07;07;31;98.65;98.65;
2025;07;07;32;93.93;93.93;
2025;07;07;33;101.01;101.01;
2025;07;07;34;92.58;92.58;
2025;07;07;35;81.76;81.76;
2025;07;07;36;60.00;60.00;
2025;07;07;37;82.50;82.50;
2025;07;07;38;70.26;70.26;
2025;07;07;39;41.57;41.57;
2025;07;07;40;26.01;26.01;
2025;07;07;41;37.50;37.50;
2025;07;07;42;32.62;32.62;
2025;07;07;43;26.01;26.01;
2025;07;07;44;22.33;22.33;
2025;07;07;45;18.01;18.01;
2025;07;07;46;18.01;18.01;
2025;07;07;47;18.01;18.01;
2025;07;07;48;16.76;16.76;
2025;07;07;49;23.01;23.01;
2025;07;07;50;23.01;23.01;
2025;07;07;51;23.00;23.00;
2025;07;07;52;20.01;20.01;
2025;07;07;53;15.00;15.00;
2025;07;07;54;14.00;14.00;
2025;07;07;55;10.80;10.80;
2025;07;07;56;6.00;6.00;
2025;07;07;57;13.79;13.79;
2025;07;07;58;13.79;13.79;
2025;07;07;59;13.78;13.78;
2025;07;07;60;10.79;10.79;
2025;07;07;61;9.00;9.00;
2025;07;07;62;5.15;5.15;
2025;07;07;63;5.11;5.11;
2025;07;07;64;5.11;5.11;
2025;07;07;65;4.31;-.04;
2025;07;07;66;3.06;-.20;
2025;07;07;67;3.06;-.32;
2025;07;07;68;4.31;1.80;
2025;07;07;69;0.00;-1.69;
2025;07;07;70;0.00;-.69;
2025;07;07;71;2.76;2.76;
2025;07;07;72;4.31;4.31;
2025;07;07;73;18.56;-1.00;
2025;07;07;74;19.00;2.00;
2025;07;07;75;21.56;5.11;
2025;07;07;76;98.01;14.00;
2025;07;07;77;35.01;-3.62;
2025;07;07;78;45.01;9.35;
2025;07;07;79;79.57;56.39;
2025;07;07;80;100.01;86.30;
2025;07;07;81;45.01;20.00;
2025;07;07;82;57.50;57.50;
2025;07;07;83;86.59;86.59;
2025;07;07;84;98.01;91.25;
2025;07;07;85;81.43;81.43;
2025;07;07;86;85.75;85.75;
2025;07;07;87;86.57;86.57;
2025;07;07;88;86.59;86.59;
2025;07;07;89;89.30;89.30;
2025;07;07;90;88.07;88.07;
2025;07;07;91;87.23;87.23;
2025;07;07;92;84.48;84.48;
2025;07;07;93;87.59;87.59;
2025;07;07;94;82.83;82.83;
2025;07;07;95;75.96;75.96;
2025;07;07;96;60.00;60.00;
*
