MARGINALPIBC;
2025;05;16;1;14.00;14.00;
2025;05;16;2;10.11;10.11;
2025;05;16;3;5.11;5.11;
2025;05;16;4;0.70;.70;
2025;05;16;5;10.00;10.00;
2025;05;16;6;6.91;6.91;
2025;05;16;7;5.11;5.11;
2025;05;16;8;5.00;5.00;
2025;05;16;9;6.00;6.00;
2025;05;16;10;6.60;6.60;
2025;05;16;11;6.00;6.00;
2025;05;16;12;4.50;4.50;
2025;05;16;13;3.40;3.40;
2025;05;16;14;3.40;3.40;
2025;05;16;15;3.40;3.40;
2025;05;16;16;3.20;3.20;
2025;05;16;17;3.28;3.28;
2025;05;16;18;3.28;3.28;
2025;05;16;19;3.28;3.28;
2025;05;16;20;3.28;3.28;
2025;05;16;21;4.75;4.75;
2025;05;16;22;5.11;5.11;
2025;05;16;23;7.44;7.44;
2025;05;16;24;9.75;9.75;
2025;05;16;25;6.00;6.00;
2025;05;16;26;7.00;7.00;
2025;05;16;27;11.00;11.00;
2025;05;16;28;14.00;14.00;
2025;05;16;29;20.00;20.00;
2025;05;16;30;20.00;20.00;
2025;05;16;31;14.00;14.00;
2025;05;16;32;10.00;10.00;
2025;05;16;33;23.99;23.99;
2025;05;16;34;8.01;8.01;
2025;05;16;35;0.01;.01;
2025;05;16;36;-0.19;-.19;
2025;05;16;37;4.99;.00;
2025;05;16;38;4.99;.00;
2025;05;16;39;4.99;-3.37;
2025;05;16;40;4.99;-18.00;
2025;05;16;41;4.99;-5.00;
2025;05;16;42;4.09;-5.00;
2025;05;16;43;4.09;-5.09;
2025;05;16;44;4.09;-11.16;
2025;05;16;45;3.88;-5.80;
2025;05;16;46;3.88;-5.80;
2025;05;16;47;1.10;-5.80;
2025;05;16;48;1.10;-5.80;
2025;05;16;49;4.99;-7.50;
2025;05;16;50;4.99;-7.50;
2025;05;16;51;4.99;-8.00;
2025;05;16;52;4.99;-8.01;
2025;05;16;53;14.09;-7.50;
2025;05;16;54;14.09;-7.50;
2025;05;16;55;13.34;-7.51;
2025;05;16;56;14.09;-8.01;
2025;05;16;57;14.09;-9.00;
2025;05;16;58;14.09;-9.50;
2025;05;16;59;13.34;-10.00;
2025;05;16;60;14.09;-10.00;
2025;05;16;61;9.26;-10.00;
2025;05;16;62;11.70;-10.00;
2025;05;16;63;14.09;-10.00;
2025;05;16;64;14.09;-10.00;
2025;05;16;65;9.26;-10.00;
2025;05;16;66;9.26;-10.00;
2025;05;16;67;13.34;-10.00;
2025;05;16;68;14.09;-10.00;
2025;05;16;69;4.99;-5.65;
2025;05;16;70;9.47;-5.50;
2025;05;16;71;19.30;-5.09;
2025;05;16;72;19.30;-5.00;
2025;05;16;73;4.99;-6.54;
2025;05;16;74;8.58;-5.09;
2025;05;16;75;15.85;-1.54;
2025;05;16;76;38.01;-.09;
2025;05;16;77;4.99;-19.13;
2025;05;16;78;8.69;-3.70;
2025;05;16;79;20.88;3.52;
2025;05;16;80;38.01;35.05;
2025;05;16;81;0.00;.00;
2025;05;16;82;4.99;4.99;
2025;05;16;83;21.39;21.39;
2025;05;16;84;48.03;48.03;
2025;05;16;85;35.04;35.04;
2025;05;16;86;35.10;35.10;
2025;05;16;87;35.12;35.12;
2025;05;16;88;35.09;35.09;
2025;05;16;89;41.21;41.21;
2025;05;16;90;41.21;41.21;
2025;05;16;91;41.21;41.21;
2025;05;16;92;37.93;37.93;
2025;05;16;93;35.01;35.01;
2025;05;16;94;34.86;34.86;
2025;05;16;95;31.31;31.31;
2025;05;16;96;29.94;29.94;
*
