MARGINALPIBC;
2025;11;16;1;42.50;42.50;
2025;11;16;2;38.66;38.66;
2025;11;16;3;16.28;16.28;
2025;11;16;4;11.19;11.19;
2025;11;16;5;28.12;28.12;
2025;11;16;6;19.41;19.41;
2025;11;16;7;17.06;17.06;
2025;11;16;8;17.41;17.41;
2025;11;16;9;21.69;21.69;
2025;11;16;10;15.60;15.60;
2025;11;16;11;17.71;17.71;
2025;11;16;12;12.20;12.20;
2025;11;16;13;18.00;18.00;
2025;11;16;14;15.90;15.90;
2025;11;16;15;11.68;11.68;
2025;11;16;16;11.24;11.24;
2025;11;16;17;11.80;11.80;
2025;11;16;18;14.00;14.00;
2025;11;16;19;12.87;12.87;
2025;11;16;20;11.08;11.08;
2025;11;16;21;16.78;16.78;
2025;11;16;22;9.96;9.96;
2025;11;16;23;14.00;14.00;
2025;11;16;24;15.66;15.66;
2025;11;16;25;4.20;4.20;
2025;11;16;26;9.67;9.67;
2025;11;16;27;12.72;12.72;
2025;11;16;28;13.81;13.81;
2025;11;16;29;14.09;14.09;
2025;11;16;30;23.71;23.71;
2025;11;16;31;26.00;26.00;
2025;11;16;32;32.52;32.52;
2025;11;16;33;18.82;18.82;
2025;11;16;34;14.31;14.31;
2025;11;16;35;23.10;23.10;
2025;11;16;36;15.65;15.65;
2025;11;16;37;22.91;22.91;
2025;11;16;38;18.45;18.45;
2025;11;16;39;4.62;4.62;
2025;11;16;40;0.01;.01;
2025;11;16;41;3.52;3.52;
2025;11;16;42;3.52;3.52;
2025;11;16;43;3.52;3.52;
2025;11;16;44;1.72;1.72;
2025;11;16;45;0.66;.66;
2025;11;16;46;0.65;.65;
2025;11;16;47;0.65;.65;
2025;11;16;48;0.01;.01;
2025;11;16;49;0.00;.00;
2025;11;16;50;0.00;.00;
2025;11;16;51;0.00;.00;
2025;11;16;52;0.00;.00;
2025;11;16;53;0.00;.00;
2025;11;16;54;0.00;.00;
2025;11;16;55;0.00;.00;
2025;11;16;56;0.00;.00;
2025;11;16;57;0.10;.10;
2025;11;16;58;0.65;.65;
2025;11;16;59;0.65;.65;
2025;11;16;60;0.65;.65;
2025;11;16;61;3.52;3.52;
2025;11;16;62;3.52;3.52;
2025;11;16;63;3.52;3.52;
2025;11;16;64;11.00;11.00;
2025;11;16;65;12.15;12.15;
2025;11;16;66;17.82;17.82;
2025;11;16;67;23.20;23.20;
2025;11;16;68;40.02;40.02;
2025;11;16;69;43.56;43.56;
2025;11;16;70;59.55;59.55;
2025;11;16;71;70.23;70.23;
2025;11;16;72;82.27;82.27;
2025;11;16;73;71.00;71.00;
2025;11;16;74;79.57;79.57;
2025;11;16;75;80.00;80.00;
2025;11;16;76;85.20;85.20;
2025;11;16;77;80.80;80.80;
2025;11;16;78;80.96;80.96;
2025;11;16;79;81.70;81.70;
2025;11;16;80;81.75;81.75;
2025;11;16;81;82.15;82.15;
2025;11;16;82;83.53;83.53;
2025;11;16;83;86.00;86.00;
2025;11;16;84;84.60;84.60;
2025;11;16;85;84.31;84.31;
2025;11;16;86;83.48;83.48;
2025;11;16;87;83.72;83.72;
2025;11;16;88;81.64;81.64;
2025;11;16;89;80.05;80.05;
2025;11;16;90;77.00;77.00;
2025;11;16;91;74.97;74.97;
2025;11;16;92;77.21;77.21;
2025;11;16;93;76.41;76.41;
2025;11;16;94;72.66;72.66;
2025;11;16;95;65.31;65.31;
2025;11;16;96;60.35;60.35;
*
