MARGINALPIBC;
2025;03;14;1;51.75;51.75;
2025;03;14;2;31.00;31.00;
2025;03;14;3;25.15;25.15;
2025;03;14;4;25.01;25.01;
2025;03;14;5;27.00;27.00;
2025;03;14;6;33.28;33.28;
2025;03;14;7;62.84;62.84;
2025;03;14;8;98.70;98.70;
2025;03;14;9;99.20;99.20;
2025;03;14;10;79.09;79.09;
2025;03;14;11;50.83;50.83;
2025;03;14;12;27.90;27.90;
2025;03;14;13;24.70;24.70;
2025;03;14;14;23.80;23.80;
2025;03;14;15;6.16;6.16;
2025;03;14;16;5.01;5.01;
2025;03;14;17;19.00;19.00;
2025;03;14;18;42.00;42.00;
2025;03;14;19;91.34;91.34;
2025;03;14;20;134.51;134.51;
2025;03;14;21;130.01;130.01;
2025;03;14;22;114.22;114.22;
2025;03;14;23;104.15;104.15;
2025;03;14;24;96.54;96.54;
*
