MARGINALPIBC;
2026;06;25;1;129.59;129.59;
2026;06;25;2;129.59;129.59;
2026;06;25;3;129.59;129.59;
2026;06;25;4;126.09;126.09;
2026;06;25;5;125.67;125.67;
2026;06;25;6;126.45;126.45;
2026;06;25;7;124.19;124.19;
2026;06;25;8;121.00;121.00;
2026;06;25;9;117.60;117.60;
2026;06;25;10;114.23;114.23;
2026;06;25;11;114.04;114.04;
2026;06;25;12;113.07;113.07;
2026;06;25;13;114.23;114.23;
2026;06;25;14;113.10;113.10;
2026;06;25;15;113.55;113.55;
2026;06;25;16;113.38;113.38;
2026;06;25;17;114.23;114.23;
2026;06;25;18;113.46;113.46;
2026;06;25;19;113.46;113.46;
2026;06;25;20;112.85;112.85;
2026;06;25;21;113.01;113.01;
2026;06;25;22;114.23;114.23;
2026;06;25;23;114.64;114.64;
2026;06;25;24;111.87;111.87;
2026;06;25;25;111.62;111.62;
2026;06;25;26;114.23;114.23;
2026;06;25;27;117.28;117.28;
2026;06;25;28;120.28;120.28;
2026;06;25;29;122.78;122.78;
2026;06;25;30;121.94;121.94;
2026;06;25;31;117.74;117.74;
2026;06;25;32;114.23;114.23;
2026;06;25;33;113.19;113.19;
2026;06;25;34;110.63;110.63;
2026;06;25;35;104.70;104.70;
2026;06;25;36;88.06;88.06;
2026;06;25;37;102.00;102.00;
2026;06;25;38;93.98;93.98;
2026;06;25;39;80.00;80.00;
2026;06;25;40;77.81;77.81;
2026;06;25;41;77.68;77.68;
2026;06;25;42;70.00;70.00;
2026;06;25;43;60.00;60.00;
2026;06;25;44;50.00;50.00;
2026;06;25;45;37.90;37.90;
2026;06;25;46;27.67;27.67;
2026;06;25;47;21.22;21.22;
2026;06;25;48;19.40;19.40;
2026;06;25;49;14.74;14.74;
2026;06;25;50;5.59;5.59;
2026;06;25;51;5.41;5.41;
2026;06;25;52;3.08;3.08;
2026;06;25;53;3.00;3.00;
2026;06;25;54;2.20;2.20;
2026;06;25;55;1.82;1.82;
2026;06;25;56;1.50;1.50;
2026;06;25;57;1.50;1.50;
2026;06;25;58;1.50;1.50;
2026;06;25;59;1.46;1.46;
2026;06;25;60;1.20;1.20;
2026;06;25;61;1.00;1.00;
2026;06;25;62;1.00;1.00;
2026;06;25;63;1.15;1.15;
2026;06;25;64;1.23;1.23;
2026;06;25;65;1.23;1.23;
2026;06;25;66;1.23;1.23;
2026;06;25;67;2.08;2.08;
2026;06;25;68;4.80;4.80;
2026;06;25;69;5.07;5.07;
2026;06;25;70;7.15;7.15;
2026;06;25;71;23.00;23.00;
2026;06;25;72;31.71;31.71;
2026;06;25;73;28.01;28.01;
2026;06;25;74;43.82;43.82;
2026;06;25;75;61.66;61.66;
2026;06;25;76;67.00;67.00;
2026;06;25;77;50.00;50.00;
2026;06;25;78;69.99;69.99;
2026;06;25;79;82.54;82.54;
2026;06;25;80;90.61;90.61;
2026;06;25;81;99.03;99.03;
2026;06;25;82;113.54;113.54;
2026;06;25;83;118.18;118.18;
2026;06;25;84;126.38;126.38;
2026;06;25;85;134.69;134.69;
2026;06;25;86;132.99;132.99;
2026;06;25;87;144.02;144.02;
2026;06;25;88;145.19;145.19;
2026;06;25;89;150.03;150.03;
2026;06;25;90;148.98;148.98;
2026;06;25;91;147.63;147.63;
2026;06;25;92;144.96;144.96;
2026;06;25;93;138.71;138.71;
2026;06;25;94;131.47;131.47;
2026;06;25;95;130.40;130.40;
2026;06;25;96;127.99;127.99;
*
