MARGINALPIBC;
2025;11;15;1;15.33;15.33;
2025;11;15;2;16.19;16.19;
2025;11;15;3;15.94;15.94;
2025;11;15;4;16.68;16.68;
2025;11;15;5;15.33;15.33;
2025;11;15;6;19.01;19.01;
2025;11;15;7;15.81;15.81;
2025;11;15;8;15.33;15.33;
2025;11;15;9;18.72;18.72;
2025;11;15;10;15.33;15.33;
2025;11;15;11;15.33;15.33;
2025;11;15;12;12.85;12.85;
2025;11;15;13;15.30;15.30;
2025;11;15;14;15.33;15.33;
2025;11;15;15;12.90;12.90;
2025;11;15;16;11.19;11.19;
2025;11;15;17;11.19;11.19;
2025;11;15;18;11.19;11.19;
2025;11;15;19;11.19;11.19;
2025;11;15;20;11.19;11.19;
2025;11;15;21;13.95;13.95;
2025;11;15;22;15.33;15.33;
2025;11;15;23;15.33;15.33;
2025;11;15;24;17.70;17.70;
2025;11;15;25;17.40;17.40;
2025;11;15;26;18.00;18.00;
2025;11;15;27;16.30;16.30;
2025;11;15;28;15.33;15.33;
2025;11;15;29;18.90;18.90;
2025;11;15;30;19.50;19.50;
2025;11;15;31;17.56;17.56;
2025;11;15;32;17.37;17.37;
2025;11;15;33;30.00;30.00;
2025;11;15;34;30.00;30.00;
2025;11;15;35;23.60;23.60;
2025;11;15;36;20.20;20.20;
2025;11;15;37;33.01;33.01;
2025;11;15;38;28.00;28.00;
2025;11;15;39;26.90;26.90;
2025;11;15;40;18.41;18.41;
2025;11;15;41;29.70;29.70;
2025;11;15;42;18.74;18.74;
2025;11;15;43;20.48;20.48;
2025;11;15;44;15.99;15.99;
2025;11;15;45;18.35;18.35;
2025;11;15;46;18.07;18.07;
2025;11;15;47;17.88;17.88;
2025;11;15;48;18.50;18.50;
2025;11;15;49;21.10;21.10;
2025;11;15;50;20.31;20.31;
2025;11;15;51;25.00;25.00;
2025;11;15;52;26.48;26.48;
2025;11;15;53;22.90;22.90;
2025;11;15;54;24.58;24.58;
2025;11;15;55;23.97;23.97;
2025;11;15;56;26.86;26.86;
2025;11;15;57;25.00;25.00;
2025;11;15;58;31.99;31.99;
2025;11;15;59;35.00;35.00;
2025;11;15;60;35.16;35.16;
2025;11;15;61;30.00;30.00;
2025;11;15;62;35.01;35.01;
2025;11;15;63;33.21;33.21;
2025;11;15;64;46.18;46.18;
2025;11;15;65;35.02;35.02;
2025;11;15;66;44.37;44.37;
2025;11;15;67;48.97;48.97;
2025;11;15;68;53.92;53.92;
2025;11;15;69;46.00;46.00;
2025;11;15;70;52.74;52.74;
2025;11;15;71;55.24;55.24;
2025;11;15;72;64.35;64.35;
2025;11;15;73;60.00;60.00;
2025;11;15;74;66.60;66.60;
2025;11;15;75;73.36;73.36;
2025;11;15;76;78.46;78.46;
2025;11;15;77;68.37;68.37;
2025;11;15;78;66.79;66.79;
2025;11;15;79;62.96;62.96;
2025;11;15;80;63.35;63.35;
2025;11;15;81;59.02;59.02;
2025;11;15;82;55.24;55.24;
2025;11;15;83;51.26;51.26;
2025;11;15;84;55.00;55.00;
2025;11;15;85;58.32;58.32;
2025;11;15;86;55.24;55.24;
2025;11;15;87;55.24;55.24;
2025;11;15;88;51.85;51.85;
2025;11;15;89;54.74;54.74;
2025;11;15;90;48.97;48.97;
2025;11;15;91;51.83;51.83;
2025;11;15;92;48.97;48.97;
2025;11;15;93;53.49;53.49;
2025;11;15;94;48.87;48.87;
2025;11;15;95;46.51;46.51;
2025;11;15;96;42.90;42.90;
*
