MARGINALPIBC;
2026;01;04;1;90.20;90.50;
2026;01;04;2;90.20;87.90;
2026;01;04;3;90.20;83.20;
2026;01;04;4;90.20;79.54;
2026;01;04;5;79.00;77.00;
2026;01;04;6;70.50;71.73;
2026;01;04;7;67.33;67.76;
2026;01;04;8;66.87;67.36;
2026;01;04;9;61.57;74.75;
2026;01;04;10;56.88;75.07;
2026;01;04;11;49.99;70.00;
2026;01;04;12;49.99;81.00;
2026;01;04;13;49.99;78.31;
2026;01;04;14;50.98;72.50;
2026;01;04;15;50.85;70.00;
2026;01;04;16;49.99;69.01;
2026;01;04;17;49.99;70.25;
2026;01;04;18;49.99;68.10;
2026;01;04;19;55.18;67.18;
2026;01;04;20;53.51;67.50;
2026;01;04;21;53.38;65.38;
2026;01;04;22;51.35;65.00;
2026;01;04;23;50.15;65.00;
2026;01;04;24;50.15;65.00;
2026;01;04;25;54.71;65.00;
2026;01;04;26;49.99;67.33;
2026;01;04;27;50.00;67.75;
2026;01;04;28;50.25;70.00;
2026;01;04;29;50.25;68.75;
2026;01;04;30;51.20;70.00;
2026;01;04;31;52.72;71.57;
2026;01;04;32;52.85;72.85;
2026;01;04;33;51.99;70.00;
2026;01;04;34;51.99;70.00;
2026;01;04;35;51.99;70.60;
2026;01;04;36;51.99;76.37;
2026;01;04;37;51.20;83.07;
2026;01;04;38;51.99;82.15;
2026;01;04;39;51.99;83.05;
2026;01;04;40;51.99;81.01;
2026;01;04;41;53.21;90.21;
2026;01;04;42;55.20;89.70;
2026;01;04;43;55.40;88.54;
2026;01;04;44;50.52;85.59;
2026;01;04;45;60.11;87.61;
2026;01;04;46;59.98;86.56;
2026;01;04;47;59.98;86.56;
2026;01;04;48;59.85;83.07;
2026;01;04;49;57.98;85.88;
2026;01;04;50;58.99;84.87;
2026;01;04;51;60.25;87.07;
2026;01;04;52;61.19;85.01;
2026;01;04;53;61.01;78.31;
2026;01;04;54;61.36;80.03;
2026;01;04;55;61.51;80.72;
2026;01;04;56;60.55;81.00;
2026;01;04;57;60.55;79.21;
2026;01;04;58;61.48;82.73;
2026;01;04;59;62.58;83.07;
2026;01;04;60;62.58;83.71;
2026;01;04;61;62.51;81.00;
2026;01;04;62;61.51;85.88;
2026;01;04;63;62.17;85.88;
2026;01;04;64;62.02;87.08;
2026;01;04;65;60.65;85.91;
2026;01;04;66;61.72;90.21;
2026;01;04;67;62.48;90.21;
2026;01;04;68;66.48;89.70;
2026;01;04;69;63.88;90.50;
2026;01;04;70;64.51;89.70;
2026;01;04;71;75.00;89.70;
2026;01;04;72;83.00;90.73;
2026;01;04;73;80.00;91.71;
2026;01;04;74;85.00;91.72;
2026;01;04;75;83.17;92.93;
2026;01;04;76;86.20;93.20;
2026;01;04;77;82.38;91.72;
2026;01;04;78;85.50;92.42;
2026;01;04;79;86.20;92.83;
2026;01;04;80;86.20;92.42;
2026;01;04;81;90.01;92.27;
2026;01;04;82;89.22;92.56;
2026;01;04;83;90.01;91.71;
2026;01;04;84;90.01;91.71;
2026;01;04;85;92.53;97.79;
2026;01;04;86;92.53;98.19;
2026;01;04;87;90.20;96.58;
2026;01;04;88;90.20;92.65;
2026;01;04;89;90.20;95.00;
2026;01;04;90;90.20;91.74;
2026;01;04;91;89.20;91.44;
2026;01;04;92;90.01;88.54;
2026;01;04;93;90.01;90.50;
2026;01;04;94;83.36;89.66;
2026;01;04;95;81.06;86.34;
2026;01;04;96;72.94;83.44;
*
