MARGINALPIBC;
2026;03;01;1;1.00;42.51;
2026;03;01;2;1.00;38.51;
2026;03;01;3;1.00;21.75;
2026;03;01;4;1.00;11.07;
2026;03;01;5;1.00;16.79;
2026;03;01;6;1.00;17.02;
2026;03;01;7;1.00;24.54;
2026;03;01;8;1.00;20.44;
2026;03;01;9;1.00;27.25;
2026;03;01;10;1.00;23.42;
2026;03;01;11;4.00;23.00;
2026;03;01;12;4.00;22.00;
2026;03;01;13;4.00;23.00;
2026;03;01;14;1.00;23.00;
2026;03;01;15;1.00;23.00;
2026;03;01;16;1.00;23.00;
2026;03;01;17;1.00;23.00;
2026;03;01;18;1.00;23.00;
2026;03;01;19;1.00;23.00;
2026;03;01;20;4.00;23.00;
2026;03;01;21;4.00;23.00;
2026;03;01;22;4.00;23.00;
2026;03;01;23;4.00;22.28;
2026;03;01;24;4.00;21.99;
2026;03;01;25;4.00;23.40;
2026;03;01;26;4.00;23.26;
2026;03;01;27;4.00;23.79;
2026;03;01;28;1.00;24.84;
2026;03;01;29;1.00;23.40;
2026;03;01;30;1.00;24.50;
2026;03;01;31;1.00;24.00;
2026;03;01;32;1.00;23.50;
2026;03;01;33;1.00;19.01;
2026;03;01;34;22.00;20.00;
2026;03;01;35;19.82;19.74;
2026;03;01;36;3.96;8.95;
2026;03;01;37;9.07;10.98;
2026;03;01;38;3.86;.91;
2026;03;01;39;0.02;.91;
2026;03;01;40;0.01;.00;
2026;03;01;41;0.01;.00;
2026;03;01;42;0.01;-.02;
2026;03;01;43;0.00;-.71;
2026;03;01;44;0.00;-2.00;
2026;03;01;45;0.00;-.81;
2026;03;01;46;0.00;-.81;
2026;03;01;47;0.00;-.81;
2026;03;01;48;0.00;-2.00;
2026;03;01;49;0.00;-1.00;
2026;03;01;50;0.00;-1.00;
2026;03;01;51;0.00;-1.50;
2026;03;01;52;0.00;-2.00;
2026;03;01;53;0.00;-2.00;
2026;03;01;54;0.00;-2.00;
2026;03;01;55;0.00;-1.50;
2026;03;01;56;0.00;-1.11;
2026;03;01;57;0.00;-.81;
2026;03;01;58;0.00;-1.00;
2026;03;01;59;0.00;-.81;
2026;03;01;60;0.00;-.81;
2026;03;01;61;0.00;-2.70;
2026;03;01;62;0.00;-2.30;
2026;03;01;63;0.00;-2.00;
2026;03;01;64;0.00;-1.00;
2026;03;01;65;0.00;-1.00;
2026;03;01;66;0.00;-.81;
2026;03;01;67;0.00;-.81;
2026;03;01;68;0.00;-.81;
2026;03;01;69;0.00;-.81;
2026;03;01;70;0.00;.00;
2026;03;01;71;0.00;.91;
2026;03;01;72;0.25;3.78;
2026;03;01;73;0.00;7.89;
2026;03;01;74;0.99;12.30;
2026;03;01;75;4.70;22.10;
2026;03;01;76;0.50;12.50;
2026;03;01;77;0.50;10.06;
2026;03;01;78;0.50;33.00;
2026;03;01;79;0.50;42.01;
2026;03;01;80;0.50;46.27;
2026;03;01;81;0.50;46.95;
2026;03;01;82;0.50;35.22;
2026;03;01;83;0.50;28.52;
2026;03;01;84;0.50;9.32;
2026;03;01;85;0.50;28.99;
2026;03;01;86;0.50;25.00;
2026;03;01;87;0.50;22.25;
2026;03;01;88;0.50;15.00;
2026;03;01;89;0.50;25.85;
2026;03;01;90;0.50;18.26;
2026;03;01;91;0.50;18.25;
2026;03;01;92;0.50;19.84;
2026;03;01;93;0.50;14.74;
2026;03;01;94;0.50;19.06;
2026;03;01;95;0.50;14.74;
2026;03;01;96;0.50;11.44;
*
