MARGINALPIBC;
2025;07;30;1;87.53;87.53;
2025;07;30;2;81.47;81.47;
2025;07;30;3;66.70;66.70;
2025;07;30;4;64.70;64.70;
2025;07;30;5;55.92;55.92;
2025;07;30;6;50.92;50.92;
2025;07;30;7;45.93;45.93;
2025;07;30;8;41.16;41.16;
2025;07;30;9;43.70;43.70;
2025;07;30;10;40.92;40.92;
2025;07;30;11;40.44;40.44;
2025;07;30;12;40.20;40.20;
2025;07;30;13;40.20;40.20;
2025;07;30;14;38.48;38.48;
2025;07;30;15;36.48;36.48;
2025;07;30;16;35.53;35.53;
2025;07;30;17;32.55;32.55;
2025;07;30;18;32.50;32.50;
2025;07;30;19;32.50;32.50;
2025;07;30;20;32.55;32.55;
2025;07;30;21;26.53;26.53;
2025;07;30;22;34.88;34.88;
2025;07;30;23;38.68;38.68;
2025;07;30;24;40.68;40.68;
2025;07;30;25;40.00;40.00;
2025;07;30;26;40.92;40.92;
2025;07;30;27;45.51;45.51;
2025;07;30;28;57.92;57.92;
2025;07;30;29;77.96;77.96;
2025;07;30;30;84.90;84.90;
2025;07;30;31;86.34;86.34;
2025;07;30;32;80.73;80.73;
2025;07;30;33;90.62;90.62;
2025;07;30;34;84.28;84.28;
2025;07;30;35;48.98;48.98;
2025;07;30;36;21.88;21.88;
2025;07;30;37;50.17;50.17;
2025;07;30;38;40.44;40.44;
2025;07;30;39;15.17;15.17;
2025;07;30;40;9.65;9.65;
2025;07;30;41;44.07;44.07;
2025;07;30;42;37.87;37.87;
2025;07;30;43;29.07;29.07;
2025;07;30;44;20.50;20.50;
2025;07;30;45;11.51;11.51;
2025;07;30;46;11.51;11.51;
2025;07;30;47;9.98;9.98;
2025;07;30;48;9.42;9.42;
2025;07;30;49;15.00;15.00;
2025;07;30;50;15.85;15.85;
2025;07;30;51;19.31;19.31;
2025;07;30;52;15.00;15.00;
2025;07;30;53;20.49;20.49;
2025;07;30;54;21.05;21.05;
2025;07;30;55;18.35;18.35;
2025;07;30;56;10.11;10.11;
2025;07;30;57;13.78;13.78;
2025;07;30;58;13.88;13.88;
2025;07;30;59;14.96;14.96;
2025;07;30;60;16.19;16.19;
2025;07;30;61;19.31;19.31;
2025;07;30;62;19.31;19.31;
2025;07;30;63;18.75;18.75;
2025;07;30;64;19.31;19.31;
2025;07;30;65;9.88;7.98;
2025;07;30;66;9.50;9.50;
2025;07;30;67;9.88;9.88;
2025;07;30;68;9.88;9.88;
2025;07;30;69;8.77;7.98;
2025;07;30;70;10.88;10.88;
2025;07;30;71;15.30;15.30;
2025;07;30;72;20.00;20.00;
2025;07;30;73;26.22;26.22;
2025;07;30;74;30.30;30.30;
2025;07;30;75;42.50;42.50;
2025;07;30;76;61.81;61.81;
2025;07;30;77;9.65;9.65;
2025;07;30;78;31.66;31.66;
2025;07;30;79;58.60;58.60;
2025;07;30;80;85.41;85.41;
2025;07;30;81;42.13;42.13;
2025;07;30;82;76.05;76.05;
2025;07;30;83;90.19;90.19;
2025;07;30;84;98.83;98.83;
2025;07;30;85;98.10;98.10;
2025;07;30;86;99.80;99.80;
2025;07;30;87;99.80;99.80;
2025;07;30;88;96.82;96.82;
2025;07;30;89;104.37;104.37;
2025;07;30;90;102.00;102.00;
2025;07;30;91;99.60;99.60;
2025;07;30;92;95.47;95.47;
2025;07;30;93;95.42;95.42;
2025;07;30;94;92.18;92.18;
2025;07;30;95;88.00;88.00;
2025;07;30;96;76.70;76.70;
*
