MARGINALPIBC;
2026;02;27;1;23.56;1.80;
2026;02;27;2;17.82;11.41;
2026;02;27;3;11.00;11.00;
2026;02;27;4;3.00;3.00;
2026;02;27;5;5.55;5.55;
2026;02;27;6;0.01;.01;
2026;02;27;7;0.00;.00;
2026;02;27;8;-1.10;-1.10;
2026;02;27;9;0.01;.01;
2026;02;27;10;0.00;.00;
2026;02;27;11;0.00;.00;
2026;02;27;12;-2.22;-2.22;
2026;02;27;13;-2.22;-2.22;
2026;02;27;14;-3.00;-3.00;
2026;02;27;15;-3.00;-3.00;
2026;02;27;16;-3.00;-3.00;
2026;02;27;17;-3.00;-3.00;
2026;02;27;18;-3.00;-3.00;
2026;02;27;19;-3.30;-3.30;
2026;02;27;20;-3.30;-3.30;
2026;02;27;21;-2.22;-2.22;
2026;02;27;22;-2.22;-2.22;
2026;02;27;23;-0.85;-.85;
2026;02;27;24;0.00;.00;
2026;02;27;25;3.00;3.00;
2026;02;27;26;3.34;3.34;
2026;02;27;27;3.00;3.00;
2026;02;27;28;3.30;3.30;
2026;02;27;29;0.00;.00;
2026;02;27;30;2.99;2.99;
2026;02;27;31;14.44;14.44;
2026;02;27;32;30.01;30.01;
2026;02;27;33;30.01;30.01;
2026;02;27;34;5.55;5.55;
2026;02;27;35;3.36;3.36;
2026;02;27;36;1.86;.00;
2026;02;27;37;22.50;22.50;
2026;02;27;38;14.00;14.00;
2026;02;27;39;14.60;14.60;
2026;02;27;40;11.20;10.20;
2026;02;27;41;11.58;7.58;
2026;02;27;42;14.00;2.20;
2026;02;27;43;12.38;.00;
2026;02;27;44;14.00;.00;
2026;02;27;45;12.38;-7.27;
2026;02;27;46;11.38;-5.51;
2026;02;27;47;11.38;-7.50;
2026;02;27;48;11.38;-3.51;
2026;02;27;49;11.38;.01;
2026;02;27;50;11.38;.00;
2026;02;27;51;11.38;.00;
2026;02;27;52;10.00;.91;
2026;02;27;53;7.00;.00;
2026;02;27;54;5.38;.91;
2026;02;27;55;5.33;.90;
2026;02;27;56;5.33;.91;
2026;02;27;57;5.02;.01;
2026;02;27;58;5.00;.00;
2026;02;27;59;4.00;.01;
2026;02;27;60;4.00;.01;
2026;02;27;61;4.00;-5.42;
2026;02;27;62;4.00;-2.01;
2026;02;27;63;4.00;-1.97;
2026;02;27;64;4.00;-1.00;
2026;02;27;65;3.97;.00;
2026;02;27;66;4.28;3.78;
2026;02;27;67;6.70;6.30;
2026;02;27;68;11.67;11.67;
2026;02;27;69;1.68;1.68;
2026;02;27;70;6.89;6.89;
2026;02;27;71;9.87;9.87;
2026;02;27;72;10.11;10.11;
2026;02;27;73;0.00;.00;
2026;02;27;74;0.00;.00;
2026;02;27;75;15.00;15.00;
2026;02;27;76;43.48;43.48;
2026;02;27;77;46.14;46.14;
2026;02;27;78;59.00;59.00;
2026;02;27;79;51.10;51.10;
2026;02;27;80;55.46;55.46;
2026;02;27;81;69.00;69.00;
2026;02;27;82;70.00;70.00;
2026;02;27;83;69.11;69.11;
2026;02;27;84;63.33;63.33;
2026;02;27;85;60.00;60.00;
2026;02;27;86;44.48;44.48;
2026;02;27;87;30.20;30.20;
2026;02;27;88;20.78;20.78;
2026;02;27;89;15.01;15.01;
2026;02;27;90;5.00;5.00;
2026;02;27;91;10.00;10.00;
2026;02;27;92;10.18;10.18;
2026;02;27;93;11.40;11.40;
2026;02;27;94;0.90;.90;
2026;02;27;95;3.00;3.00;
2026;02;27;96;0.00;.00;
*
