MARGINALPIBC;
2025;10;10;1;89.33;89.33;
2025;10;10;2;87.89;87.89;
2025;10;10;3;86.13;86.13;
2025;10;10;4;79.85;79.85;
2025;10;10;5;88.30;88.30;
2025;10;10;6;83.37;83.37;
2025;10;10;7;80.74;80.74;
2025;10;10;8;78.40;78.40;
2025;10;10;9;80.75;80.75;
2025;10;10;10;79.99;79.99;
2025;10;10;11;74.25;74.25;
2025;10;10;12;73.01;73.01;
2025;10;10;13;71.53;71.53;
2025;10;10;14;68.80;68.80;
2025;10;10;15;71.96;71.96;
2025;10;10;16;70.91;70.91;
2025;10;10;17;65.99;65.99;
2025;10;10;18;65.99;65.99;
2025;10;10;19;70.00;70.00;
2025;10;10;20;74.75;74.75;
2025;10;10;21;66.98;66.98;
2025;10;10;22;69.89;69.89;
2025;10;10;23;79.88;79.88;
2025;10;10;24;84.92;84.92;
2025;10;10;25;83.00;83.00;
2025;10;10;26;88.88;88.88;
2025;10;10;27;90.38;90.38;
2025;10;10;28;93.00;93.00;
2025;10;10;29;83.23;83.23;
2025;10;10;30;90.01;90.01;
2025;10;10;31;93.00;93.00;
2025;10;10;32;93.00;93.00;
2025;10;10;33;95.81;95.81;
2025;10;10;34;95.74;95.74;
2025;10;10;35;95.52;95.52;
2025;10;10;36;88.88;88.88;
2025;10;10;37;90.38;90.38;
2025;10;10;38;90.29;90.29;
2025;10;10;39;80.89;80.89;
2025;10;10;40;64.20;64.20;
2025;10;10;41;60.25;60.25;
2025;10;10;42;54.95;54.95;
2025;10;10;43;39.23;39.23;
2025;10;10;44;25.20;25.20;
2025;10;10;45;37.58;37.58;
2025;10;10;46;30.01;30.01;
2025;10;10;47;30.01;30.01;
2025;10;10;48;28.01;28.01;
2025;10;10;49;30.01;30.01;
2025;10;10;50;30.01;30.01;
2025;10;10;51;30.01;30.01;
2025;10;10;52;35.59;35.59;
2025;10;10;53;34.88;34.88;
2025;10;10;54;33.78;33.78;
2025;10;10;55;28.40;28.40;
2025;10;10;56;31.26;31.26;
2025;10;10;57;30.01;30.01;
2025;10;10;58;29.78;29.78;
2025;10;10;59;30.01;30.01;
2025;10;10;60;35.00;35.00;
2025;10;10;61;30.01;30.01;
2025;10;10;62;40.01;40.01;
2025;10;10;63;49.40;49.40;
2025;10;10;64;55.00;55.00;
2025;10;10;65;40.00;40.00;
2025;10;10;66;49.00;49.00;
2025;10;10;67;59.55;59.55;
2025;10;10;68;65.00;65.00;
2025;10;10;69;57.00;57.00;
2025;10;10;70;75.22;75.22;
2025;10;10;71;85.08;85.08;
2025;10;10;72;87.95;87.95;
2025;10;10;73;70.41;70.41;
2025;10;10;74;86.95;86.95;
2025;10;10;75;93.00;93.00;
2025;10;10;76;101.80;101.80;
2025;10;10;77;99.23;99.23;
2025;10;10;78;106.55;106.55;
2025;10;10;79;115.53;115.53;
2025;10;10;80;114.12;114.12;
2025;10;10;81;117.12;117.12;
2025;10;10;82;111.01;111.01;
2025;10;10;83;106.49;106.49;
2025;10;10;84;104.27;104.27;
2025;10;10;85;105.26;105.26;
2025;10;10;86;103.63;103.63;
2025;10;10;87;100.00;100.00;
2025;10;10;88;96.50;96.50;
2025;10;10;89;99.84;99.84;
2025;10;10;90;97.77;97.77;
2025;10;10;91;96.61;96.61;
2025;10;10;92;96.37;96.37;
2025;10;10;93;96.01;96.01;
2025;10;10;94;93.44;93.44;
2025;10;10;95;92.37;92.37;
2025;10;10;96;92.02;92.02;
*
