MARGINALPIBC;
2025;07;20;1;66.91;66.91;
2025;07;20;2;56.64;56.64;
2025;07;20;3;41.74;41.74;
2025;07;20;4;27.73;27.73;
2025;07;20;5;39.00;39.00;
2025;07;20;6;36.89;36.89;
2025;07;20;7;28.79;28.79;
2025;07;20;8;15.00;15.00;
2025;07;20;9;35.17;35.17;
2025;07;20;10;28.52;28.52;
2025;07;20;11;13.94;13.94;
2025;07;20;12;13.94;13.94;
2025;07;20;13;28.81;28.81;
2025;07;20;14;23.81;23.81;
2025;07;20;15;13.81;13.81;
2025;07;20;16;13.81;13.81;
2025;07;20;17;21.86;21.86;
2025;07;20;18;13.81;13.81;
2025;07;20;19;13.81;13.81;
2025;07;20;20;14.10;14.10;
2025;07;20;21;13.81;13.81;
2025;07;20;22;13.81;13.81;
2025;07;20;23;13.81;13.81;
2025;07;20;24;13.81;13.81;
2025;07;20;25;13.94;13.94;
2025;07;20;26;13.94;13.94;
2025;07;20;27;13.94;13.94;
2025;07;20;28;25.08;25.08;
2025;07;20;29;33.30;33.30;
2025;07;20;30;30.19;30.19;
2025;07;20;31;8.30;8.30;
2025;07;20;32;0.01;.01;
2025;07;20;33;27.01;27.01;
2025;07;20;34;3.60;3.60;
2025;07;20;35;-8.44;-8.44;
2025;07;20;36;-12.44;-12.44;
2025;07;20;37;0.65;.65;
2025;07;20;38;-4.84;-4.84;
2025;07;20;39;-9.12;-9.12;
2025;07;20;40;-12.37;-16.34;
2025;07;20;41;-5.50;-5.50;
2025;07;20;42;-6.11;-9.00;
2025;07;20;43;-6.11;-10.00;
2025;07;20;44;-6.11;-18.00;
2025;07;20;45;4.31;-7.00;
2025;07;20;46;2.00;-8.00;
2025;07;20;47;0.00;-8.62;
2025;07;20;48;-5.00;-14.91;
2025;07;20;49;1.99;-.01;
2025;07;20;50;1.99;-2.90;
2025;07;20;51;0.00;-3.62;
2025;07;20;52;0.00;-6.00;
2025;07;20;53;4.31;.00;
2025;07;20;54;0.74;.00;
2025;07;20;55;0.00;.00;
2025;07;20;56;0.00;.00;
2025;07;20;57;1.99;-2.28;
2025;07;20;58;0.00;.00;
2025;07;20;59;0.00;.00;
2025;07;20;60;0.00;.00;
2025;07;20;61;0.00;-8.00;
2025;07;20;62;-0.66;-5.10;
2025;07;20;63;-0.81;-.81;
2025;07;20;64;-0.66;-.66;
2025;07;20;65;0.99;-1.01;
2025;07;20;66;0.00;-1.00;
2025;07;20;67;0.00;-.65;
2025;07;20;68;0.00;-.47;
2025;07;20;69;0.00;-15.91;
2025;07;20;70;0.00;-10.00;
2025;07;20;71;0.00;-8.00;
2025;07;20;72;0.00;-1.21;
2025;07;20;73;0.00;-19.12;
2025;07;20;74;0.75;-12.00;
2025;07;20;75;4.31;-7.00;
2025;07;20;76;4.31;.00;
2025;07;20;77;-2.00;-18.62;
2025;07;20;78;4.31;-8.62;
2025;07;20;79;8.60;3.60;
2025;07;20;80;53.29;37.00;
2025;07;20;81;-4.12;-4.12;
2025;07;20;82;13.81;13.81;
2025;07;20;83;49.10;49.10;
2025;07;20;84;76.41;76.41;
2025;07;20;85;38.84;38.84;
2025;07;20;86;59.31;59.31;
2025;07;20;87;72.80;72.80;
2025;07;20;88;75.30;75.30;
2025;07;20;89;78.20;78.20;
2025;07;20;90;77.83;77.83;
2025;07;20;91;78.34;78.34;
2025;07;20;92;72.00;72.00;
2025;07;20;93;76.26;76.26;
2025;07;20;94;70.26;70.26;
2025;07;20;95;64.26;64.26;
2025;07;20;96;51.28;51.28;
*
