MARGINALPIBC;
2026;03;07;1;83.91;83.91;
2026;03;07;2;77.10;77.10;
2026;03;07;3;68.42;68.42;
2026;03;07;4;62.00;62.00;
2026;03;07;5;60.00;60.00;
2026;03;07;6;60.00;60.00;
2026;03;07;7;54.30;54.30;
2026;03;07;8;53.30;53.30;
2026;03;07;9;64.40;64.40;
2026;03;07;10;62.13;62.13;
2026;03;07;11;62.12;62.12;
2026;03;07;12;62.42;62.42;
2026;03;07;13;56.02;56.02;
2026;03;07;14;59.74;59.74;
2026;03;07;15;59.00;59.00;
2026;03;07;16;62.66;62.66;
2026;03;07;17;56.59;56.59;
2026;03;07;18;55.65;55.65;
2026;03;07;19;59.85;59.85;
2026;03;07;20;58.53;58.53;
2026;03;07;21;58.18;58.18;
2026;03;07;22;56.29;56.29;
2026;03;07;23;55.70;55.70;
2026;03;07;24;61.03;61.03;
2026;03;07;25;67.81;67.81;
2026;03;07;26;72.62;72.62;
2026;03;07;27;77.77;77.77;
2026;03;07;28;77.96;77.96;
2026;03;07;29;77.77;77.77;
2026;03;07;30;77.77;77.77;
2026;03;07;31;77.77;77.77;
2026;03;07;32;80.06;80.06;
2026;03;07;33;80.60;80.60;
2026;03;07;34;78.00;78.00;
2026;03;07;35;73.43;73.43;
2026;03;07;36;60.16;60.16;
2026;03;07;37;74.65;74.65;
2026;03;07;38;63.86;63.86;
2026;03;07;39;65.00;65.00;
2026;03;07;40;55.43;55.43;
2026;03;07;41;57.45;57.45;
2026;03;07;42;49.60;49.60;
2026;03;07;43;43.32;43.32;
2026;03;07;44;33.66;33.66;
2026;03;07;45;33.65;33.65;
2026;03;07;46;33.01;33.01;
2026;03;07;47;20.54;20.54;
2026;03;07;48;20.20;20.20;
2026;03;07;49;23.20;23.20;
2026;03;07;50;20.80;20.80;
2026;03;07;51;20.00;20.00;
2026;03;07;52;18.00;18.00;
2026;03;07;53;10.50;10.50;
2026;03;07;54;6.88;6.88;
2026;03;07;55;5.94;5.94;
2026;03;07;56;9.96;9.96;
2026;03;07;57;11.71;11.71;
2026;03;07;58;20.05;20.05;
2026;03;07;59;23.60;23.60;
2026;03;07;60;34.00;34.00;
2026;03;07;61;33.01;33.01;
2026;03;07;62;33.01;33.01;
2026;03;07;63;33.00;33.00;
2026;03;07;64;33.00;33.00;
2026;03;07;65;29.00;29.00;
2026;03;07;66;31.49;31.49;
2026;03;07;67;34.60;34.60;
2026;03;07;68;55.00;55.00;
2026;03;07;69;39.21;39.21;
2026;03;07;70;45.78;45.78;
2026;03;07;71;62.10;62.10;
2026;03;07;72;74.18;74.18;
2026;03;07;73;70.81;70.81;
2026;03;07;74;77.77;78.19;
2026;03;07;75;74.60;110.20;
2026;03;07;76;100.50;108.50;
2026;03;07;77;80.20;123.63;
2026;03;07;78;118.40;128.40;
2026;03;07;79;125.23;128.34;
2026;03;07;80;126.11;126.11;
2026;03;07;81;119.38;123.63;
2026;03;07;82;115.27;121.72;
2026;03;07;83;115.00;117.02;
2026;03;07;84;108.00;108.00;
2026;03;07;85;102.26;118.21;
2026;03;07;86;97.01;117.02;
2026;03;07;87;93.10;110.20;
2026;03;07;88;85.00;100.00;
2026;03;07;89;84.61;103.93;
2026;03;07;90;81.90;94.00;
2026;03;07;91;70.00;110.00;
2026;03;07;92;81.38;96.73;
2026;03;07;93;81.91;96.60;
2026;03;07;94;81.01;81.01;
2026;03;07;95;77.77;88.32;
2026;03;07;96;79.25;79.25;
*
