MARGINALPIBC;
2026;06;05;1;85.48;85.48;
2026;06;05;2;85.27;85.27;
2026;06;05;3;85.20;85.20;
2026;06;05;4;83.60;83.60;
2026;06;05;5;82.19;82.19;
2026;06;05;6;82.19;82.19;
2026;06;05;7;82.19;82.19;
2026;06;05;8;82.19;82.19;
2026;06;05;9;75.00;75.00;
2026;06;05;10;73.48;73.48;
2026;06;05;11;88.28;88.28;
2026;06;05;12;88.43;88.43;
2026;06;05;13;85.17;85.17;
2026;06;05;14;83.48;83.48;
2026;06;05;15;83.50;83.50;
2026;06;05;16;83.50;83.50;
2026;06;05;17;85.48;85.48;
2026;06;05;18;85.47;85.47;
2026;06;05;19;83.52;83.52;
2026;06;05;20;69.10;69.10;
2026;06;05;21;70.00;70.00;
2026;06;05;22;69.00;69.00;
2026;06;05;23;70.00;70.00;
2026;06;05;24;72.43;72.43;
2026;06;05;25;65.00;65.00;
2026;06;05;26;69.00;69.00;
2026;06;05;27;75.00;75.00;
2026;06;05;28;82.19;82.19;
2026;06;05;29;97.01;97.01;
2026;06;05;30;91.89;91.89;
2026;06;05;31;82.19;82.19;
2026;06;05;32;72.08;72.08;
2026;06;05;33;82.19;82.19;
2026;06;05;34;77.65;77.65;
2026;06;05;35;51.56;51.56;
2026;06;05;36;15.00;15.00;
2026;06;05;37;38.66;38.66;
2026;06;05;38;26.00;26.00;
2026;06;05;39;10.50;10.50;
2026;06;05;40;5.41;5.41;
2026;06;05;41;5.73;5.73;
2026;06;05;42;2.50;2.50;
2026;06;05;43;3.04;3.04;
2026;06;05;44;2.31;1.95;
2026;06;05;45;6.17;.64;
2026;06;05;46;6.17;.41;
2026;06;05;47;6.17;.00;
2026;06;05;48;4.17;-.29;
2026;06;05;49;8.15;8.15;
2026;06;05;50;9.08;9.08;
2026;06;05;51;12.20;12.20;
2026;06;05;52;9.08;9.08;
2026;06;05;53;8.29;8.29;
2026;06;05;54;6.17;6.17;
2026;06;05;55;6.17;6.17;
2026;06;05;56;4.17;4.17;
2026;06;05;57;6.17;6.17;
2026;06;05;58;6.17;6.17;
2026;06;05;59;3.95;3.95;
2026;06;05;60;2.18;2.18;
2026;06;05;61;2.00;.84;
2026;06;05;62;0.84;.84;
2026;06;05;63;0.66;.31;
2026;06;05;64;0.31;.31;
2026;06;05;65;0.66;.51;
2026;06;05;66;2.00;.84;
2026;06;05;67;2.00;1.50;
2026;06;05;68;2.31;2.31;
2026;06;05;69;4.83;4.83;
2026;06;05;70;6.17;6.17;
2026;06;05;71;19.20;19.20;
2026;06;05;72;28.00;28.00;
2026;06;05;73;20.35;20.35;
2026;06;05;74;25.10;25.10;
2026;06;05;75;20.98;20.98;
2026;06;05;76;32.91;32.91;
2026;06;05;77;38.50;38.50;
2026;06;05;78;52.01;52.01;
2026;06;05;79;76.41;76.41;
2026;06;05;80;87.06;87.06;
2026;06;05;81;84.36;84.36;
2026;06;05;82;96.76;96.76;
2026;06;05;83;109.98;109.98;
2026;06;05;84;135.00;135.00;
2026;06;05;85;112.70;112.70;
2026;06;05;86;118.32;118.32;
2026;06;05;87;121.85;121.85;
2026;06;05;88;118.40;118.40;
2026;06;05;89;128.68;128.68;
2026;06;05;90;125.70;125.70;
2026;06;05;91;127.89;127.89;
2026;06;05;92;123.51;123.51;
2026;06;05;93;128.00;128.00;
2026;06;05;94;123.68;123.68;
2026;06;05;95;123.82;123.82;
2026;06;05;96;108.24;108.24;
*
