MARGINALPIBC;
2025;02;13;1;126.00;126.00;
2025;02;13;2;116.07;116.07;
2025;02;13;3;118.94;118.94;
2025;02;13;4;113.09;113.09;
2025;02;13;5;106.90;106.90;
2025;02;13;6;98.67;98.67;
2025;02;13;7;125.54;125.54;
2025;02;13;8;157.55;157.55;
2025;02;13;9;192.20;192.20;
2025;02;13;10;136.40;136.40;
2025;02;13;11;100.00;100.00;
2025;02;13;12;92.34;92.34;
2025;02;13;13;86.46;86.46;
2025;02;13;14;80.90;80.90;
2025;02;13;15;77.00;77.00;
2025;02;13;16;80.70;80.70;
2025;02;13;17;92.10;92.10;
2025;02;13;18;122.50;122.50;
2025;02;13;19;186.96;186.96;
2025;02;13;20;198.27;198.27;
2025;02;13;21;200.00;200.00;
2025;02;13;22;164.53;164.53;
2025;02;13;23;153.12;153.12;
2025;02;13;24;138.99;138.99;
*
