MARGINALPIBC;
2025;05;26;1;26.26;26.26;
2025;05;26;2;18.69;18.69;
2025;05;26;3;16.25;16.25;
2025;05;26;4;11.25;11.25;
2025;05;26;5;18.04;18.04;
2025;05;26;6;13.04;13.04;
2025;05;26;7;13.00;13.00;
2025;05;26;8;8.04;8.04;
2025;05;26;9;16.64;16.64;
2025;05;26;10;15.64;15.64;
2025;05;26;11;11.64;11.64;
2025;05;26;12;6.64;6.64;
2025;05;26;13;11.53;11.53;
2025;05;26;14;11.53;11.53;
2025;05;26;15;10.43;10.43;
2025;05;26;16;9.43;9.43;
2025;05;26;17;11.40;11.40;
2025;05;26;18;12.40;12.40;
2025;05;26;19;14.22;14.22;
2025;05;26;20;16.40;16.40;
2025;05;26;21;10.00;10.00;
2025;05;26;22;10.00;10.00;
2025;05;26;23;15.00;15.00;
2025;05;26;24;25.00;25.00;
2025;05;26;25;15.00;15.00;
2025;05;26;26;15.79;15.79;
2025;05;26;27;25.33;25.33;
2025;05;26;28;35.00;35.00;
2025;05;26;29;42.01;42.01;
2025;05;26;30;46.34;46.34;
2025;05;26;31;35.05;35.05;
2025;05;26;32;25.01;25.01;
2025;05;26;33;58.68;58.68;
2025;05;26;34;40.30;40.30;
2025;05;26;35;5.01;5.01;
2025;05;26;36;0.01;.01;
2025;05;26;37;17.31;8.01;
2025;05;26;38;29.31;.01;
2025;05;26;39;14.31;-5.00;
2025;05;26;40;9.31;-8.60;
2025;05;26;41;35.79;.00;
2025;05;26;42;20.79;-1.00;
2025;05;26;43;6.00;-6.39;
2025;05;26;44;4.69;-8.00;
2025;05;26;45;4.31;-.01;
2025;05;26;46;4.16;-.07;
2025;05;26;47;4.01;-4.74;
2025;05;26;48;4.01;-6.87;
2025;05;26;49;9.00;-5.00;
2025;05;26;50;8.91;-5.01;
2025;05;26;51;8.91;-5.51;
2025;05;26;52;8.91;-5.00;
2025;05;26;53;4.31;-5.00;
2025;05;26;54;4.31;-5.01;
2025;05;26;55;4.31;-5.00;
2025;05;26;56;4.31;-6.40;
2025;05;26;57;4.31;-.02;
2025;05;26;58;4.11;-.02;
2025;05;26;59;4.11;-.07;
2025;05;26;60;3.69;-.07;
2025;05;26;61;4.31;-.50;
2025;05;26;62;4.31;-3.48;
2025;05;26;63;4.31;-3.50;
2025;05;26;64;4.31;-1.54;
2025;05;26;65;4.31;-5.00;
2025;05;26;66;4.31;-4.97;
2025;05;26;67;4.31;-.80;
2025;05;26;68;4.31;-.07;
2025;05;26;69;4.31;-5.79;
2025;05;26;70;4.31;-4.01;
2025;05;26;71;5.00;.00;
2025;05;26;72;5.76;.00;
2025;05;26;73;3.90;-6.43;
2025;05;26;74;4.31;-3.48;
2025;05;26;75;4.31;3.26;
2025;05;26;76;4.31;4.31;
2025;05;26;77;-1.51;-10.44;
2025;05;26;78;0.00;-5.00;
2025;05;26;79;16.36;16.36;
2025;05;26;80;55.11;55.11;
2025;05;26;81;5.51;5.51;
2025;05;26;82;25.09;25.09;
2025;05;26;83;48.97;48.97;
2025;05;26;84;65.10;65.10;
2025;05;26;85;75.10;75.10;
2025;05;26;86;76.07;76.07;
2025;05;26;87;76.06;76.06;
2025;05;26;88;66.16;66.16;
2025;05;26;89;65.01;65.13;
2025;05;26;90;60.14;60.14;
2025;05;26;91;57.14;57.14;
2025;05;26;92;50.14;50.14;
2025;05;26;93;45.00;45.00;
2025;05;26;94;35.33;35.33;
2025;05;26;95;30.33;30.33;
2025;05;26;96;25.33;25.33;
*
