MARGINALPIBC;
2025;11;17;1;79.83;79.83;
2025;11;17;2;74.71;74.71;
2025;11;17;3;68.66;68.66;
2025;11;17;4;67.32;67.32;
2025;11;17;5;67.17;67.17;
2025;11;17;6;67.02;67.02;
2025;11;17;7;69.05;69.05;
2025;11;17;8;66.79;66.79;
2025;11;17;9;67.14;67.14;
2025;11;17;10;66.20;66.20;
2025;11;17;11;66.00;66.00;
2025;11;17;12;66.00;66.00;
2025;11;17;13;64.95;64.95;
2025;11;17;14;64.95;64.95;
2025;11;17;15;64.95;64.95;
2025;11;17;16;64.86;64.86;
2025;11;17;17;64.86;64.86;
2025;11;17;18;60.37;60.37;
2025;11;17;19;64.95;64.95;
2025;11;17;20;66.44;66.44;
2025;11;17;21;65.19;65.19;
2025;11;17;22;69.95;69.95;
2025;11;17;23;69.95;69.95;
2025;11;17;24;69.95;69.95;
2025;11;17;25;69.95;69.95;
2025;11;17;26;64.95;64.95;
2025;11;17;27;69.99;69.99;
2025;11;17;28;79.57;79.57;
2025;11;17;29;86.23;86.23;
2025;11;17;30;97.61;97.61;
2025;11;17;31;114.10;114.10;
2025;11;17;32;116.74;116.74;
2025;11;17;33;138.49;138.49;
2025;11;17;34;122.64;122.64;
2025;11;17;35;115.10;115.10;
2025;11;17;36;98.16;98.16;
2025;11;17;37;85.71;85.71;
2025;11;17;38;82.53;82.53;
2025;11;17;39;80.37;80.37;
2025;11;17;40;80.37;80.37;
2025;11;17;41;80.42;80.42;
2025;11;17;42;79.01;79.01;
2025;11;17;43;68.17;68.17;
2025;11;17;44;62.20;62.20;
2025;11;17;45;63.40;63.40;
2025;11;17;46;57.10;57.10;
2025;11;17;47;52.78;52.78;
2025;11;17;48;48.02;48.02;
2025;11;17;49;55.49;55.49;
2025;11;17;50;48.27;48.27;
2025;11;17;51;45.84;45.84;
2025;11;17;52;50.00;50.00;
2025;11;17;53;44.41;44.41;
2025;11;17;54;39.85;39.85;
2025;11;17;55;40.01;40.01;
2025;11;17;56;39.61;39.61;
2025;11;17;57;35.00;35.00;
2025;11;17;58;38.47;38.47;
2025;11;17;59;38.09;38.09;
2025;11;17;60;39.12;39.12;
2025;11;17;61;39.87;39.87;
2025;11;17;62;40.24;40.24;
2025;11;17;63;45.81;45.81;
2025;11;17;64;55.00;55.00;
2025;11;17;65;46.00;46.00;
2025;11;17;66;63.30;63.30;
2025;11;17;67;75.91;75.91;
2025;11;17;68;82.12;82.12;
2025;11;17;69;82.37;82.37;
2025;11;17;70;86.79;86.79;
2025;11;17;71;93.17;93.17;
2025;11;17;72;99.90;99.90;
2025;11;17;73;101.50;101.50;
2025;11;17;74;110.51;110.51;
2025;11;17;75;111.99;111.99;
2025;11;17;76;112.23;112.23;
2025;11;17;77;109.49;109.49;
2025;11;17;78;107.15;107.15;
2025;11;17;79;103.65;103.65;
2025;11;17;80;102.31;102.31;
2025;11;17;81;102.94;102.94;
2025;11;17;82;102.19;102.19;
2025;11;17;83;98.27;98.27;
2025;11;17;84;90.47;90.47;
2025;11;17;85;86.70;86.70;
2025;11;17;86;86.79;86.79;
2025;11;17;87;82.63;82.63;
2025;11;17;88;81.02;81.02;
2025;11;17;89;88.72;88.72;
2025;11;17;90;86.50;86.50;
2025;11;17;91;87.03;87.03;
2025;11;17;92;86.70;86.70;
2025;11;17;93;86.00;86.00;
2025;11;17;94;83.42;83.42;
2025;11;17;95;82.37;82.37;
2025;11;17;96;82.00;82.00;
*
