MARGINALPIBC;
2026;03;23;1;20.85;20.85;
2026;03;23;2;19.81;19.81;
2026;03;23;3;14.00;14.00;
2026;03;23;4;14.00;14.00;
2026;03;23;5;14.00;14.00;
2026;03;23;6;14.00;14.00;
2026;03;23;7;14.00;14.00;
2026;03;23;8;12.00;12.00;
2026;03;23;9;12.00;12.00;
2026;03;23;10;11.80;11.80;
2026;03;23;11;10.76;10.76;
2026;03;23;12;10.60;10.60;
2026;03;23;13;11.80;11.80;
2026;03;23;14;10.76;10.76;
2026;03;23;15;13.00;13.00;
2026;03;23;16;14.00;14.00;
2026;03;23;17;12.47;12.47;
2026;03;23;18;13.80;13.80;
2026;03;23;19;14.00;14.00;
2026;03;23;20;15.14;15.14;
2026;03;23;21;12.80;12.80;
2026;03;23;22;14.00;14.00;
2026;03;23;23;16.80;16.80;
2026;03;23;24;20.06;20.06;
2026;03;23;25;19.66;19.66;
2026;03;23;26;37.11;37.11;
2026;03;23;27;65.01;65.01;
2026;03;23;28;75.36;75.36;
2026;03;23;29;75.99;75.99;
2026;03;23;30;85.01;85.01;
2026;03;23;31;85.01;85.01;
2026;03;23;32;75.99;75.99;
2026;03;23;33;71.50;71.50;
2026;03;23;34;55.93;55.93;
2026;03;23;35;40.52;40.52;
2026;03;23;36;8.35;8.35;
2026;03;23;37;3.07;3.07;
2026;03;23;38;2.00;2.00;
2026;03;23;39;0.65;.65;
2026;03;23;40;0.84;.84;
2026;03;23;41;0.90;.90;
2026;03;23;42;0.00;.00;
2026;03;23;43;0.00;.00;
2026;03;23;44;0.00;-.20;
2026;03;23;45;0.00;.00;
2026;03;23;46;0.00;.00;
2026;03;23;47;0.00;.00;
2026;03;23;48;0.00;.00;
2026;03;23;49;0.00;.00;
2026;03;23;50;0.00;.00;
2026;03;23;51;0.00;.00;
2026;03;23;52;0.00;.00;
2026;03;23;53;0.00;.00;
2026;03;23;54;0.00;.00;
2026;03;23;55;0.00;.00;
2026;03;23;56;0.00;.00;
2026;03;23;57;0.00;.00;
2026;03;23;58;0.00;.00;
2026;03;23;59;0.00;.00;
2026;03;23;60;0.00;.00;
2026;03;23;61;0.00;.00;
2026;03;23;62;0.00;.00;
2026;03;23;63;0.90;.90;
2026;03;23;64;0.90;.90;
2026;03;23;65;0.90;.90;
2026;03;23;66;0.90;.90;
2026;03;23;67;1.09;1.09;
2026;03;23;68;2.00;2.00;
2026;03;23;69;3.00;3.00;
2026;03;23;70;16.62;16.62;
2026;03;23;71;29.11;29.11;
2026;03;23;72;37.90;37.90;
2026;03;23;73;16.00;16.00;
2026;03;23;74;21.83;21.83;
2026;03;23;75;75.99;75.99;
2026;03;23;76;86.97;86.97;
2026;03;23;77;86.97;86.97;
2026;03;23;78;105.00;105.00;
2026;03;23;79;121.39;121.39;
2026;03;23;80;134.50;134.50;
2026;03;23;81;143.59;143.59;
2026;03;23;82;146.90;146.90;
2026;03;23;83;138.50;138.50;
2026;03;23;84;130.07;130.07;
2026;03;23;85;134.09;134.09;
2026;03;23;86;128.48;128.48;
2026;03;23;87;116.22;116.22;
2026;03;23;88;96.37;96.37;
2026;03;23;89;115.00;115.00;
2026;03;23;90;99.35;99.35;
2026;03;23;91;96.44;96.44;
2026;03;23;92;86.97;86.97;
2026;03;23;93;86.11;86.11;
2026;03;23;94;86.46;86.46;
2026;03;23;95;86.89;86.89;
2026;03;23;96;85.01;85.01;
*
