MARGINALPIBC;
2025;09;01;1;40.79;40.79;
2025;09;01;2;33.28;33.28;
2025;09;01;3;26.74;26.74;
2025;09;01;4;20.01;20.01;
2025;09;01;5;26.13;26.13;
2025;09;01;6;18.07;18.07;
2025;09;01;7;15.07;15.07;
2025;09;01;8;11.00;11.00;
2025;09;01;9;28.66;28.66;
2025;09;01;10;22.49;22.49;
2025;09;01;11;22.25;22.25;
2025;09;01;12;19.34;19.34;
2025;09;01;13;17.64;17.64;
2025;09;01;14;16.13;16.13;
2025;09;01;15;14.64;14.64;
2025;09;01;16;13.13;13.13;
2025;09;01;17;12.00;12.00;
2025;09;01;18;12.00;12.00;
2025;09;01;19;12.00;12.00;
2025;09;01;20;12.00;12.00;
2025;09;01;21;17.12;17.12;
2025;09;01;22;20.20;20.20;
2025;09;01;23;22.21;22.21;
2025;09;01;24;25.21;25.21;
2025;09;01;25;23.25;23.25;
2025;09;01;26;26.50;26.50;
2025;09;01;27;33.03;33.03;
2025;09;01;28;41.22;41.22;
2025;09;01;29;42.60;42.60;
2025;09;01;30;45.93;45.93;
2025;09;01;31;53.18;53.18;
2025;09;01;32;55.11;55.11;
2025;09;01;33;75.00;75.00;
2025;09;01;34;67.78;67.78;
2025;09;01;35;56.05;56.05;
2025;09;01;36;32.17;32.17;
2025;09;01;37;65.14;65.14;
2025;09;01;38;45.24;45.24;
2025;09;01;39;14.79;14.79;
2025;09;01;40;6.03;6.03;
2025;09;01;41;7.52;7.52;
2025;09;01;42;3.52;3.52;
2025;09;01;43;1.05;-.48;
2025;09;01;44;3.51;-4.12;
2025;09;01;45;4.31;.00;
2025;09;01;46;4.31;-.48;
2025;09;01;47;2.72;-1.51;
2025;09;01;48;0.49;-3.62;
2025;09;01;49;4.31;-1.21;
2025;09;01;50;4.31;-3.62;
2025;09;01;51;4.31;-3.62;
2025;09;01;52;4.31;-1.15;
2025;09;01;53;4.31;-.17;
2025;09;01;54;0.00;-.49;
2025;09;01;55;0.00;-.20;
2025;09;01;56;-1.21;-1.21;
2025;09;01;57;0.00;-1.01;
2025;09;01;58;0.00;-.73;
2025;09;01;59;0.00;-.70;
2025;09;01;60;0.00;-.78;
2025;09;01;61;0.00;-.87;
2025;09;01;62;0.00;-.82;
2025;09;01;63;0.00;-1.21;
2025;09;01;64;0.00;-.21;
2025;09;01;65;0.00;-3.89;
2025;09;01;66;0.00;-2.10;
2025;09;01;67;0.00;-.01;
2025;09;01;68;0.00;.00;
2025;09;01;69;-4.44;-5.00;
2025;09;01;70;0.00;-3.99;
2025;09;01;71;0.00;.00;
2025;09;01;72;4.31;.00;
2025;09;01;73;3.05;-8.85;
2025;09;01;74;3.51;-4.48;
2025;09;01;75;4.31;4.31;
2025;09;01;76;25.97;25.97;
2025;09;01;77;10.01;10.01;
2025;09;01;78;29.69;29.69;
2025;09;01;79;66.20;66.20;
2025;09;01;80;81.58;81.58;
2025;09;01;81;48.38;48.38;
2025;09;01;82;72.46;72.46;
2025;09;01;83;81.71;81.71;
2025;09;01;84;87.36;87.36;
2025;09;01;85;94.01;94.01;
2025;09;01;86;94.26;94.26;
2025;09;01;87;94.26;94.26;
2025;09;01;88;94.00;94.00;
2025;09;01;89;87.05;87.05;
2025;09;01;90;85.40;85.40;
2025;09;01;91;84.03;84.03;
2025;09;01;92;82.70;82.70;
2025;09;01;93;79.99;79.99;
2025;09;01;94;75.00;75.00;
2025;09;01;95;73.99;73.99;
2025;09;01;96;71.35;71.35;
*
