MARGINALPIBC;
2026;03;03;1;30.00;42.01;
2026;03;03;2;30.00;35.00;
2026;03;03;3;29.80;23.80;
2026;03;03;4;0.01;22.74;
2026;03;03;5;0.01;20.84;
2026;03;03;6;0.01;16.39;
2026;03;03;7;0.01;18.06;
2026;03;03;8;0.01;18.69;
2026;03;03;9;0.01;22.11;
2026;03;03;10;0.01;23.15;
2026;03;03;11;0.01;23.00;
2026;03;03;12;0.01;23.00;
2026;03;03;13;0.01;23.10;
2026;03;03;14;0.01;23.15;
2026;03;03;15;0.01;23.15;
2026;03;03;16;0.01;23.15;
2026;03;03;17;0.01;23.00;
2026;03;03;18;0.01;23.15;
2026;03;03;19;0.01;23.00;
2026;03;03;20;0.01;23.00;
2026;03;03;21;0.01;18.01;
2026;03;03;22;0.01;23.00;
2026;03;03;23;0.01;23.35;
2026;03;03;24;0.01;23.15;
2026;03;03;25;13.03;23.35;
2026;03;03;26;13.75;10.88;
2026;03;03;27;17.00;22.41;
2026;03;03;28;20.73;23.80;
2026;03;03;29;30.00;22.75;
2026;03;03;30;25.63;52.01;
2026;03;03;31;25.64;77.57;
2026;03;03;32;27.76;86.03;
2026;03;03;33;27.24;85.69;
2026;03;03;34;25.64;79.13;
2026;03;03;35;25.63;45.01;
2026;03;03;36;21.16;28.54;
2026;03;03;37;29.20;24.30;
2026;03;03;38;18.20;27.15;
2026;03;03;39;18.00;23.20;
2026;03;03;40;5.09;23.00;
2026;03;03;41;0.01;23.50;
2026;03;03;42;0.01;14.00;
2026;03;03;43;0.01;3.78;
2026;03;03;44;0.01;3.28;
2026;03;03;45;0.01;3.78;
2026;03;03;46;0.01;3.28;
2026;03;03;47;0.01;3.11;
2026;03;03;48;0.01;2.85;
2026;03;03;49;0.01;2.73;
2026;03;03;50;0.01;1.99;
2026;03;03;51;0.01;1.75;
2026;03;03;52;0.01;1.72;
2026;03;03;53;2.00;1.60;
2026;03;03;54;2.00;1.50;
2026;03;03;55;2.00;1.00;
2026;03;03;56;2.00;.91;
2026;03;03;57;2.00;1.10;
2026;03;03;58;2.00;1.10;
2026;03;03;59;2.00;1.50;
2026;03;03;60;2.00;1.72;
2026;03;03;61;2.00;.91;
2026;03;03;62;2.00;.91;
2026;03;03;63;2.00;.91;
2026;03;03;64;2.00;1.72;
2026;03;03;65;2.00;1.98;
2026;03;03;66;2.98;2.98;
2026;03;03;67;3.65;3.50;
2026;03;03;68;8.78;3.78;
2026;03;03;69;3.93;3.78;
2026;03;03;70;4.57;5.00;
2026;03;03;71;0.00;20.00;
2026;03;03;72;0.01;22.80;
2026;03;03;73;0.02;22.11;
2026;03;03;74;0.02;34.85;
2026;03;03;75;0.02;70.02;
2026;03;03;76;1.68;91.69;
2026;03;03;77;27.01;103.10;
2026;03;03;78;40.99;102.45;
2026;03;03;79;64.84;103.00;
2026;03;03;80;76.59;106.60;
2026;03;03;81;94.59;106.70;
2026;03;03;82;88.27;100.48;
2026;03;03;83;75.23;90.25;
2026;03;03;84;67.26;87.12;
2026;03;03;85;57.56;76.58;
2026;03;03;86;55.72;70.74;
2026;03;03;87;52.99;70.00;
2026;03;03;88;38.03;50.03;
2026;03;03;89;54.59;83.87;
2026;03;03;90;38.23;70.24;
2026;03;03;91;44.18;76.20;
2026;03;03;92;11.63;65.65;
2026;03;03;93;9.92;66.93;
2026;03;03;94;5.01;50.00;
2026;03;03;95;5.00;47.51;
2026;03;03;96;4.99;25.01;
*
