MARGINALPIBC;
2026;06;11;1;62.44;62.44;
2026;06;11;2;59.28;59.28;
2026;06;11;3;58.35;58.35;
2026;06;11;4;56.17;56.17;
2026;06;11;5;53.21;53.21;
2026;06;11;6;51.80;51.80;
2026;06;11;7;40.00;40.00;
2026;06;11;8;30.00;30.00;
2026;06;11;9;31.59;31.59;
2026;06;11;10;33.00;33.00;
2026;06;11;11;30.06;30.06;
2026;06;11;12;31.02;31.02;
2026;06;11;13;30.06;30.06;
2026;06;11;14;30.06;30.06;
2026;06;11;15;30.00;30.00;
2026;06;11;16;30.00;30.00;
2026;06;11;17;34.00;34.00;
2026;06;11;18;33.41;33.41;
2026;06;11;19;36.75;36.75;
2026;06;11;20;38.09;38.09;
2026;06;11;21;37.84;37.84;
2026;06;11;22;36.59;36.59;
2026;06;11;23;44.60;44.60;
2026;06;11;24;56.30;56.30;
2026;06;11;25;47.28;47.28;
2026;06;11;26;53.40;53.40;
2026;06;11;27;56.44;56.44;
2026;06;11;28;62.45;62.45;
2026;06;11;29;76.74;76.74;
2026;06;11;30;68.63;68.63;
2026;06;11;31;59.24;59.24;
2026;06;11;32;50.00;50.00;
2026;06;11;33;50.00;50.00;
2026;06;11;34;25.00;25.00;
2026;06;11;35;14.74;14.74;
2026;06;11;36;1.00;1.00;
2026;06;11;37;6.57;6.57;
2026;06;11;38;1.35;1.35;
2026;06;11;39;0.39;.04;
2026;06;11;40;6.99;-9.00;
2026;06;11;41;1.79;-5.20;
2026;06;11;42;1.79;-7.44;
2026;06;11;43;1.79;-11.11;
2026;06;11;44;1.36;.00;
2026;06;11;45;0.00;-5.00;
2026;06;11;46;0.84;.84;
2026;06;11;47;0.49;.49;
2026;06;11;48;0.34;.34;
2026;06;11;49;0.14;.14;
2026;06;11;50;0.01;.01;
2026;06;11;51;0.17;.17;
2026;06;11;52;0.00;.00;
2026;06;11;53;0.00;.00;
2026;06;11;54;0.00;.00;
2026;06;11;55;0.00;.00;
2026;06;11;56;0.00;.00;
2026;06;11;57;0.34;.34;
2026;06;11;58;0.34;.34;
2026;06;11;59;0.34;.34;
2026;06;11;60;0.04;.04;
2026;06;11;61;0.35;.00;
2026;06;11;62;0.35;.00;
2026;06;11;63;0.22;.00;
2026;06;11;64;0.35;-.01;
2026;06;11;65;0.22;-.01;
2026;06;11;66;0.35;-.01;
2026;06;11;67;0.45;-.01;
2026;06;11;68;1.36;.00;
2026;06;11;69;1.36;-16.00;
2026;06;11;70;1.79;-10.82;
2026;06;11;71;1.79;-.99;
2026;06;11;72;1.85;.01;
2026;06;11;73;1.36;1.34;
2026;06;11;74;5.59;5.59;
2026;06;11;75;17.48;17.48;
2026;06;11;76;26.53;26.53;
2026;06;11;77;10.48;10.48;
2026;06;11;78;21.68;21.68;
2026;06;11;79;15.60;15.60;
2026;06;11;80;30.00;30.00;
2026;06;11;81;41.15;17.24;
2026;06;11;82;55.04;55.04;
2026;06;11;83;84.14;84.14;
2026;06;11;84;106.00;106.00;
2026;06;11;85;105.13;105.13;
2026;06;11;86;112.16;112.16;
2026;06;11;87;114.42;114.42;
2026;06;11;88;114.01;114.01;
2026;06;11;89;110.00;110.00;
2026;06;11;90;106.00;106.00;
2026;06;11;91;98.31;98.31;
2026;06;11;92;90.61;90.61;
2026;06;11;93;91.23;91.23;
2026;06;11;94;86.68;86.68;
2026;06;11;95;71.88;71.88;
2026;06;11;96;51.98;51.98;
*
