MARGINALPIBC;
2025;10;24;1;95.21;95.21;
2025;10;24;2;95.21;95.21;
2025;10;24;3;92.53;92.53;
2025;10;24;4;89.41;89.41;
2025;10;24;5;90.47;90.47;
2025;10;24;6;88.87;88.87;
2025;10;24;7;87.47;87.47;
2025;10;24;8;87.01;87.01;
2025;10;24;9;85.87;85.87;
2025;10;24;10;85.87;85.87;
2025;10;24;11;85.87;85.87;
2025;10;24;12;85.87;85.87;
2025;10;24;13;85.50;85.50;
2025;10;24;14;85.11;85.11;
2025;10;24;15;84.97;84.97;
2025;10;24;16;84.97;84.97;
2025;10;24;17;84.86;84.86;
2025;10;24;18;84.96;84.96;
2025;10;24;19;85.51;85.51;
2025;10;24;20;85.73;85.73;
2025;10;24;21;85.87;85.87;
2025;10;24;22;86.51;86.51;
2025;10;24;23;87.47;87.47;
2025;10;24;24;88.90;88.90;
2025;10;24;25;94.02;94.02;
2025;10;24;26;95.57;95.57;
2025;10;24;27;96.41;96.41;
2025;10;24;28;98.06;98.06;
2025;10;24;29;111.52;111.52;
2025;10;24;30;115.00;115.00;
2025;10;24;31;129.73;129.73;
2025;10;24;32;148.18;148.18;
2025;10;24;33;148.93;148.93;
2025;10;24;34;151.18;151.18;
2025;10;24;35;151.42;151.42;
2025;10;24;36;151.18;151.18;
2025;10;24;37;150.87;150.87;
2025;10;24;38;123.50;123.50;
2025;10;24;39;105.69;105.69;
2025;10;24;40;97.51;97.51;
2025;10;24;41;90.00;90.00;
2025;10;24;42;89.53;89.53;
2025;10;24;43;82.50;82.50;
2025;10;24;44;74.08;74.08;
2025;10;24;45;80.01;74.04;
2025;10;24;46;77.50;67.50;
2025;10;24;47;69.50;54.51;
2025;10;24;48;59.00;54.06;
2025;10;24;49;63.50;48.41;
2025;10;24;50;63.33;46.07;
2025;10;24;51;63.33;45.31;
2025;10;24;52;63.12;40.00;
2025;10;24;53;62.87;38.50;
2025;10;24;54;62.87;30.00;
2025;10;24;55;62.01;25.00;
2025;10;24;56;62.01;22.08;
2025;10;24;57;62.01;16.57;
2025;10;24;58;62.01;16.57;
2025;10;24;59;62.01;13.96;
2025;10;24;60;62.01;8.10;
2025;10;24;61;62.01;11.27;
2025;10;24;62;62.01;12.60;
2025;10;24;63;62.01;16.59;
2025;10;24;64;62.01;22.20;
2025;10;24;65;62.01;14.59;
2025;10;24;66;62.87;25.00;
2025;10;24;67;62.87;36.03;
2025;10;24;68;63.12;43.44;
2025;10;24;69;62.70;39.70;
2025;10;24;70;60.01;57.69;
2025;10;24;71;74.19;74.04;
2025;10;24;72;80.01;80.01;
2025;10;24;73;81.44;81.44;
2025;10;24;74;86.81;86.81;
2025;10;24;75;92.09;92.09;
2025;10;24;76;98.19;98.19;
2025;10;24;77;105.50;105.50;
2025;10;24;78;107.03;107.03;
2025;10;24;79;112.76;112.76;
2025;10;24;80;123.95;123.95;
2025;10;24;81;135.43;135.43;
2025;10;24;82;136.18;136.18;
2025;10;24;83;138.87;138.87;
2025;10;24;84;132.18;132.18;
2025;10;24;85;132.42;132.42;
2025;10;24;86;124.00;124.00;
2025;10;24;87;127.16;127.16;
2025;10;24;88;124.00;124.00;
2025;10;24;89;105.50;105.50;
2025;10;24;90;105.00;105.00;
2025;10;24;91;102.39;102.39;
2025;10;24;92;103.67;103.67;
2025;10;24;93;96.60;96.60;
2025;10;24;94;94.43;94.43;
2025;10;24;95;91.96;91.96;
2025;10;24;96;87.10;87.10;
*
