MARGINALPIBC;
2025;06;18;1;134.78;134.78;
2025;06;18;2;133.20;133.20;
2025;06;18;3;128.37;128.37;
2025;06;18;4;128.37;128.37;
2025;06;18;5;128.67;128.67;
2025;06;18;6;125.87;125.87;
2025;06;18;7;123.17;123.17;
2025;06;18;8;123.02;123.02;
2025;06;18;9;124.86;124.86;
2025;06;18;10;121.96;121.96;
2025;06;18;11;121.96;121.96;
2025;06;18;12;122.86;122.86;
2025;06;18;13;122.11;122.11;
2025;06;18;14;122.21;122.21;
2025;06;18;15;122.11;122.11;
2025;06;18;16;125.11;125.11;
2025;06;18;17;122.49;122.49;
2025;06;18;18;123.02;123.02;
2025;06;18;19;123.17;123.17;
2025;06;18;20;126.17;126.17;
2025;06;18;21;124.57;124.57;
2025;06;18;22;125.27;125.27;
2025;06;18;23;125.97;125.97;
2025;06;18;24;128.97;128.97;
2025;06;18;25;123.82;123.82;
2025;06;18;26;124.87;124.87;
2025;06;18;27;126.07;126.07;
2025;06;18;28;130.07;130.07;
2025;06;18;29;138.31;138.31;
2025;06;18;30;138.31;138.31;
2025;06;18;31;134.81;134.81;
2025;06;18;32;128.26;128.26;
2025;06;18;33;136.12;136.12;
2025;06;18;34;131.12;131.12;
2025;06;18;35;117.08;117.08;
2025;06;18;36;101.12;101.12;
2025;06;18;37;114.68;114.68;
2025;06;18;38;111.50;111.50;
2025;06;18;39;107.68;107.68;
2025;06;18;40;92.36;92.36;
2025;06;18;41;95.00;95.00;
2025;06;18;42;92.36;92.36;
2025;06;18;43;85.01;85.01;
2025;06;18;44;82.40;82.40;
2025;06;18;45;76.00;76.00;
2025;06;18;46;71.00;71.00;
2025;06;18;47;70.99;70.99;
2025;06;18;48;66.00;66.00;
2025;06;18;49;61.02;61.02;
2025;06;18;50;61.01;61.01;
2025;06;18;51;61.01;61.01;
2025;06;18;52;61.01;61.01;
2025;06;18;53;56.55;56.55;
2025;06;18;54;56.55;56.55;
2025;06;18;55;56.55;56.55;
2025;06;18;56;56.55;56.55;
2025;06;18;57;56.11;56.11;
2025;06;18;58;56.11;56.11;
2025;06;18;59;56.11;56.11;
2025;06;18;60;56.11;56.11;
2025;06;18;61;55.01;55.01;
2025;06;18;62;55.01;55.01;
2025;06;18;63;55.01;55.01;
2025;06;18;64;55.95;55.95;
2025;06;18;65;61.77;61.77;
2025;06;18;66;65.00;65.00;
2025;06;18;67;67.35;67.35;
2025;06;18;68;71.76;71.76;
2025;06;18;69;52.89;52.89;
2025;06;18;70;67.90;67.90;
2025;06;18;71;82.90;82.90;
2025;06;18;72;92.00;92.00;
2025;06;18;73;64.12;64.12;
2025;06;18;74;82.79;82.79;
2025;06;18;75;109.67;109.67;
2025;06;18;76;113.67;113.67;
2025;06;18;77;85.00;85.00;
2025;06;18;78;108.48;108.48;
2025;06;18;79;121.80;121.80;
2025;06;18;80;135.17;135.17;
2025;06;18;81;125.05;125.05;
2025;06;18;82;138.26;138.26;
2025;06;18;83;150.00;150.00;
2025;06;18;84;161.03;161.03;
2025;06;18;85;120.01;197.56;
2025;06;18;86;120.01;204.56;
2025;06;18;87;120.01;204.56;
2025;06;18;88;120.01;200.56;
2025;06;18;89;164.75;175.26;
2025;06;18;90;163.75;171.75;
2025;06;18;91;163.75;166.75;
2025;06;18;92;163.75;163.80;
2025;06;18;93;145.01;145.01;
2025;06;18;94;140.01;140.01;
2025;06;18;95;135.01;135.01;
2025;06;18;96;134.91;134.91;
*
