MARGINALPIBC;
2025;05;01;1;28.99;28.99;
2025;05;01;2;28.90;28.90;
2025;05;01;3;27.20;22.66;
2025;05;01;4;22.66;22.66;
2025;05;01;5;22.45;22.45;
2025;05;01;6;20.00;20.00;
2025;05;01;7;20.00;20.00;
2025;05;01;8;20.00;20.00;
2025;05;01;9;22.19;22.19;
2025;05;01;10;20.00;20.00;
2025;05;01;11;19.64;19.64;
2025;05;01;12;18.09;18.09;
2025;05;01;13;22.72;22.72;
2025;05;01;14;22.66;22.66;
2025;05;01;15;22.66;22.66;
2025;05;01;16;22.72;22.72;
2025;05;01;17;20.59;20.59;
2025;05;01;18;20.59;20.59;
2025;05;01;19;20.00;20.00;
2025;05;01;20;21.20;21.20;
2025;05;01;21;22.20;22.20;
2025;05;01;22;22.66;22.66;
2025;05;01;23;22.66;22.66;
2025;05;01;24;24.25;24.25;
2025;05;01;25;18.90;18.90;
2025;05;01;26;22.66;22.66;
2025;05;01;27;22.66;22.66;
2025;05;01;28;22.66;22.66;
2025;05;01;29;16.02;16.02;
2025;05;01;30;18.03;18.03;
2025;05;01;31;18.02;18.02;
2025;05;01;32;15.53;15.53;
2025;05;01;33;23.39;18.39;
2025;05;01;34;18.38;18.38;
2025;05;01;35;17.99;-1.62;
2025;05;01;36;6.90;-6.52;
2025;05;01;37;22.95;.85;
2025;05;01;38;22.95;.00;
2025;05;01;39;16.95;-9.00;
2025;05;01;40;10.95;-15.99;
2025;05;01;41;10.79;-.17;
2025;05;01;42;10.79;-3.00;
2025;05;01;43;6.00;-10.00;
2025;05;01;44;5.79;-15.01;
2025;05;01;45;5.76;-24.60;
2025;05;01;46;5.76;-39.90;
2025;05;01;47;5.10;-31.00;
2025;05;01;48;5.10;-36.00;
2025;05;01;49;5.10;-31.00;
2025;05;01;50;5.10;-40.00;
2025;05;01;51;5.10;-40.00;
2025;05;01;52;5.10;-40.00;
2025;05;01;53;5.76;-40.00;
2025;05;01;54;5.00;-40.00;
2025;05;01;55;5.00;-40.00;
2025;05;01;56;5.00;-40.00;
2025;05;01;57;5.00;-40.00;
2025;05;01;58;4.89;-40.00;
2025;05;01;59;4.89;-40.00;
2025;05;01;60;4.89;-40.00;
2025;05;01;61;4.68;-40.00;
2025;05;01;62;4.68;-40.00;
2025;05;01;63;4.68;-35.82;
2025;05;01;64;4.68;-25.00;
2025;05;01;65;4.89;-42.90;
2025;05;01;66;4.89;-25.00;
2025;05;01;67;5.00;-8.62;
2025;05;01;68;5.76;-7.48;
2025;05;01;69;5.10;-25.00;
2025;05;01;70;5.10;-10.00;
2025;05;01;71;6.00;-8.62;
2025;05;01;72;10.10;-8.00;
2025;05;01;73;11.50;-10.00;
2025;05;01;74;12.50;-8.62;
2025;05;01;75;13.50;-7.00;
2025;05;01;76;25.90;-5.17;
2025;05;01;77;2.10;-10.00;
2025;05;01;78;2.10;-8.62;
2025;05;01;79;14.79;-3.00;
2025;05;01;80;20.00;.65;
2025;05;01;81;5.40;-.10;
2025;05;01;82;11.00;9.99;
2025;05;01;83;25.01;25.01;
2025;05;01;84;30.00;30.00;
2025;05;01;85;54.70;55.00;
2025;05;01;86;54.70;55.00;
2025;05;01;87;54.79;55.00;
2025;05;01;88;45.00;45.00;
2025;05;01;89;49.90;49.90;
2025;05;01;90;40.50;40.50;
2025;05;01;91;35.30;35.50;
2025;05;01;92;35.29;35.50;
2025;05;01;93;21.88;21.88;
2025;05;01;94;13.88;13.88;
2025;05;01;95;11.00;11.00;
2025;05;01;96;11.00;11.00;
*
