MARGINALPIBC;
2026;07;09;1;164.08;164.08;
2026;07;09;2;162.33;162.33;
2026;07;09;3;160.01;160.01;
2026;07;09;4;160.01;160.01;
2026;07;09;5;156.98;156.98;
2026;07;09;6;153.02;153.02;
2026;07;09;7;152.28;152.28;
2026;07;09;8;150.68;150.68;
2026;07;09;9;157.08;157.08;
2026;07;09;10;156.79;156.79;
2026;07;09;11;155.01;155.01;
2026;07;09;12;155.01;155.01;
2026;07;09;13;159.26;159.26;
2026;07;09;14;157.09;157.09;
2026;07;09;15;157.10;157.10;
2026;07;09;16;157.08;157.08;
2026;07;09;17;157.09;157.09;
2026;07;09;18;155.59;155.59;
2026;07;09;19;155.58;155.58;
2026;07;09;20;155.60;155.60;
2026;07;09;21;158.45;158.45;
2026;07;09;22;155.81;155.81;
2026;07;09;23;159.11;159.11;
2026;07;09;24;157.25;157.25;
2026;07;09;25;156.80;156.80;
2026;07;09;26;155.01;155.01;
2026;07;09;27;155.60;155.60;
2026;07;09;28;158.54;158.54;
2026;07;09;29;165.56;165.56;
2026;07;09;30;164.58;164.58;
2026;07;09;31;159.47;159.47;
2026;07;09;32;151.17;151.17;
2026;07;09;33;155.00;155.00;
2026;07;09;34;155.01;155.01;
2026;07;09;35;134.54;134.54;
2026;07;09;36;119.19;119.19;
2026;07;09;37;129.00;129.00;
2026;07;09;38;113.56;113.56;
2026;07;09;39;90.20;90.20;
2026;07;09;40;78.13;78.13;
2026;07;09;41;87.81;87.81;
2026;07;09;42;81.93;81.93;
2026;07;09;43;72.85;72.85;
2026;07;09;44;63.81;63.81;
2026;07;09;45;73.11;69.73;
2026;07;09;46;73.11;72.00;
2026;07;09;47;72.61;60.50;
2026;07;09;48;67.15;39.10;
2026;07;09;49;67.15;40.62;
2026;07;09;50;67.15;38.88;
2026;07;09;51;69.51;38.77;
2026;07;09;52;62.52;30.00;
2026;07;09;53;67.15;33.06;
2026;07;09;54;62.48;26.92;
2026;07;09;55;55.01;19.49;
2026;07;09;56;55.01;15.57;
2026;07;09;57;52.90;25.10;
2026;07;09;58;52.89;27.67;
2026;07;09;59;41.05;38.46;
2026;07;09;60;41.05;38.07;
2026;07;09;61;73.11;37.00;
2026;07;09;62;73.11;38.05;
2026;07;09;63;73.11;37.00;
2026;07;09;64;73.11;42.00;
2026;07;09;65;69.98;49.41;
2026;07;09;66;69.98;53.38;
2026;07;09;67;69.98;69.73;
2026;07;09;68;75.00;75.00;
2026;07;09;69;75.00;75.00;
2026;07;09;70;80.78;80.78;
2026;07;09;71;91.78;91.78;
2026;07;09;72;91.09;91.09;
2026;07;09;73;98.20;98.20;
2026;07;09;74;105.87;105.87;
2026;07;09;75;111.67;111.67;
2026;07;09;76;115.49;115.49;
2026;07;09;77;95.00;95.00;
2026;07;09;78;113.21;113.21;
2026;07;09;79;127.40;127.40;
2026;07;09;80;141.07;141.07;
2026;07;09;81;136.16;136.16;
2026;07;09;82;144.74;144.74;
2026;07;09;83;152.56;152.56;
2026;07;09;84;169.16;169.16;
2026;07;09;85;166.89;166.89;
2026;07;09;86;169.41;175.41;
2026;07;09;87;169.52;175.36;
2026;07;09;88;169.71;169.71;
2026;07;09;89;171.69;178.00;
2026;07;09;90;167.70;167.70;
2026;07;09;91;168.80;168.80;
2026;07;09;92;163.46;163.46;
2026;07;09;93;164.45;164.45;
2026;07;09;94;155.21;155.21;
2026;07;09;95;154.52;154.52;
2026;07;09;96;155.01;155.01;
*
