MARGINALPIBC;
2025;08;15;1;114.07;114.07;
2025;08;15;2;111.13;111.13;
2025;08;15;3;108.08;108.08;
2025;08;15;4;107.16;107.16;
2025;08;15;5;101.10;101.10;
2025;08;15;6;98.28;98.28;
2025;08;15;7;94.77;94.77;
2025;08;15;8;88.93;88.93;
2025;08;15;9;94.90;94.90;
2025;08;15;10;91.58;91.58;
2025;08;15;11;90.00;90.00;
2025;08;15;12;88.91;88.91;
2025;08;15;13;91.23;91.23;
2025;08;15;14;90.79;90.79;
2025;08;15;15;89.98;89.98;
2025;08;15;16;88.93;88.93;
2025;08;15;17;88.67;88.67;
2025;08;15;18;87.66;87.66;
2025;08;15;19;88.58;88.58;
2025;08;15;20;88.66;88.66;
2025;08;15;21;81.16;81.16;
2025;08;15;22;81.16;81.16;
2025;08;15;23;81.16;81.16;
2025;08;15;24;85.05;85.05;
2025;08;15;25;90.99;90.99;
2025;08;15;26;91.93;91.93;
2025;08;15;27;92.79;92.79;
2025;08;15;28;93.50;93.50;
2025;08;15;29;93.02;93.02;
2025;08;15;30;92.53;92.53;
2025;08;15;31;91.46;91.46;
2025;08;15;32;89.38;89.38;
2025;08;15;33;92.31;92.31;
2025;08;15;34;86.40;86.40;
2025;08;15;35;56.89;56.89;
2025;08;15;36;40.00;40.00;
2025;08;15;37;86.55;86.55;
2025;08;15;38;73.97;73.97;
2025;08;15;39;30.74;30.74;
2025;08;15;40;4.31;4.31;
2025;08;15;41;24.11;24.11;
2025;08;15;42;9.68;9.68;
2025;08;15;43;5.00;5.00;
2025;08;15;44;0.52;.52;
2025;08;15;45;4.31;3.30;
2025;08;15;46;4.31;3.00;
2025;08;15;47;0.00;.00;
2025;08;15;48;-2.25;-6.28;
2025;08;15;49;1.08;.65;
2025;08;15;50;0.01;.01;
2025;08;15;51;-1.42;-1.42;
2025;08;15;52;-2.50;-2.50;
2025;08;15;53;0.00;.00;
2025;08;15;54;-1.50;-1.50;
2025;08;15;55;-1.50;-1.50;
2025;08;15;56;-2.50;-2.50;
2025;08;15;57;0.00;-2.50;
2025;08;15;58;-1.00;-1.00;
2025;08;15;59;0.00;.00;
2025;08;15;60;0.65;.65;
2025;08;15;61;0.22;.22;
2025;08;15;62;0.22;.22;
2025;08;15;63;2.43;2.43;
2025;08;15;64;4.72;4.72;
2025;08;15;65;18.28;1.50;
2025;08;15;66;18.28;15.54;
2025;08;15;67;22.40;22.40;
2025;08;15;68;23.53;23.53;
2025;08;15;69;10.01;10.01;
2025;08;15;70;20.01;20.01;
2025;08;15;71;33.23;33.23;
2025;08;15;72;65.95;65.95;
2025;08;15;73;21.12;21.12;
2025;08;15;74;40.01;40.01;
2025;08;15;75;76.12;76.12;
2025;08;15;76;92.02;92.02;
2025;08;15;77;51.54;51.54;
2025;08;15;78;92.82;92.82;
2025;08;15;79;100.85;100.85;
2025;08;15;80;121.99;121.99;
2025;08;15;81;89.01;89.01;
2025;08;15;82;104.91;104.91;
2025;08;15;83;111.54;111.54;
2025;08;15;84;118.75;118.75;
2025;08;15;85;134.75;134.75;
2025;08;15;86;135.75;135.75;
2025;08;15;87;137.52;137.52;
2025;08;15;88;137.52;137.52;
2025;08;15;89;137.00;137.00;
2025;08;15;90;134.90;134.90;
2025;08;15;91;134.90;134.90;
2025;08;15;92;130.17;130.17;
2025;08;15;93;117.63;117.63;
2025;08;15;94;114.68;114.68;
2025;08;15;95;109.79;109.79;
2025;08;15;96;107.83;107.83;
*
