MARGINALPIBC;
2026;01;31;1;-5.00;-5.00;
2026;01;31;2;-5.12;-5.12;
2026;01;31;3;-5.12;-5.12;
2026;01;31;4;-5.12;-5.12;
2026;01;31;5;-6.00;-6.00;
2026;01;31;6;-6.00;-6.00;
2026;01;31;7;-10.00;-10.00;
2026;01;31;8;-10.12;-10.12;
2026;01;31;9;-7.25;-7.25;
2026;01;31;10;-7.42;-7.42;
2026;01;31;11;-6.00;-6.00;
2026;01;31;12;-7.01;-7.01;
2026;01;31;13;-12.00;-6.49;
2026;01;31;14;-12.00;-6.00;
2026;01;31;15;-12.00;-8.07;
2026;01;31;16;-12.00;-8.25;
2026;01;31;17;-14.00;-8.33;
2026;01;31;18;-12.60;-8.41;
2026;01;31;19;-14.00;-8.51;
2026;01;31;20;-14.00;-8.61;
2026;01;31;21;-14.16;-14.16;
2026;01;31;22;-13.37;-13.37;
2026;01;31;23;-12.99;-12.99;
2026;01;31;24;-10.62;-10.62;
2026;01;31;25;-10.12;-10.12;
2026;01;31;26;-10.12;-10.12;
2026;01;31;27;-10.12;-10.12;
2026;01;31;28;-10.10;-10.10;
2026;01;31;29;-12.58;-5.62;
2026;01;31;30;-5.62;-5.62;
2026;01;31;31;-15.00;-5.12;
2026;01;31;32;-15.00;-5.12;
2026;01;31;33;-15.00;-6.00;
2026;01;31;34;-6.00;-6.00;
2026;01;31;35;-5.12;-5.12;
2026;01;31;36;-5.12;-5.12;
2026;01;31;37;-5.12;-5.12;
2026;01;31;38;-5.01;-5.01;
2026;01;31;39;-5.12;-5.12;
2026;01;31;40;-5.61;-5.61;
2026;01;31;41;-5.12;-5.12;
2026;01;31;42;-5.12;-5.12;
2026;01;31;43;-5.61;-5.61;
2026;01;31;44;-6.92;-6.92;
2026;01;31;45;-5.61;-5.61;
2026;01;31;46;-5.61;-5.61;
2026;01;31;47;-5.62;-5.62;
2026;01;31;48;-6.00;-6.00;
2026;01;31;49;-6.00;-6.00;
2026;01;31;50;-6.00;-6.00;
2026;01;31;51;-6.00;-6.00;
2026;01;31;52;-6.00;-6.00;
2026;01;31;53;-5.61;-5.61;
2026;01;31;54;-5.61;-5.61;
2026;01;31;55;-5.61;-5.61;
2026;01;31;56;-5.61;-5.61;
2026;01;31;57;-5.61;-5.61;
2026;01;31;58;-5.61;-5.61;
2026;01;31;59;-5.61;-5.61;
2026;01;31;60;-5.62;-5.62;
2026;01;31;61;-6.00;-6.00;
2026;01;31;62;-5.61;-5.61;
2026;01;31;63;-5.42;-5.42;
2026;01;31;64;-5.32;-5.32;
2026;01;31;65;-5.32;-5.32;
2026;01;31;66;-5.12;-5.12;
2026;01;31;67;-5.12;-5.12;
2026;01;31;68;-5.12;-5.12;
2026;01;31;69;-5.00;-5.00;
2026;01;31;70;-3.99;-3.99;
2026;01;31;71;-1.51;-1.51;
2026;01;31;72;-1.03;1.98;
2026;01;31;73;-12.00;-.50;
2026;01;31;74;-4.07;-4.07;
2026;01;31;75;-0.90;-.90;
2026;01;31;76;-3.60;-3.60;
2026;01;31;77;-12.00;-.31;
2026;01;31;78;-12.00;.60;
2026;01;31;79;-12.00;3.00;
2026;01;31;80;-12.00;5.10;
2026;01;31;81;-12.00;15.00;
2026;01;31;82;-12.00;16.50;
2026;01;31;83;-12.00;16.51;
2026;01;31;84;-12.00;16.51;
2026;01;31;85;-12.00;19.40;
2026;01;31;86;-12.00;16.51;
2026;01;31;87;-12.00;16.50;
2026;01;31;88;-12.00;10.00;
2026;01;31;89;-12.00;5.90;
2026;01;31;90;-5.00;.00;
2026;01;31;91;-12.00;-1.80;
2026;01;31;92;-3.59;-3.56;
2026;01;31;93;-5.00;.00;
2026;01;31;94;-6.94;-3.87;
2026;01;31;95;-12.00;-5.12;
2026;01;31;96;-5.10;-5.10;
*
