MARGINALPIBC;
2026;04;07;1;48.00;48.00;
2026;04;07;2;43.26;43.26;
2026;04;07;3;34.14;34.14;
2026;04;07;4;14.35;14.35;
2026;04;07;5;31.83;31.83;
2026;04;07;6;31.00;31.00;
2026;04;07;7;30.00;30.00;
2026;04;07;8;23.88;23.88;
2026;04;07;9;23.90;23.90;
2026;04;07;10;23.64;23.64;
2026;04;07;11;23.43;23.43;
2026;04;07;12;22.25;22.25;
2026;04;07;13;22.00;22.00;
2026;04;07;14;22.11;22.11;
2026;04;07;15;20.89;20.89;
2026;04;07;16;21.87;21.87;
2026;04;07;17;23.25;23.25;
2026;04;07;18;23.38;23.38;
2026;04;07;19;23.43;23.43;
2026;04;07;20;23.64;23.64;
2026;04;07;21;23.90;23.90;
2026;04;07;22;30.31;30.31;
2026;04;07;23;39.20;39.20;
2026;04;07;24;38.50;38.50;
2026;04;07;25;51.88;77.28;
2026;04;07;26;46.68;76.68;
2026;04;07;27;46.25;81.02;
2026;04;07;28;47.25;81.02;
2026;04;07;29;41.68;82.10;
2026;04;07;30;47.25;85.60;
2026;04;07;31;43.26;90.17;
2026;04;07;32;48.83;100.21;
2026;04;07;33;50.06;82.52;
2026;04;07;34;79.52;79.52;
2026;04;07;35;85.01;85.01;
2026;04;07;36;78.60;78.60;
2026;04;07;37;79.99;79.99;
2026;04;07;38;60.90;60.90;
2026;04;07;39;36.00;36.00;
2026;04;07;40;11.98;11.98;
2026;04;07;41;17.01;17.01;
2026;04;07;42;10.00;10.00;
2026;04;07;43;3.98;3.98;
2026;04;07;44;2.00;2.00;
2026;04;07;45;3.08;3.08;
2026;04;07;46;0.86;.86;
2026;04;07;47;0.84;.84;
2026;04;07;48;0.84;.84;
2026;04;07;49;0.84;.84;
2026;04;07;50;0.50;.50;
2026;04;07;51;0.02;.02;
2026;04;07;52;0.01;.01;
2026;04;07;53;0.01;.01;
2026;04;07;54;0.00;.00;
2026;04;07;55;0.00;.00;
2026;04;07;56;0.00;.00;
2026;04;07;57;0.00;.00;
2026;04;07;58;0.00;.00;
2026;04;07;59;0.00;.00;
2026;04;07;60;0.00;.00;
2026;04;07;61;0.00;.00;
2026;04;07;62;0.00;.00;
2026;04;07;63;0.00;.00;
2026;04;07;64;0.00;.00;
2026;04;07;65;0.01;.01;
2026;04;07;66;0.84;.84;
2026;04;07;67;0.84;.84;
2026;04;07;68;5.00;5.00;
2026;04;07;69;2.99;2.99;
2026;04;07;70;3.08;3.08;
2026;04;07;71;5.54;5.54;
2026;04;07;72;10.91;10.91;
2026;04;07;73;8.37;8.37;
2026;04;07;74;22.90;22.90;
2026;04;07;75;51.02;51.02;
2026;04;07;76;57.00;57.00;
2026;04;07;77;39.53;39.53;
2026;04;07;78;45.50;45.50;
2026;04;07;79;56.06;56.06;
2026;04;07;80;74.04;77.70;
2026;04;07;81;72.53;72.53;
2026;04;07;82;85.51;85.51;
2026;04;07;83;92.05;92.05;
2026;04;07;84;101.10;101.10;
2026;04;07;85;114.16;114.16;
2026;04;07;86;117.74;117.74;
2026;04;07;87;113.27;113.27;
2026;04;07;88;91.85;91.85;
2026;04;07;89;92.00;92.00;
2026;04;07;90;86.00;86.00;
2026;04;07;91;89.01;89.01;
2026;04;07;92;84.00;84.00;
2026;04;07;93;84.51;84.51;
2026;04;07;94;84.02;85.01;
2026;04;07;95;84.36;85.01;
2026;04;07;96;79.52;79.52;
*
