MARGINALPIBC;
2025;12;15;1;84.19;84.19;
2025;12;15;2;84.19;84.19;
2025;12;15;3;83.38;83.38;
2025;12;15;4;80.80;80.80;
2025;12;15;5;77.61;77.61;
2025;12;15;6;77.60;77.60;
2025;12;15;7;77.60;77.60;
2025;12;15;8;77.60;77.60;
2025;12;15;9;78.40;78.40;
2025;12;15;10;76.47;76.47;
2025;12;15;11;77.39;77.39;
2025;12;15;12;76.00;76.00;
2025;12;15;13;75.95;75.95;
2025;12;15;14;75.80;75.80;
2025;12;15;15;75.11;75.11;
2025;12;15;16;75.00;75.00;
2025;12;15;17;69.00;69.00;
2025;12;15;18;68.26;68.26;
2025;12;15;19;73.09;73.09;
2025;12;15;20;75.11;75.11;
2025;12;15;21;77.39;77.39;
2025;12;15;22;75.50;75.50;
2025;12;15;23;72.16;72.16;
2025;12;15;24;75.11;75.11;
2025;12;15;25;77.99;77.99;
2025;12;15;26;81.17;81.17;
2025;12;15;27;82.97;82.97;
2025;12;15;28;84.81;84.81;
2025;12;15;29;88.90;88.90;
2025;12;15;30;90.25;90.25;
2025;12;15;31;95.07;95.07;
2025;12;15;32;97.26;97.26;
2025;12;15;33;100.59;100.59;
2025;12;15;34;100.17;100.17;
2025;12;15;35;100.69;100.69;
2025;12;15;36;99.72;99.72;
2025;12;15;37;99.50;99.50;
2025;12;15;38;97.53;97.53;
2025;12;15;39;94.96;94.96;
2025;12;15;40;88.84;88.84;
2025;12;15;41;96.91;96.91;
2025;12;15;42;92.17;92.17;
2025;12;15;43;89.68;89.68;
2025;12;15;44;85.43;85.43;
2025;12;15;45;90.18;90.18;
2025;12;15;46;87.24;87.24;
2025;12;15;47;86.07;86.07;
2025;12;15;48;86.53;86.53;
2025;12;15;49;86.07;86.07;
2025;12;15;50;86.07;86.07;
2025;12;15;51;86.07;86.07;
2025;12;15;52;86.07;86.07;
2025;12;15;53;85.90;85.90;
2025;12;15;54;85.95;85.95;
2025;12;15;55;85.79;85.79;
2025;12;15;56;85.95;85.95;
2025;12;15;57;85.73;85.73;
2025;12;15;58;86.66;86.66;
2025;12;15;59;90.02;90.02;
2025;12;15;60;90.58;90.58;
2025;12;15;61;90.80;90.80;
2025;12;15;62;96.98;96.98;
2025;12;15;63;91.01;91.01;
2025;12;15;64;93.45;93.45;
2025;12;15;65;92.50;92.50;
2025;12;15;66;96.28;96.28;
2025;12;15;67;100.25;100.25;
2025;12;15;68;108.09;108.09;
2025;12;15;69;101.50;101.50;
2025;12;15;70;98.39;98.39;
2025;12;15;71;100.64;100.64;
2025;12;15;72;103.31;103.31;
2025;12;15;73;94.00;94.00;
2025;12;15;74;95.50;95.50;
2025;12;15;75;97.08;97.08;
2025;12;15;76;98.50;98.50;
2025;12;15;77;97.44;97.44;
2025;12;15;78;96.39;96.39;
2025;12;15;79;95.98;95.98;
2025;12;15;80;96.41;96.41;
2025;12;15;81;97.50;97.50;
2025;12;15;82;104.99;104.99;
2025;12;15;83;107.23;107.23;
2025;12;15;84;104.80;104.80;
2025;12;15;85;100.99;100.99;
2025;12;15;86;97.53;97.53;
2025;12;15;87;97.53;97.53;
2025;12;15;88;95.38;95.38;
2025;12;15;89;107.66;107.66;
2025;12;15;90;92.34;92.34;
2025;12;15;91;91.08;91.08;
2025;12;15;92;93.45;93.45;
2025;12;15;93;95.25;95.25;
2025;12;15;94;91.41;91.41;
2025;12;15;95;89.58;89.58;
2025;12;15;96;84.50;84.50;
*
