MARGINALPIBC;
2026;06;16;1;131.97;131.97;
2026;06;16;2;129.25;129.25;
2026;06;16;3;127.79;127.79;
2026;06;16;4;124.69;124.69;
2026;06;16;5;124.53;124.53;
2026;06;16;6;123.38;123.38;
2026;06;16;7;122.82;122.82;
2026;06;16;8;120.60;120.60;
2026;06;16;9;119.87;119.87;
2026;06;16;10;117.17;117.17;
2026;06;16;11;117.68;117.68;
2026;06;16;12;116.84;116.84;
2026;06;16;13;117.07;117.07;
2026;06;16;14;116.74;116.74;
2026;06;16;15;116.75;116.75;
2026;06;16;16;116.74;116.74;
2026;06;16;17;116.06;116.06;
2026;06;16;18;116.06;116.06;
2026;06;16;19;117.00;117.00;
2026;06;16;20;117.10;117.10;
2026;06;16;21;116.54;116.54;
2026;06;16;22;116.64;116.64;
2026;06;16;23;116.84;116.84;
2026;06;16;24;119.74;119.74;
2026;06;16;25;125.35;125.35;
2026;06;16;26;128.28;128.28;
2026;06;16;27;129.89;129.89;
2026;06;16;28;131.66;131.66;
2026;06;16;29;138.77;138.77;
2026;06;16;30;133.09;133.09;
2026;06;16;31;130.48;130.48;
2026;06;16;32;121.11;121.11;
2026;06;16;33;132.32;132.32;
2026;06;16;34;126.45;126.45;
2026;06;16;35;115.17;115.17;
2026;06;16;36;110.15;110.15;
2026;06;16;37;109.49;109.49;
2026;06;16;38;99.95;99.95;
2026;06;16;39;94.56;94.56;
2026;06;16;40;80.20;80.20;
2026;06;16;41;98.14;98.14;
2026;06;16;42;90.69;90.69;
2026;06;16;43;87.00;87.00;
2026;06;16;44;82.31;82.31;
2026;06;16;45;74.91;74.91;
2026;06;16;46;65.15;65.15;
2026;06;16;47;58.36;58.36;
2026;06;16;48;54.78;54.78;
2026;06;16;49;58.61;58.61;
2026;06;16;50;55.16;55.16;
2026;06;16;51;54.49;54.49;
2026;06;16;52;47.00;47.00;
2026;06;16;53;39.66;39.66;
2026;06;16;54;30.99;30.99;
2026;06;16;55;23.29;23.29;
2026;06;16;56;22.87;22.87;
2026;06;16;57;27.29;27.29;
2026;06;16;58;25.50;25.50;
2026;06;16;59;29.79;29.79;
2026;06;16;60;29.79;29.79;
2026;06;16;61;35.00;35.00;
2026;06;16;62;37.89;37.89;
2026;06;16;63;43.75;43.75;
2026;06;16;64;44.70;44.70;
2026;06;16;65;47.00;47.00;
2026;06;16;66;51.10;51.10;
2026;06;16;67;61.02;61.02;
2026;06;16;68;71.13;71.13;
2026;06;16;69;55.47;55.47;
2026;06;16;70;70.51;70.51;
2026;06;16;71;79.55;79.55;
2026;06;16;72;92.80;92.80;
2026;06;16;73;97.29;97.29;
2026;06;16;74;87.39;87.39;
2026;06;16;75;98.33;98.33;
2026;06;16;76;107.18;107.18;
2026;06;16;77;99.85;99.85;
2026;06;16;78;109.68;109.68;
2026;06;16;79;115.34;115.34;
2026;06;16;80;119.42;119.42;
2026;06;16;81;120.40;120.40;
2026;06;16;82;129.54;129.54;
2026;06;16;83;132.54;132.54;
2026;06;16;84;154.04;154.04;
2026;06;16;85;140.74;140.74;
2026;06;16;86;150.37;150.37;
2026;06;16;87;162.63;162.63;
2026;06;16;88;154.15;154.15;
2026;06;16;89;159.05;159.05;
2026;06;16;90;154.27;154.27;
2026;06;16;91;153.99;153.99;
2026;06;16;92;145.06;145.06;
2026;06;16;93;148.72;148.72;
2026;06;16;94;139.06;139.06;
2026;06;16;95;136.30;136.30;
2026;06;16;96;132.32;132.32;
*
