MARGINALPIBC;
2026;02;18;1;24.20;54.42;
2026;02;18;2;12.12;45.32;
2026;02;18;3;12.62;34.01;
2026;02;18;4;10.50;25.00;
2026;02;18;5;17.01;25.01;
2026;02;18;6;3.30;22.01;
2026;02;18;7;3.30;17.92;
2026;02;18;8;3.30;15.69;
2026;02;18;9;3.30;15.69;
2026;02;18;10;4.20;12.78;
2026;02;18;11;3.00;3.00;
2026;02;18;12;2.50;2.50;
2026;02;18;13;2.50;2.50;
2026;02;18;14;3.00;5.00;
2026;02;18;15;3.00;7.19;
2026;02;18;16;2.50;2.50;
2026;02;18;17;-0.50;-.50;
2026;02;18;18;-0.04;-.04;
2026;02;18;19;0.77;.77;
2026;02;18;20;2.50;4.61;
2026;02;18;21;1.83;1.83;
2026;02;18;22;2.50;2.50;
2026;02;18;23;2.52;8.00;
2026;02;18;24;3.00;9.00;
2026;02;18;25;2.62;8.00;
2026;02;18;26;2.62;15.00;
2026;02;18;27;2.62;18.68;
2026;02;18;28;3.34;30.90;
2026;02;18;29;3.34;35.01;
2026;02;18;30;3.53;54.90;
2026;02;18;31;3.53;78.60;
2026;02;18;32;3.78;79.99;
2026;02;18;33;3.99;85.00;
2026;02;18;34;5.29;83.03;
2026;02;18;35;7.82;79.05;
2026;02;18;36;12.00;60.00;
2026;02;18;37;3.30;54.41;
2026;02;18;38;3.30;27.67;
2026;02;18;39;3.30;22.00;
2026;02;18;40;12.10;12.10;
2026;02;18;41;12.00;12.00;
2026;02;18;42;3.30;3.30;
2026;02;18;43;3.50;3.50;
2026;02;18;44;2.47;2.47;
2026;02;18;45;1.56;1.56;
2026;02;18;46;0.99;.99;
2026;02;18;47;0.58;.58;
2026;02;18;48;0.00;.00;
2026;02;18;49;0.00;.00;
2026;02;18;50;1.53;-.19;
2026;02;18;51;1.53;-.34;
2026;02;18;52;1.53;-.44;
2026;02;18;53;1.53;-.50;
2026;02;18;54;0.30;-.54;
2026;02;18;55;0.26;-1.50;
2026;02;18;56;0.25;-3.01;
2026;02;18;57;0.23;-3.01;
2026;02;18;58;0.23;-3.01;
2026;02;18;59;0.25;-3.01;
2026;02;18;60;0.26;-3.01;
2026;02;18;61;0.30;-3.01;
2026;02;18;62;0.30;-4.02;
2026;02;18;63;0.30;-3.01;
2026;02;18;64;0.30;-3.01;
2026;02;18;65;0.30;-3.01;
2026;02;18;66;0.30;-3.00;
2026;02;18;67;0.29;-.54;
2026;02;18;68;-0.44;-.44;
2026;02;18;69;-0.41;-.41;
2026;02;18;70;0.00;.00;
2026;02;18;71;3.13;3.13;
2026;02;18;72;3.58;3.58;
2026;02;18;73;1.27;1.27;
2026;02;18;74;3.00;5.37;
2026;02;18;75;3.78;17.00;
2026;02;18;76;3.53;22.20;
2026;02;18;77;3.78;24.00;
2026;02;18;78;3.99;24.00;
2026;02;18;79;4.20;25.00;
2026;02;18;80;4.20;24.90;
2026;02;18;81;11.00;25.68;
2026;02;18;82;12.00;25.79;
2026;02;18;83;13.12;24.41;
2026;02;18;84;13.12;22.11;
2026;02;18;85;12.00;19.10;
2026;02;18;86;11.00;23.60;
2026;02;18;87;7.82;18.47;
2026;02;18;88;5.29;8.61;
2026;02;18;89;3.00;14.00;
2026;02;18;90;3.00;5.37;
2026;02;18;91;3.78;3.78;
2026;02;18;92;3.07;3.07;
2026;02;18;93;-0.34;-.34;
2026;02;18;94;-0.44;-.44;
2026;02;18;95;-0.44;-.44;
2026;02;18;96;-0.54;-.54;
*
