MARGINALPIBC;
2025;12;22;1;65.40;65.40;
2025;12;22;2;64.43;64.43;
2025;12;22;3;64.00;64.00;
2025;12;22;4;57.72;57.72;
2025;12;22;5;61.27;61.27;
2025;12;22;6;49.80;49.80;
2025;12;22;7;48.84;48.84;
2025;12;22;8;44.14;44.14;
2025;12;22;9;58.19;58.19;
2025;12;22;10;45.00;45.00;
2025;12;22;11;43.75;43.75;
2025;12;22;12;42.70;42.70;
2025;12;22;13;40.34;40.34;
2025;12;22;14;38.14;38.14;
2025;12;22;15;36.42;36.42;
2025;12;22;16;34.98;34.98;
2025;12;22;17;25.34;25.34;
2025;12;22;18;24.99;24.99;
2025;12;22;19;25.00;25.00;
2025;12;22;20;28.97;28.97;
2025;12;22;21;27.48;27.48;
2025;12;22;22;34.20;34.20;
2025;12;22;23;40.03;40.03;
2025;12;22;24;43.88;43.88;
2025;12;22;25;50.00;50.00;
2025;12;22;26;59.85;59.85;
2025;12;22;27;61.52;61.52;
2025;12;22;28;67.06;67.06;
2025;12;22;29;74.58;74.58;
2025;12;22;30;81.34;81.34;
2025;12;22;31;84.60;84.60;
2025;12;22;32;86.98;86.98;
2025;12;22;33;81.74;81.74;
2025;12;22;34;82.46;82.46;
2025;12;22;35;84.55;84.55;
2025;12;22;36;83.22;83.22;
2025;12;22;37;92.67;92.67;
2025;12;22;38;89.33;89.33;
2025;12;22;39;84.99;84.99;
2025;12;22;40;82.18;82.18;
2025;12;22;41;88.92;88.92;
2025;12;22;42;84.40;84.40;
2025;12;22;43;82.50;82.50;
2025;12;22;44;80.00;80.00;
2025;12;22;45;81.34;81.34;
2025;12;22;46;80.66;80.66;
2025;12;22;47;79.00;79.00;
2025;12;22;48;71.90;71.90;
2025;12;22;49;68.63;68.63;
2025;12;22;50;65.83;65.83;
2025;12;22;51;61.01;61.01;
2025;12;22;52;60.00;60.00;
2025;12;22;53;58.47;58.47;
2025;12;22;54;57.60;57.60;
2025;12;22;55;58.42;58.42;
2025;12;22;56;57.61;57.61;
2025;12;22;57;58.13;58.13;
2025;12;22;58;60.00;60.00;
2025;12;22;59;61.01;61.01;
2025;12;22;60;62.50;62.50;
2025;12;22;61;60.00;60.00;
2025;12;22;62;66.00;66.00;
2025;12;22;63;65.00;65.00;
2025;12;22;64;76.04;76.04;
2025;12;22;65;74.58;74.58;
2025;12;22;66;77.60;77.60;
2025;12;22;67;75.80;75.80;
2025;12;22;68;84.99;84.99;
2025;12;22;69;79.80;79.80;
2025;12;22;70;85.29;85.29;
2025;12;22;71;91.97;91.97;
2025;12;22;72;96.96;96.96;
2025;12;22;73;91.23;91.23;
2025;12;22;74;90.60;90.60;
2025;12;22;75;94.84;94.84;
2025;12;22;76;97.04;97.04;
2025;12;22;77;94.06;94.06;
2025;12;22;78;90.60;90.60;
2025;12;22;79;89.82;89.82;
2025;12;22;80;87.02;87.02;
2025;12;22;81;83.44;83.44;
2025;12;22;82;81.91;81.91;
2025;12;22;83;80.00;80.00;
2025;12;22;84;78.05;78.05;
2025;12;22;85;78.84;78.84;
2025;12;22;86;79.67;79.67;
2025;12;22;87;82.08;82.08;
2025;12;22;88;80.60;80.60;
2025;12;22;89;82.12;82.12;
2025;12;22;90;80.76;80.76;
2025;12;22;91;82.50;82.50;
2025;12;22;92;80.58;80.58;
2025;12;22;93;82.74;82.74;
2025;12;22;94;80.00;80.00;
2025;12;22;95;75.64;75.64;
2025;12;22;96;73.50;73.50;
*
