MARGINALPIBC;
2025;11;20;1;88.00;88.00;
2025;11;20;2;87.52;87.52;
2025;11;20;3;80.41;80.41;
2025;11;20;4;74.49;74.49;
2025;11;20;5;78.36;78.36;
2025;11;20;6;76.59;76.59;
2025;11;20;7;75.01;75.01;
2025;11;20;8;72.82;72.82;
2025;11;20;9;76.22;76.22;
2025;11;20;10;75.00;75.00;
2025;11;20;11;73.36;73.36;
2025;11;20;12;72.35;72.35;
2025;11;20;13;73.36;73.36;
2025;11;20;14;73.25;73.25;
2025;11;20;15;71.76;71.76;
2025;11;20;16;71.29;71.29;
2025;11;20;17;70.00;70.00;
2025;11;20;18;70.00;70.00;
2025;11;20;19;73.37;73.37;
2025;11;20;20;78.12;78.12;
2025;11;20;21;80.28;80.28;
2025;11;20;22;82.23;82.23;
2025;11;20;23;83.43;83.43;
2025;11;20;24;87.02;87.02;
2025;11;20;25;85.51;85.51;
2025;11;20;26;86.51;86.51;
2025;11;20;27;88.24;88.24;
2025;11;20;28;93.74;93.74;
2025;11;20;29;95.32;95.32;
2025;11;20;30;97.71;97.71;
2025;11;20;31;99.00;99.00;
2025;11;20;32;103.22;103.22;
2025;11;20;33;118.49;118.49;
2025;11;20;34;114.76;114.76;
2025;11;20;35;103.79;103.79;
2025;11;20;36;95.91;95.91;
2025;11;20;37;93.00;93.00;
2025;11;20;38;87.49;87.49;
2025;11;20;39;81.54;81.54;
2025;11;20;40;68.69;68.69;
2025;11;20;41;78.91;78.91;
2025;11;20;42;68.62;68.62;
2025;11;20;43;67.02;67.02;
2025;11;20;44;61.79;61.79;
2025;11;20;45;64.50;64.50;
2025;11;20;46;63.66;63.66;
2025;11;20;47;61.16;61.16;
2025;11;20;48;59.48;59.48;
2025;11;20;49;56.79;56.79;
2025;11;20;50;56.44;56.44;
2025;11;20;51;54.18;54.18;
2025;11;20;52;53.00;53.00;
2025;11;20;53;49.86;49.86;
2025;11;20;54;49.00;49.00;
2025;11;20;55;44.48;44.48;
2025;11;20;56;37.45;37.45;
2025;11;20;57;38.48;38.48;
2025;11;20;58;34.35;34.35;
2025;11;20;59;33.15;33.15;
2025;11;20;60;31.20;31.20;
2025;11;20;61;33.33;33.33;
2025;11;20;62;39.48;39.48;
2025;11;20;63;49.49;49.49;
2025;11;20;64;54.84;54.84;
2025;11;20;65;59.50;59.50;
2025;11;20;66;68.10;68.10;
2025;11;20;67;79.75;79.75;
2025;11;20;68;84.90;84.90;
2025;11;20;69;87.51;87.51;
2025;11;20;70;95.35;95.35;
2025;11;20;71;98.15;98.15;
2025;11;20;72;103.62;103.62;
2025;11;20;73;99.67;99.67;
2025;11;20;74;106.90;106.90;
2025;11;20;75;111.20;111.20;
2025;11;20;76;115.07;115.07;
2025;11;20;77;111.59;111.59;
2025;11;20;78;113.25;113.25;
2025;11;20;79;114.60;114.60;
2025;11;20;80;114.97;114.97;
2025;11;20;81;118.01;118.01;
2025;11;20;82;118.74;118.74;
2025;11;20;83;114.60;114.60;
2025;11;20;84;104.81;104.81;
2025;11;20;85;99.64;99.64;
2025;11;20;86;98.48;98.48;
2025;11;20;87;97.72;97.72;
2025;11;20;88;96.81;96.81;
2025;11;20;89;97.80;97.80;
2025;11;20;90;93.03;93.03;
2025;11;20;91;93.53;93.53;
2025;11;20;92;86.91;86.91;
2025;11;20;93;95.01;95.01;
2025;11;20;94;88.05;88.05;
2025;11;20;95;84.00;84.00;
2025;11;20;96;81.00;81.00;
*
