MARGINALPIBC;
2025;05;21;1;35.00;35.00;
2025;05;21;2;26.87;26.87;
2025;05;21;3;17.40;17.40;
2025;05;21;4;10.20;10.20;
2025;05;21;5;28.20;28.20;
2025;05;21;6;20.20;20.20;
2025;05;21;7;15.20;15.20;
2025;05;21;8;15.20;15.20;
2025;05;21;9;26.65;26.65;
2025;05;21;10;20.80;20.80;
2025;05;21;11;18.65;18.65;
2025;05;21;12;15.99;15.99;
2025;05;21;13;19.13;19.13;
2025;05;21;14;20.03;20.03;
2025;05;21;15;20.03;20.03;
2025;05;21;16;20.03;20.03;
2025;05;21;17;12.20;12.20;
2025;05;21;18;16.72;16.72;
2025;05;21;19;20.72;20.72;
2025;05;21;20;24.72;24.72;
2025;05;21;21;15.10;15.10;
2025;05;21;22;15.79;15.79;
2025;05;21;23;21.21;21.21;
2025;05;21;24;30.45;30.45;
2025;05;21;25;19.10;19.10;
2025;05;21;26;25.09;25.09;
2025;05;21;27;34.09;34.09;
2025;05;21;28;37.09;44.04;
2025;05;21;29;47.70;58.10;
2025;05;21;30;47.70;58.87;
2025;05;21;31;49.96;55.97;
2025;05;21;32;48.91;48.91;
2025;05;21;33;55.50;55.50;
2025;05;21;34;40.21;40.21;
2025;05;21;35;14.91;14.91;
2025;05;21;36;8.80;8.80;
2025;05;21;37;25.50;25.50;
2025;05;21;38;21.18;10.00;
2025;05;21;39;19.93;.65;
2025;05;21;40;17.40;-.04;
2025;05;21;41;25.50;.00;
2025;05;21;42;21.18;.00;
2025;05;21;43;15.93;-.04;
2025;05;21;44;8.80;-.40;
2025;05;21;45;18.08;-.04;
2025;05;21;46;17.83;-.04;
2025;05;21;47;12.83;-.04;
2025;05;21;48;6.46;-2.80;
2025;05;21;49;25.50;-.04;
2025;05;21;50;25.50;-.44;
2025;05;21;51;12.79;-.50;
2025;05;21;52;5.79;-.60;
2025;05;21;53;15.30;-.60;
2025;05;21;54;6.30;-.50;
2025;05;21;55;0.00;-.50;
2025;05;21;56;-0.60;-.60;
2025;05;21;57;6.09;-.04;
2025;05;21;58;0.09;-.04;
2025;05;21;59;0.09;-.04;
2025;05;21;60;0.09;-1.00;
2025;05;21;61;6.09;-1.10;
2025;05;21;62;5.09;-.04;
2025;05;21;63;3.50;-.50;
2025;05;21;64;3.50;-.71;
2025;05;21;65;5.00;-8.00;
2025;05;21;66;4.31;-1.53;
2025;05;21;67;3.50;-.04;
2025;05;21;68;3.50;-.04;
2025;05;21;69;4.31;-.60;
2025;05;21;70;3.50;-.10;
2025;05;21;71;3.50;-.04;
2025;05;21;72;4.88;-.01;
2025;05;21;73;0.00;-5.70;
2025;05;21;74;-0.20;-.20;
2025;05;21;75;0.09;.00;
2025;05;21;76;25.50;.65;
2025;05;21;77;-0.04;-.04;
2025;05;21;78;4.31;3.28;
2025;05;21;79;15.07;15.07;
2025;05;21;80;29.07;29.07;
2025;05;21;81;8.80;8.80;
2025;05;21;82;24.94;24.94;
2025;05;21;83;37.39;37.39;
2025;05;21;84;51.68;51.68;
2025;05;21;85;51.34;66.21;
2025;05;21;86;51.64;68.21;
2025;05;21;87;51.64;67.25;
2025;05;21;88;51.24;58.31;
2025;05;21;89;43.73;43.73;
2025;05;21;90;41.93;41.93;
2025;05;21;91;36.54;36.54;
2025;05;21;92;26.60;26.60;
2025;05;21;93;27.48;27.48;
2025;05;21;94;27.23;27.23;
2025;05;21;95;19.24;19.24;
2025;05;21;96;10.20;10.20;
*
