MARGINALPIBC;
2025;05;29;1;69.52;69.52;
2025;05;29;2;59.21;59.21;
2025;05;29;3;48.88;48.88;
2025;05;29;4;45.89;45.89;
2025;05;29;5;44.10;44.10;
2025;05;29;6;39.03;39.03;
2025;05;29;7;39.00;39.00;
2025;05;29;8;38.25;38.25;
2025;05;29;9;46.31;46.31;
2025;05;29;10;43.81;43.81;
2025;05;29;11;43.31;43.31;
2025;05;29;12;43.31;43.31;
2025;05;29;13;39.22;39.22;
2025;05;29;14;38.72;38.72;
2025;05;29;15;38.72;38.72;
2025;05;29;16;38.72;38.72;
2025;05;29;17;38.09;38.09;
2025;05;29;18;37.49;37.49;
2025;05;29;19;37.74;37.74;
2025;05;29;20;38.24;38.24;
2025;05;29;21;38.01;38.01;
2025;05;29;22;39.26;39.26;
2025;05;29;23;39.26;39.26;
2025;05;29;24;40.01;40.01;
2025;05;29;25;35.95;35.95;
2025;05;29;26;37.20;37.20;
2025;05;29;27;43.05;43.05;
2025;05;29;28;48.95;48.95;
2025;05;29;29;47.00;47.00;
2025;05;29;30;47.00;47.00;
2025;05;29;31;45.00;45.00;
2025;05;29;32;44.25;44.25;
2025;05;29;33;53.24;53.24;
2025;05;29;34;40.24;40.24;
2025;05;29;35;34.56;34.56;
2025;05;29;36;23.24;23.24;
2025;05;29;37;44.65;44.65;
2025;05;29;38;32.50;31.06;
2025;05;29;39;32.50;15.52;
2025;05;29;40;32.50;2.24;
2025;05;29;41;14.85;14.85;
2025;05;29;42;14.85;11.52;
2025;05;29;43;14.85;6.52;
2025;05;29;44;14.85;3.47;
2025;05;29;45;14.43;1.72;
2025;05;29;46;14.43;.65;
2025;05;29;47;14.43;.65;
2025;05;29;48;14.43;-1.19;
2025;05;29;49;14.18;5.99;
2025;05;29;50;14.18;1.94;
2025;05;29;51;14.18;.00;
2025;05;29;52;14.18;.00;
2025;05;29;53;11.75;-.05;
2025;05;29;54;13.21;-.48;
2025;05;29;55;11.75;-.52;
2025;05;29;56;11.75;-.98;
2025;05;29;57;9.51;-1.30;
2025;05;29;58;9.52;-1.10;
2025;05;29;59;1.52;-1.00;
2025;05;29;60;4.51;-.90;
2025;05;29;61;1.52;-.32;
2025;05;29;62;5.00;-.52;
2025;05;29;63;13.21;.00;
2025;05;29;64;13.21;.38;
2025;05;29;65;12.75;-1.95;
2025;05;29;66;12.75;.00;
2025;05;29;67;12.75;3.52;
2025;05;29;68;12.75;3.52;
2025;05;29;69;14.43;-2.69;
2025;05;29;70;14.43;.07;
2025;05;29;71;15.67;3.52;
2025;05;29;72;21.56;6.07;
2025;05;29;73;12.89;2.72;
2025;05;29;74;13.10;12.87;
2025;05;29;75;22.77;22.77;
2025;05;29;76;44.65;44.65;
2025;05;29;77;16.13;16.13;
2025;05;29;78;30.42;30.42;
2025;05;29;79;48.93;48.93;
2025;05;29;80;66.13;66.13;
2025;05;29;81;51.63;51.63;
2025;05;29;82;58.88;58.88;
2025;05;29;83;78.36;78.36;
2025;05;29;84;81.43;88.85;
2025;05;29;85;114.99;114.99;
2025;05;29;86;121.49;121.49;
2025;05;29;87;121.49;121.49;
2025;05;29;88;118.34;118.34;
2025;05;29;89;109.10;109.10;
2025;05;29;90;105.41;105.41;
2025;05;29;91;99.02;99.02;
2025;05;29;92;99.02;99.02;
2025;05;29;93;73.46;73.46;
2025;05;29;94;69.78;69.78;
2025;05;29;95;61.91;61.91;
2025;05;29;96;55.90;55.90;
*
