MARGINALPIBC;
2025;02;23;1;95.58;95.58;
2025;02;23;2;90.99;90.99;
2025;02;23;3;82.02;82.02;
2025;02;23;4;81.83;81.83;
2025;02;23;5;79.50;79.50;
2025;02;23;6;77.04;77.04;
2025;02;23;7;77.44;77.44;
2025;02;23;8;84.10;84.10;
2025;02;23;9;73.74;73.74;
2025;02;23;10;63.68;63.68;
2025;02;23;11;30.92;30.92;
2025;02;23;12;20.00;20.00;
2025;02;23;13;10.53;10.53;
2025;02;23;14;15.55;15.55;
2025;02;23;15;11.95;11.95;
2025;02;23;16;4.31;.00;
2025;02;23;17;10.96;4.12;
2025;02;23;18;52.45;52.45;
2025;02;23;19;100.90;100.90;
2025;02;23;20;120.94;120.94;
2025;02;23;21;130.96;130.96;
2025;02;23;22;120.00;120.00;
2025;02;23;23;100.60;100.60;
2025;02;23;24;85.70;85.70;
*
