MARGINALPIBC;
2025;09;14;1;83.56;83.56;
2025;09;14;2;80.91;80.91;
2025;09;14;3;75.09;75.09;
2025;09;14;4;73.49;73.49;
2025;09;14;5;80.74;80.74;
2025;09;14;6;73.00;73.00;
2025;09;14;7;66.43;66.43;
2025;09;14;8;66.23;66.23;
2025;09;14;9;73.00;73.00;
2025;09;14;10;70.29;70.29;
2025;09;14;11;65.29;65.29;
2025;09;14;12;65.29;65.29;
2025;09;14;13;64.20;64.20;
2025;09;14;14;65.30;65.30;
2025;09;14;15;65.23;65.23;
2025;09;14;16;64.30;64.30;
2025;09;14;17;65.81;65.81;
2025;09;14;18;65.81;65.81;
2025;09;14;19;65.81;65.81;
2025;09;14;20;65.81;65.81;
2025;09;14;21;70.03;70.03;
2025;09;14;22;70.54;70.54;
2025;09;14;23;71.54;71.54;
2025;09;14;24;72.93;72.93;
2025;09;14;25;71.54;71.54;
2025;09;14;26;71.74;71.74;
2025;09;14;27;76.54;76.54;
2025;09;14;28;78.71;78.71;
2025;09;14;29;77.52;77.52;
2025;09;14;30;77.57;77.57;
2025;09;14;31;80.32;80.32;
2025;09;14;32;80.99;80.99;
2025;09;14;33;86.84;86.84;
2025;09;14;34;81.59;81.59;
2025;09;14;35;66.23;66.23;
2025;09;14;36;41.23;41.23;
2025;09;14;37;72.96;72.96;
2025;09;14;38;25.44;25.44;
2025;09;14;39;8.00;8.00;
2025;09;14;40;4.31;.00;
2025;09;14;41;10.01;10.01;
2025;09;14;42;5.01;5.01;
2025;09;14;43;3.50;1.10;
2025;09;14;44;3.50;-1.55;
2025;09;14;45;4.31;.65;
2025;09;14;46;4.31;.65;
2025;09;14;47;4.31;.11;
2025;09;14;48;4.31;.00;
2025;09;14;49;4.31;.00;
2025;09;14;50;4.31;.00;
2025;09;14;51;4.31;.00;
2025;09;14;52;4.31;-.01;
2025;09;14;53;4.31;.00;
2025;09;14;54;4.31;-.41;
2025;09;14;55;4.31;-3.62;
2025;09;14;56;4.31;-4.12;
2025;09;14;57;4.31;.00;
2025;09;14;58;4.31;.00;
2025;09;14;59;4.31;.09;
2025;09;14;60;0.10;.10;
2025;09;14;61;4.31;-7.79;
2025;09;14;62;4.31;-4.00;
2025;09;14;63;2.50;-.45;
2025;09;14;64;1.50;.00;
2025;09;14;65;4.31;-3.00;
2025;09;14;66;4.31;.00;
2025;09;14;67;4.31;.00;
2025;09;14;68;4.31;.20;
2025;09;14;69;4.31;-3.90;
2025;09;14;70;4.31;-.01;
2025;09;14;71;4.31;1.59;
2025;09;14;72;5.76;5.76;
2025;09;14;73;5.05;-5.62;
2025;09;14;74;7.03;7.03;
2025;09;14;75;38.95;38.95;
2025;09;14;76;65.65;65.65;
2025;09;14;77;33.43;33.43;
2025;09;14;78;63.00;63.00;
2025;09;14;79;88.20;88.20;
2025;09;14;80;98.25;98.25;
2025;09;14;81;96.81;96.81;
2025;09;14;82;100.01;100.01;
2025;09;14;83;103.81;103.81;
2025;09;14;84;105.01;105.01;
2025;09;14;85;125.98;125.98;
2025;09;14;86;126.13;126.13;
2025;09;14;87;126.13;126.13;
2025;09;14;88;123.13;123.13;
2025;09;14;89;106.01;106.01;
2025;09;14;90;104.76;104.76;
2025;09;14;91;101.01;101.01;
2025;09;14;92;96.01;96.01;
2025;09;14;93;99.84;99.84;
2025;09;14;94;96.18;96.18;
2025;09;14;95;91.85;91.85;
2025;09;14;96;90.00;90.00;
*
