MARGINALPIBC;
2025;10;04;1;102.14;102.14;
2025;10;04;2;101.68;101.68;
2025;10;04;3;100.97;100.97;
2025;10;04;4;98.90;98.90;
2025;10;04;5;95.73;95.73;
2025;10;04;6;94.98;94.98;
2025;10;04;7;92.38;92.38;
2025;10;04;8;90.50;90.50;
2025;10;04;9;92.87;92.87;
2025;10;04;10;90.47;90.47;
2025;10;04;11;87.59;87.59;
2025;10;04;12;85.99;85.99;
2025;10;04;13;87.59;87.59;
2025;10;04;14;85.99;85.99;
2025;10;04;15;83.24;83.24;
2025;10;04;16;80.10;80.10;
2025;10;04;17;88.85;88.85;
2025;10;04;18;87.59;87.59;
2025;10;04;19;86.10;86.10;
2025;10;04;20;84.00;84.00;
2025;10;04;21;85.05;85.05;
2025;10;04;22;85.00;85.00;
2025;10;04;23;83.65;83.65;
2025;10;04;24;85.00;85.00;
2025;10;04;25;80.11;80.11;
2025;10;04;26;82.00;82.00;
2025;10;04;27;83.08;83.08;
2025;10;04;28;83.49;83.49;
2025;10;04;29;85.06;85.06;
2025;10;04;30;87.96;87.96;
2025;10;04;31;85.06;85.06;
2025;10;04;32;86.85;86.85;
2025;10;04;33;86.85;86.85;
2025;10;04;34;85.06;85.06;
2025;10;04;35;82.13;82.13;
2025;10;04;36;77.11;77.11;
2025;10;04;37;78.47;78.47;
2025;10;04;38;52.78;52.78;
2025;10;04;39;15.87;15.87;
2025;10;04;40;-0.01;-.01;
2025;10;04;41;11.59;11.59;
2025;10;04;42;7.96;7.96;
2025;10;04;43;0.00;.00;
2025;10;04;44;0.15;.15;
2025;10;04;45;0.65;.65;
2025;10;04;46;2.27;.65;
2025;10;04;47;4.31;.65;
2025;10;04;48;4.31;.00;
2025;10;04;49;4.31;.65;
2025;10;04;50;4.31;.65;
2025;10;04;51;4.31;.65;
2025;10;04;52;4.31;.01;
2025;10;04;53;4.31;.01;
2025;10;04;54;4.31;.00;
2025;10;04;55;4.31;-.01;
2025;10;04;56;4.31;-.05;
2025;10;04;57;4.31;-.03;
2025;10;04;58;4.31;-.02;
2025;10;04;59;4.31;-.01;
2025;10;04;60;0.24;.00;
2025;10;04;61;0.00;-.03;
2025;10;04;62;0.02;-.50;
2025;10;04;63;0.02;-.45;
2025;10;04;64;0.02;-.50;
2025;10;04;65;0.00;-.01;
2025;10;04;66;0.00;-.01;
2025;10;04;67;0.00;-.01;
2025;10;04;68;0.00;.00;
2025;10;04;69;-0.03;-.45;
2025;10;04;70;0.00;-.01;
2025;10;04;71;0.00;-.15;
2025;10;04;72;0.67;-1.85;
2025;10;04;73;0.90;-3.62;
2025;10;04;74;5.35;-.45;
2025;10;04;75;12.32;12.32;
2025;10;04;76;21.33;21.33;
2025;10;04;77;14.78;14.78;
2025;10;04;78;49.30;49.30;
2025;10;04;79;67.46;67.46;
2025;10;04;80;75.47;75.47;
2025;10;04;81;72.21;72.21;
2025;10;04;82;72.42;72.42;
2025;10;04;83;69.66;69.66;
2025;10;04;84;69.04;69.04;
2025;10;04;85;79.04;79.04;
2025;10;04;86;73.23;73.23;
2025;10;04;87;68.52;68.52;
2025;10;04;88;65.00;65.00;
2025;10;04;89;70.45;70.45;
2025;10;04;90;66.04;66.04;
2025;10;04;91;64.69;64.69;
2025;10;04;92;59.01;59.01;
2025;10;04;93;56.60;56.60;
2025;10;04;94;45.00;45.00;
2025;10;04;95;43.29;43.29;
2025;10;04;96;39.78;39.78;
*
