MARGINALPIBC;
2025;06;01;1;61.00;61.00;
2025;06;01;2;60.00;60.00;
2025;06;01;3;52.01;52.01;
2025;06;01;4;42.36;42.36;
2025;06;01;5;36.07;36.07;
2025;06;01;6;36.07;36.07;
2025;06;01;7;35.99;35.99;
2025;06;01;8;29.07;29.07;
2025;06;01;9;35.01;35.01;
2025;06;01;10;31.03;31.03;
2025;06;01;11;29.96;29.96;
2025;06;01;12;25.22;25.22;
2025;06;01;13;19.00;19.00;
2025;06;01;14;12.20;12.20;
2025;06;01;15;12.20;12.20;
2025;06;01;16;11.72;11.72;
2025;06;01;17;12.20;12.20;
2025;06;01;18;12.20;12.20;
2025;06;01;19;11.72;11.72;
2025;06;01;20;11.72;11.72;
2025;06;01;21;15.23;15.23;
2025;06;01;22;17.10;17.10;
2025;06;01;23;15.00;15.00;
2025;06;01;24;17.10;17.10;
2025;06;01;25;16.89;16.89;
2025;06;01;26;16.89;16.89;
2025;06;01;27;16.89;16.89;
2025;06;01;28;17.50;17.50;
2025;06;01;29;32.22;32.22;
2025;06;01;30;18.37;18.37;
2025;06;01;31;10.28;10.28;
2025;06;01;32;3.39;3.39;
2025;06;01;33;22.09;22.09;
2025;06;01;34;7.40;7.40;
2025;06;01;35;0.55;-3.99;
2025;06;01;36;0.00;-13.56;
2025;06;01;37;28.43;.00;
2025;06;01;38;18.44;.00;
2025;06;01;39;17.43;-6.11;
2025;06;01;40;17.43;-10.65;
2025;06;01;41;15.01;.00;
2025;06;01;42;10.33;-.11;
2025;06;01;43;9.01;-5.72;
2025;06;01;44;9.01;-12.00;
2025;06;01;45;9.95;-.01;
2025;06;01;46;7.00;-1.50;
2025;06;01;47;6.99;-4.00;
2025;06;01;48;6.99;-8.00;
2025;06;01;49;9.55;-1.00;
2025;06;01;50;6.56;-4.00;
2025;06;01;51;6.30;-6.60;
2025;06;01;52;6.30;-11.50;
2025;06;01;53;11.55;-5.89;
2025;06;01;54;11.55;-8.00;
2025;06;01;55;6.56;-8.00;
2025;06;01;56;6.30;-8.00;
2025;06;01;57;10.99;-8.23;
2025;06;01;58;6.00;-8.00;
2025;06;01;59;1.99;-8.00;
2025;06;01;60;1.99;-8.00;
2025;06;01;61;6.79;-8.00;
2025;06;01;62;5.80;-8.62;
2025;06;01;63;4.31;-6.11;
2025;06;01;64;3.28;-6.00;
2025;06;01;65;0.55;-17.70;
2025;06;01;66;0.76;-8.00;
2025;06;01;67;0.76;-5.80;
2025;06;01;68;0.76;-5.00;
2025;06;01;69;0.55;-16.24;
2025;06;01;70;0.55;-3.55;
2025;06;01;71;0.99;-.01;
2025;06;01;72;8.94;.00;
2025;06;01;73;6.01;-9.05;
2025;06;01;74;6.30;-3.62;
2025;06;01;75;9.55;2.96;
2025;06;01;76;26.55;3.52;
2025;06;01;77;12.01;3.28;
2025;06;01;78;12.01;12.01;
2025;06;01;79;29.39;29.39;
2025;06;01;80;57.88;57.88;
2025;06;01;81;3.71;3.71;
2025;06;01;82;14.00;14.00;
2025;06;01;83;35.01;35.01;
2025;06;01;84;51.76;51.76;
2025;06;01;85;40.55;40.55;
2025;06;01;86;40.55;40.55;
2025;06;01;87;46.50;46.50;
2025;06;01;88;40.55;40.55;
2025;06;01;89;60.23;60.23;
2025;06;01;90;55.01;55.01;
2025;06;01;91;55.96;55.96;
2025;06;01;92;53.96;53.96;
2025;06;01;93;50.66;50.66;
2025;06;01;94;40.41;40.41;
2025;06;01;95;40.41;40.41;
2025;06;01;96;33.41;33.41;
*
