MARGINALPIBC;
2025;05;27;1;41.35;41.35;
2025;05;27;2;35.01;35.01;
2025;05;27;3;26.02;26.02;
2025;05;27;4;16.86;16.86;
2025;05;27;5;30.50;30.50;
2025;05;27;6;30.30;30.30;
2025;05;27;7;24.44;24.44;
2025;05;27;8;15.49;15.49;
2025;05;27;9;22.46;22.46;
2025;05;27;10;20.46;20.46;
2025;05;27;11;15.56;15.56;
2025;05;27;12;10.56;10.56;
2025;05;27;13;18.00;18.00;
2025;05;27;14;16.70;16.70;
2025;05;27;15;11.30;11.30;
2025;05;27;16;10.00;10.00;
2025;05;27;17;11.75;11.75;
2025;05;27;18;14.03;14.03;
2025;05;27;19;16.03;16.03;
2025;05;27;20;20.83;20.83;
2025;05;27;21;9.66;9.66;
2025;05;27;22;16.01;16.01;
2025;05;27;23;24.32;24.32;
2025;05;27;24;26.01;26.01;
2025;05;27;25;11.15;11.15;
2025;05;27;26;23.44;23.44;
2025;05;27;27;33.44;33.44;
2025;05;27;28;36.93;36.93;
2025;05;27;29;41.16;41.16;
2025;05;27;30;41.35;41.35;
2025;05;27;31;36.26;36.26;
2025;05;27;32;26.27;26.27;
2025;05;27;33;49.00;49.00;
2025;05;27;34;37.69;37.69;
2025;05;27;35;12.01;12.01;
2025;05;27;36;3.00;3.00;
2025;05;27;37;33.90;33.90;
2025;05;27;38;21.56;21.56;
2025;05;27;39;19.81;10.26;
2025;05;27;40;24.81;2.00;
2025;05;27;41;28.51;.18;
2025;05;27;42;28.51;.03;
2025;05;27;43;15.04;-2.47;
2025;05;27;44;14.89;-5.24;
2025;05;27;45;17.68;.00;
2025;05;27;46;13.99;.00;
2025;05;27;47;8.01;.00;
2025;05;27;48;8.01;-.02;
2025;05;27;49;11.45;-.01;
2025;05;27;50;10.51;-.01;
2025;05;27;51;10.51;-.01;
2025;05;27;52;9.66;-.01;
2025;05;27;53;10.51;-.01;
2025;05;27;54;10.51;-.01;
2025;05;27;55;10.51;-1.30;
2025;05;27;56;9.51;-1.54;
2025;05;27;57;10.51;-1.01;
2025;05;27;58;10.51;-2.78;
2025;05;27;59;7.01;-4.11;
2025;05;27;60;7.01;-4.90;
2025;05;27;61;8.01;-4.90;
2025;05;27;62;8.01;-6.00;
2025;05;27;63;7.01;-7.01;
2025;05;27;64;7.01;-6.87;
2025;05;27;65;7.01;-7.01;
2025;05;27;66;7.01;-6.00;
2025;05;27;67;7.01;-5.01;
2025;05;27;68;8.82;-1.26;
2025;05;27;69;7.01;-.01;
2025;05;27;70;8.01;.00;
2025;05;27;71;9.51;.00;
2025;05;27;72;16.51;.65;
2025;05;27;73;7.01;-.20;
2025;05;27;74;7.01;.00;
2025;05;27;75;8.82;2.99;
2025;05;27;76;24.51;13.00;
2025;05;27;77;-5.00;-5.00;
2025;05;27;78;4.00;4.00;
2025;05;27;79;32.75;32.75;
2025;05;27;80;52.50;52.50;
2025;05;27;81;4.50;4.50;
2025;05;27;82;29.56;29.56;
2025;05;27;83;67.03;67.03;
2025;05;27;84;70.01;79.56;
2025;05;27;85;70.00;99.50;
2025;05;27;86;70.00;103.38;
2025;05;27;87;70.00;104.86;
2025;05;27;88;70.00;100.04;
2025;05;27;89;70.00;96.58;
2025;05;27;90;70.00;93.09;
2025;05;27;91;70.00;88.42;
2025;05;27;92;70.00;81.00;
2025;05;27;93;74.81;75.31;
2025;05;27;94;70.00;72.31;
2025;05;27;95;67.78;67.78;
2025;05;27;96;57.00;57.00;
*
