MARGINALPIBC;
2025;11;11;1;89.04;89.04;
2025;11;11;2;88.44;88.44;
2025;11;11;3;87.15;87.15;
2025;11;11;4;85.53;85.53;
2025;11;11;5;82.86;82.86;
2025;11;11;6;83.93;83.93;
2025;11;11;7;81.89;81.89;
2025;11;11;8;79.60;79.60;
2025;11;11;9;84.26;84.26;
2025;11;11;10;83.80;83.80;
2025;11;11;11;84.04;84.04;
2025;11;11;12;82.90;82.90;
2025;11;11;13;83.93;83.93;
2025;11;11;14;83.43;83.43;
2025;11;11;15;82.26;82.26;
2025;11;11;16;81.37;81.37;
2025;11;11;17;81.85;81.85;
2025;11;11;18;81.18;81.18;
2025;11;11;19;81.49;81.49;
2025;11;11;20;81.87;81.87;
2025;11;11;21;80.49;80.49;
2025;11;11;22;78.36;78.36;
2025;11;11;23;79.78;79.78;
2025;11;11;24;81.93;81.93;
2025;11;11;25;82.28;82.28;
2025;11;11;26;84.86;84.86;
2025;11;11;27;84.97;84.97;
2025;11;11;28;87.70;87.70;
2025;11;11;29;88.00;88.00;
2025;11;11;30;87.48;87.48;
2025;11;11;31;90.55;90.55;
2025;11;11;32;91.25;91.25;
2025;11;11;33;90.75;90.75;
2025;11;11;34;88.10;88.10;
2025;11;11;35;87.05;87.05;
2025;11;11;36;81.09;81.09;
2025;11;11;37;82.35;82.35;
2025;11;11;38;68.80;68.80;
2025;11;11;39;20.58;20.58;
2025;11;11;40;10.97;10.97;
2025;11;11;41;26.68;26.68;
2025;11;11;42;14.39;14.39;
2025;11;11;43;6.34;6.34;
2025;11;11;44;1.10;1.10;
2025;11;11;45;12.64;12.64;
2025;11;11;46;12.20;12.20;
2025;11;11;47;10.00;10.00;
2025;11;11;48;7.95;7.95;
2025;11;11;49;11.82;11.82;
2025;11;11;50;12.42;12.42;
2025;11;11;51;16.57;16.57;
2025;11;11;52;11.21;11.21;
2025;11;11;53;11.00;11.00;
2025;11;11;54;13.30;13.30;
2025;11;11;55;7.96;7.96;
2025;11;11;56;6.90;6.90;
2025;11;11;57;2.99;2.99;
2025;11;11;58;4.31;4.31;
2025;11;11;59;6.11;6.11;
2025;11;11;60;13.40;13.40;
2025;11;11;61;11.00;11.00;
2025;11;11;62;10.20;10.20;
2025;11;11;63;13.26;13.26;
2025;11;11;64;13.76;13.76;
2025;11;11;65;16.78;16.78;
2025;11;11;66;22.18;22.18;
2025;11;11;67;39.59;39.59;
2025;11;11;68;74.46;74.46;
2025;11;11;69;67.26;67.26;
2025;11;11;70;86.34;86.34;
2025;11;11;71;89.76;89.76;
2025;11;11;72;92.48;92.48;
2025;11;11;73;91.11;91.11;
2025;11;11;74;91.11;91.11;
2025;11;11;75;93.10;93.10;
2025;11;11;76;95.33;95.33;
2025;11;11;77;92.54;92.54;
2025;11;11;78;94.23;94.23;
2025;11;11;79;94.60;94.60;
2025;11;11;80;94.96;94.96;
2025;11;11;81;95.25;95.25;
2025;11;11;82;96.66;96.66;
2025;11;11;83;94.71;94.71;
2025;11;11;84;91.94;91.94;
2025;11;11;85;98.59;98.59;
2025;11;11;86;93.61;93.61;
2025;11;11;87;91.11;91.11;
2025;11;11;88;90.43;90.43;
2025;11;11;89;89.84;89.84;
2025;11;11;90;89.76;89.76;
2025;11;11;91;88.73;88.73;
2025;11;11;92;87.13;87.13;
2025;11;11;93;86.29;86.29;
2025;11;11;94;84.86;84.86;
2025;11;11;95;81.09;81.09;
2025;11;11;96;74.00;74.00;
*
