MARGINALPIBC;
2025;01;11;1;111.64;111.64;
2025;01;11;2;100.61;100.61;
2025;01;11;3;93.32;93.32;
2025;01;11;4;82.00;82.00;
2025;01;11;5;86.17;86.17;
2025;01;11;6;79.10;79.10;
2025;01;11;7;92.46;92.46;
2025;01;11;8;86.90;86.90;
2025;01;11;9;97.50;97.50;
2025;01;11;10;108.53;108.53;
2025;01;11;11;114.71;114.71;
2025;01;11;12;92.14;92.14;
2025;01;11;13;83.78;83.78;
2025;01;11;14;75.00;75.00;
2025;01;11;15;69.75;69.75;
2025;01;11;16;66.60;66.60;
2025;01;11;17;83.91;83.91;
2025;01;11;18;118.30;118.30;
2025;01;11;19;118.59;118.59;
2025;01;11;20;122.94;122.94;
2025;01;11;21;119.60;119.60;
2025;01;11;22;116.20;116.20;
2025;01;11;23;115.17;115.17;
2025;01;11;24;112.24;112.24;
*
