MARGINALPIBC;
2026;03;16;1;25.01;25.01;
2026;03;16;2;22.00;22.00;
2026;03;16;3;14.00;14.00;
2026;03;16;4;8.47;8.47;
2026;03;16;5;19.99;19.99;
2026;03;16;6;14.00;14.00;
2026;03;16;7;14.00;14.00;
2026;03;16;8;9.40;9.40;
2026;03;16;9;6.00;6.00;
2026;03;16;10;5.37;5.37;
2026;03;16;11;5.37;5.37;
2026;03;16;12;3.60;3.60;
2026;03;16;13;5.00;5.00;
2026;03;16;14;4.68;4.68;
2026;03;16;15;4.82;4.82;
2026;03;16;16;4.88;4.88;
2026;03;16;17;2.00;2.00;
2026;03;16;18;4.77;4.77;
2026;03;16;19;5.37;5.37;
2026;03;16;20;5.37;5.37;
2026;03;16;21;9.62;9.62;
2026;03;16;22;12.68;12.68;
2026;03;16;23;14.00;14.00;
2026;03;16;24;21.82;21.82;
2026;03;16;25;25.73;25.73;
2026;03;16;26;26.68;26.68;
2026;03;16;27;29.00;29.00;
2026;03;16;28;40.92;40.92;
2026;03;16;29;60.30;60.30;
2026;03;16;30;73.05;73.05;
2026;03;16;31;76.47;76.47;
2026;03;16;32;70.29;70.29;
2026;03;16;33;56.17;56.17;
2026;03;16;34;33.00;33.00;
2026;03;16;35;17.87;17.87;
2026;03;16;36;3.78;3.78;
2026;03;16;37;0.04;.04;
2026;03;16;38;0.03;.03;
2026;03;16;39;0.00;.00;
2026;03;16;40;0.00;.00;
2026;03;16;41;0.00;.00;
2026;03;16;42;0.00;.00;
2026;03;16;43;-0.01;-.01;
2026;03;16;44;-0.49;-.49;
2026;03;16;45;-0.49;-.49;
2026;03;16;46;-0.49;-.49;
2026;03;16;47;-0.49;-.49;
2026;03;16;48;-0.50;-.50;
2026;03;16;49;-0.50;-.50;
2026;03;16;50;-0.49;-.49;
2026;03;16;51;-0.49;-.49;
2026;03;16;52;-0.49;-.49;
2026;03;16;53;-0.50;-.50;
2026;03;16;54;-0.49;-.49;
2026;03;16;55;-0.49;-.49;
2026;03;16;56;-0.49;-.49;
2026;03;16;57;-0.41;-.41;
2026;03;16;58;-0.40;-.40;
2026;03;16;59;-0.40;-.40;
2026;03;16;60;-0.01;-.01;
2026;03;16;61;-0.01;-.01;
2026;03;16;62;-0.01;-.01;
2026;03;16;63;0.00;.00;
2026;03;16;64;0.00;.00;
2026;03;16;65;0.00;.00;
2026;03;16;66;0.00;.00;
2026;03;16;67;0.00;.00;
2026;03;16;68;0.00;.00;
2026;03;16;69;0.00;.00;
2026;03;16;70;1.36;1.36;
2026;03;16;71;18.34;18.34;
2026;03;16;72;40.88;40.88;
2026;03;16;73;26.99;26.99;
2026;03;16;74;34.88;34.88;
2026;03;16;75;83.29;83.29;
2026;03;16;76;128.93;128.93;
2026;03;16;77;148.99;148.99;
2026;03;16;78;177.00;177.00;
2026;03;16;79;176.60;176.60;
2026;03;16;80;173.86;173.86;
2026;03;16;81;174.03;174.03;
2026;03;16;82;159.82;159.82;
2026;03;16;83;161.00;161.00;
2026;03;16;84;158.90;158.90;
2026;03;16;85;141.14;141.14;
2026;03;16;86;134.25;134.25;
2026;03;16;87;130.00;130.00;
2026;03;16;88;125.69;125.69;
2026;03;16;89;118.00;128.40;
2026;03;16;90;115.09;120.51;
2026;03;16;91;87.00;120.88;
2026;03;16;92;87.00;109.24;
2026;03;16;93;68.47;111.67;
2026;03;16;94;94.93;94.93;
2026;03;16;95;92.00;92.00;
2026;03;16;96;65.00;65.00;
*
