MARGINALPIBC;
2026;02;12;1;-0.10;-.10;
2026;02;12;2;-0.14;-.14;
2026;02;12;3;-0.10;-.10;
2026;02;12;4;0.00;.00;
2026;02;12;5;0.00;.00;
2026;02;12;6;0.00;.00;
2026;02;12;7;0.00;.00;
2026;02;12;8;-0.01;-.01;
2026;02;12;9;-0.10;-.10;
2026;02;12;10;-0.20;-.20;
2026;02;12;11;-0.42;-.42;
2026;02;12;12;-0.42;-.42;
2026;02;12;13;-0.42;-.42;
2026;02;12;14;-0.46;-.46;
2026;02;12;15;-0.44;-.44;
2026;02;12;16;-0.45;-.45;
2026;02;12;17;-3.42;-3.42;
2026;02;12;18;-5.28;-5.28;
2026;02;12;19;-5.00;-5.00;
2026;02;12;20;-5.36;-5.36;
2026;02;12;21;-2.42;-2.42;
2026;02;12;22;-2.00;-2.00;
2026;02;12;23;-1.00;-1.00;
2026;02;12;24;-0.51;-.51;
2026;02;12;25;0.00;.00;
2026;02;12;26;0.00;.00;
2026;02;12;27;0.00;.00;
2026;02;12;28;0.00;.00;
2026;02;12;29;0.76;.76;
2026;02;12;30;1.20;1.98;
2026;02;12;31;2.23;2.53;
2026;02;12;32;2.28;3.78;
2026;02;12;33;3.68;3.78;
2026;02;12;34;3.78;3.78;
2026;02;12;35;2.38;2.38;
2026;02;12;36;1.89;1.89;
2026;02;12;37;1.59;1.59;
2026;02;12;38;0.12;.12;
2026;02;12;39;0.12;.00;
2026;02;12;40;0.12;.00;
2026;02;12;41;0.23;-.01;
2026;02;12;42;0.23;-.40;
2026;02;12;43;0.23;-.49;
2026;02;12;44;0.23;-.60;
2026;02;12;45;0.12;-.61;
2026;02;12;46;0.12;-.81;
2026;02;12;47;0.12;-.81;
2026;02;12;48;0.12;-.81;
2026;02;12;49;0.12;-.90;
2026;02;12;50;0.12;-.81;
2026;02;12;51;0.12;-.81;
2026;02;12;52;0.12;-.81;
2026;02;12;53;0.12;-1.00;
2026;02;12;54;0.02;-1.00;
2026;02;12;55;0.01;-1.00;
2026;02;12;56;0.01;-1.00;
2026;02;12;57;0.01;-.81;
2026;02;12;58;0.01;-.81;
2026;02;12;59;0.01;-.81;
2026;02;12;60;0.01;-.81;
2026;02;12;61;0.01;-.81;
2026;02;12;62;0.12;-.81;
2026;02;12;63;0.12;-.81;
2026;02;12;64;0.12;-.81;
2026;02;12;65;0.12;-.81;
2026;02;12;66;0.12;-.81;
2026;02;12;67;0.12;-.49;
2026;02;12;68;0.12;-.02;
2026;02;12;69;0.12;.00;
2026;02;12;70;0.12;.00;
2026;02;12;71;0.29;.29;
2026;02;12;72;1.98;1.98;
2026;02;12;73;3.66;3.66;
2026;02;12;74;5.19;5.19;
2026;02;12;75;9.18;9.18;
2026;02;12;76;11.50;22.00;
2026;02;12;77;11.50;25.46;
2026;02;12;78;12.00;29.01;
2026;02;12;79;12.50;27.76;
2026;02;12;80;12.50;32.00;
2026;02;12;81;30.00;30.00;
2026;02;12;82;32.91;32.91;
2026;02;12;83;30.01;30.01;
2026;02;12;84;26.00;26.00;
2026;02;12;85;20.42;20.42;
2026;02;12;86;19.82;19.82;
2026;02;12;87;13.00;25.46;
2026;02;12;88;12.50;22.00;
2026;02;12;89;12.00;23.00;
2026;02;12;90;11.50;22.00;
2026;02;12;91;11.50;22.00;
2026;02;12;92;10.00;13.20;
2026;02;12;93;7.30;7.30;
2026;02;12;94;4.28;4.28;
2026;02;12;95;2.64;2.64;
2026;02;12;96;2.12;2.12;
*
