MARGINALPIBC;
2026;07;11;1;149.84;149.84;
2026;07;11;2;149.31;149.31;
2026;07;11;3;145.31;145.31;
2026;07;11;4;130.00;130.00;
2026;07;11;5;147.34;147.34;
2026;07;11;6;145.01;145.01;
2026;07;11;7;140.85;140.85;
2026;07;11;8;131.04;131.04;
2026;07;11;9;139.98;139.98;
2026;07;11;10;137.76;137.76;
2026;07;11;11;136.26;136.26;
2026;07;11;12;135.50;135.50;
2026;07;11;13;143.04;143.04;
2026;07;11;14;143.50;143.50;
2026;07;11;15;142.04;142.04;
2026;07;11;16;139.98;139.98;
2026;07;11;17;151.75;151.75;
2026;07;11;18;150.01;150.01;
2026;07;11;19;149.85;149.85;
2026;07;11;20;144.70;144.70;
2026;07;11;21;143.82;143.82;
2026;07;11;22;142.86;142.86;
2026;07;11;23;142.86;142.86;
2026;07;11;24;143.50;143.50;
2026;07;11;25;145.25;145.25;
2026;07;11;26;143.49;143.49;
2026;07;11;27;145.31;145.31;
2026;07;11;28;145.32;145.32;
2026;07;11;29;138.31;138.31;
2026;07;11;30;136.77;136.77;
2026;07;11;31;124.41;124.41;
2026;07;11;32;112.19;112.19;
2026;07;11;33;141.35;141.35;
2026;07;11;34;122.78;122.78;
2026;07;11;35;101.60;101.60;
2026;07;11;36;80.30;80.30;
2026;07;11;37;105.00;105.00;
2026;07;11;38;93.20;93.20;
2026;07;11;39;66.42;66.42;
2026;07;11;40;29.17;29.17;
2026;07;11;41;40.71;40.71;
2026;07;11;42;27.27;15.60;
2026;07;11;43;25.86;2.81;
2026;07;11;44;1.59;-1.92;
2026;07;11;45;2.00;-2.63;
2026;07;11;46;0.00;-4.00;
2026;07;11;47;0.66;-4.76;
2026;07;11;48;-4.90;-6.00;
2026;07;11;49;0.67;-5.00;
2026;07;11;50;0.00;-7.00;
2026;07;11;51;-0.50;-6.74;
2026;07;11;52;-5.00;-11.00;
2026;07;11;53;0.00;.00;
2026;07;11;54;0.00;-.01;
2026;07;11;55;0.00;-1.98;
2026;07;11;56;-2.01;-2.01;
2026;07;11;57;0.00;-.21;
2026;07;11;58;-0.11;-.11;
2026;07;11;59;-0.01;-.01;
2026;07;11;60;0.00;.00;
2026;07;11;61;0.00;-9.99;
2026;07;11;62;0.00;-9.00;
2026;07;11;63;-6.75;-6.75;
2026;07;11;64;-6.71;-6.71;
2026;07;11;65;0.00;-7.00;
2026;07;11;66;-10.00;-10.00;
2026;07;11;67;-10.82;-10.82;
2026;07;11;68;-9.66;-9.66;
2026;07;11;69;-1.80;-1.80;
2026;07;11;70;-0.73;-.73;
2026;07;11;71;0.17;.17;
2026;07;11;72;7.76;7.76;
2026;07;11;73;20.00;20.00;
2026;07;11;74;36.47;36.47;
2026;07;11;75;48.60;48.60;
2026;07;11;76;56.52;56.52;
2026;07;11;77;51.51;51.51;
2026;07;11;78;83.46;83.46;
2026;07;11;79;94.71;94.71;
2026;07;11;80;116.35;116.35;
2026;07;11;81;97.30;97.30;
2026;07;11;82;121.47;121.47;
2026;07;11;83;136.77;136.77;
2026;07;11;84;145.50;145.50;
2026;07;11;85;147.36;147.36;
2026;07;11;86;148.38;148.38;
2026;07;11;87;152.95;152.95;
2026;07;11;88;149.94;149.94;
2026;07;11;89;153.01;155.01;
2026;07;11;90;152.35;152.35;
2026;07;11;91;153.28;153.28;
2026;07;11;92;148.00;148.00;
2026;07;11;93;149.38;149.38;
2026;07;11;94;143.23;143.23;
2026;07;11;95;143.00;143.00;
2026;07;11;96;140.62;140.62;
*
