MARGINALPIBC;
2025;02;09;1;125.00;125.00;
2025;02;09;2;105.82;105.82;
2025;02;09;3;101.86;101.86;
2025;02;09;4;90.90;90.90;
2025;02;09;5;83.10;83.10;
2025;02;09;6;83.00;83.00;
2025;02;09;7;93.99;93.99;
2025;02;09;8;100.21;100.21;
2025;02;09;9;107.47;107.47;
2025;02;09;10;88.37;88.37;
2025;02;09;11;71.85;71.85;
2025;02;09;12;66.70;66.70;
2025;02;09;13;64.00;64.00;
2025;02;09;14;70.00;70.00;
2025;02;09;15;70.00;70.00;
2025;02;09;16;70.00;70.00;
2025;02;09;17;89.31;89.31;
2025;02;09;18;108.71;108.71;
2025;02;09;19;162.91;162.96;
2025;02;09;20;164.86;165.90;
2025;02;09;21;182.99;189.37;
2025;02;09;22;165.14;170.14;
2025;02;09;23;145.30;148.30;
2025;02;09;24;131.67;131.67;
*
