MARGINALPIBC;
2025;02;27;1;115.20;115.20;
2025;02;27;2;114.36;114.36;
2025;02;27;3;106.10;106.10;
2025;02;27;4;103.54;103.54;
2025;02;27;5;101.10;101.10;
2025;02;27;6;104.45;104.45;
2025;02;27;7;117.14;117.14;
2025;02;27;8;140.00;148.26;
2025;02;27;9;168.62;181.27;
2025;02;27;10;129.19;129.28;
2025;02;27;11;109.88;109.88;
2025;02;27;12;101.90;101.90;
2025;02;27;13;93.10;93.10;
2025;02;27;14;89.10;89.10;
2025;02;27;15;86.90;86.90;
2025;02;27;16;89.10;89.10;
2025;02;27;17;100.10;100.10;
2025;02;27;18;113.95;113.95;
2025;02;27;19;132.68;136.23;
2025;02;27;20;165.00;166.29;
2025;02;27;21;219.03;221.08;
2025;02;27;22;147.01;147.16;
2025;02;27;23;122.31;122.31;
2025;02;27;24;113.50;113.50;
*
