MARGINALPIBC;
2026;05;02;1;90.64;90.64;
2026;05;02;2;84.78;84.78;
2026;05;02;3;80.51;80.51;
2026;05;02;4;77.39;77.39;
2026;05;02;5;84.78;84.78;
2026;05;02;6;83.20;83.20;
2026;05;02;7;83.20;83.20;
2026;05;02;8;83.20;83.20;
2026;05;02;9;80.93;80.93;
2026;05;02;10;81.30;81.30;
2026;05;02;11;60.39;60.39;
2026;05;02;12;70.50;70.50;
2026;05;02;13;59.30;59.30;
2026;05;02;14;59.16;59.16;
2026;05;02;15;56.70;56.70;
2026;05;02;16;54.05;54.05;
2026;05;02;17;61.19;61.19;
2026;05;02;18;58.15;58.15;
2026;05;02;19;55.67;55.67;
2026;05;02;20;54.99;54.99;
2026;05;02;21;59.59;59.59;
2026;05;02;22;64.17;64.17;
2026;05;02;23;65.20;65.20;
2026;05;02;24;67.53;67.53;
2026;05;02;25;65.30;65.30;
2026;05;02;26;78.47;78.47;
2026;05;02;27;78.47;78.47;
2026;05;02;28;78.47;78.47;
2026;05;02;29;58.90;58.90;
2026;05;02;30;59.30;59.30;
2026;05;02;31;64.78;64.78;
2026;05;02;32;62.79;62.79;
2026;05;02;33;61.23;61.23;
2026;05;02;34;59.03;59.03;
2026;05;02;35;50.02;50.02;
2026;05;02;36;42.50;42.50;
2026;05;02;37;55.53;55.53;
2026;05;02;38;50.00;50.00;
2026;05;02;39;33.24;33.24;
2026;05;02;40;26.15;26.15;
2026;05;02;41;35.00;35.00;
2026;05;02;42;25.08;25.08;
2026;05;02;43;17.98;17.98;
2026;05;02;44;9.28;9.28;
2026;05;02;45;10.00;10.00;
2026;05;02;46;7.47;7.47;
2026;05;02;47;3.08;3.08;
2026;05;02;48;1.81;1.81;
2026;05;02;49;7.47;.00;
2026;05;02;50;7.47;.84;
2026;05;02;51;7.47;.64;
2026;05;02;52;7.47;.00;
2026;05;02;53;7.47;-1.19;
2026;05;02;54;7.47;-1.00;
2026;05;02;55;7.47;.00;
2026;05;02;56;7.47;.00;
2026;05;02;57;7.47;-.82;
2026;05;02;58;7.47;-.82;
2026;05;02;59;5.00;-1.21;
2026;05;02;60;5.00;-1.21;
2026;05;02;61;4.69;-4.50;
2026;05;02;62;4.17;-4.50;
2026;05;02;63;4.16;-1.21;
2026;05;02;64;4.16;-1.21;
2026;05;02;65;2.99;-.50;
2026;05;02;66;2.99;-.28;
2026;05;02;67;3.00;-5.00;
2026;05;02;68;3.00;-5.00;
2026;05;02;69;1.27;.84;
2026;05;02;70;0.89;.84;
2026;05;02;71;3.08;3.08;
2026;05;02;72;6.93;6.93;
2026;05;02;73;3.08;3.08;
2026;05;02;74;7.47;7.47;
2026;05;02;75;17.18;17.18;
2026;05;02;76;26.00;26.00;
2026;05;02;77;29.51;29.51;
2026;05;02;78;53.35;53.35;
2026;05;02;79;60.03;60.03;
2026;05;02;80;78.58;78.58;
2026;05;02;81;56.75;56.75;
2026;05;02;82;78.02;78.02;
2026;05;02;83;84.78;84.78;
2026;05;02;84;89.92;89.92;
2026;05;02;85;91.29;91.29;
2026;05;02;86;93.00;93.00;
2026;05;02;87;99.71;99.71;
2026;05;02;88;94.65;94.65;
2026;05;02;89;94.91;94.91;
2026;05;02;90;93.73;93.73;
2026;05;02;91;95.22;95.22;
2026;05;02;92;87.43;87.43;
2026;05;02;93;83.93;83.93;
2026;05;02;94;82.24;82.24;
2026;05;02;95;83.08;83.08;
2026;05;02;96;78.47;78.47;
*
