MARGINALPIBC;
2025;07;09;1;110.12;110.12;
2025;07;09;2;109.02;109.02;
2025;07;09;3;108.62;108.62;
2025;07;09;4;106.80;106.80;
2025;07;09;5;102.21;102.21;
2025;07;09;6;102.01;102.01;
2025;07;09;7;101.00;101.00;
2025;07;09;8;99.28;99.28;
2025;07;09;9;99.42;99.42;
2025;07;09;10;99.42;99.42;
2025;07;09;11;99.41;99.41;
2025;07;09;12;99.42;99.42;
2025;07;09;13;101.32;101.32;
2025;07;09;14;101.52;101.52;
2025;07;09;15;101.52;101.52;
2025;07;09;16;101.52;101.52;
2025;07;09;17;106.60;106.60;
2025;07;09;18;106.60;106.60;
2025;07;09;19;106.80;106.80;
2025;07;09;20;106.80;106.80;
2025;07;09;21;108.37;108.37;
2025;07;09;22;108.57;108.57;
2025;07;09;23;108.57;108.57;
2025;07;09;24;109.87;109.87;
2025;07;09;25;103.57;103.57;
2025;07;09;26;105.27;105.27;
2025;07;09;27;105.27;105.27;
2025;07;09;28;106.47;106.47;
2025;07;09;29;110.02;110.02;
2025;07;09;30;110.22;110.22;
2025;07;09;31;110.02;110.02;
2025;07;09;32;109.82;109.82;
2025;07;09;33;108.75;108.75;
2025;07;09;34;106.75;106.75;
2025;07;09;35;100.25;100.25;
2025;07;09;36;89.40;89.40;
2025;07;09;37;97.50;97.50;
2025;07;09;38;91.84;91.84;
2025;07;09;39;86.71;86.71;
2025;07;09;40;79.50;79.50;
2025;07;09;41;76.60;76.60;
2025;07;09;42;61.91;61.91;
2025;07;09;43;59.76;59.76;
2025;07;09;44;57.10;57.10;
2025;07;09;45;45.00;45.00;
2025;07;09;46;44.99;44.99;
2025;07;09;47;43.00;43.00;
2025;07;09;48;41.46;41.46;
2025;07;09;49;40.10;40.10;
2025;07;09;50;40.10;40.10;
2025;07;09;51;40.10;40.10;
2025;07;09;52;40.10;40.10;
2025;07;09;53;41.20;41.20;
2025;07;09;54;41.20;41.20;
2025;07;09;55;41.20;41.20;
2025;07;09;56;41.20;41.20;
2025;07;09;57;41.20;41.20;
2025;07;09;58;41.20;41.20;
2025;07;09;59;41.20;41.20;
2025;07;09;60;41.20;41.20;
2025;07;09;61;45.55;45.55;
2025;07;09;62;45.55;45.55;
2025;07;09;63;45.55;45.55;
2025;07;09;64;48.55;48.55;
2025;07;09;65;55.00;55.00;
2025;07;09;66;60.00;60.00;
2025;07;09;67;67.50;67.50;
2025;07;09;68;76.00;76.00;
2025;07;09;69;76.19;76.19;
2025;07;09;70;79.00;79.00;
2025;07;09;71;84.55;84.55;
2025;07;09;72;87.24;87.24;
2025;07;09;73;73.80;73.80;
2025;07;09;74;75.40;75.40;
2025;07;09;75;81.67;81.67;
2025;07;09;76;89.11;89.11;
2025;07;09;77;91.41;91.41;
2025;07;09;78;102.98;102.98;
2025;07;09;79;110.21;110.21;
2025;07;09;80;118.02;118.02;
2025;07;09;81;100.04;100.04;
2025;07;09;82;111.04;111.04;
2025;07;09;83;116.09;116.09;
2025;07;09;84;134.74;134.74;
2025;07;09;85;153.75;153.75;
2025;07;09;86;155.75;155.75;
2025;07;09;87;155.75;155.75;
2025;07;09;88;155.75;155.75;
2025;07;09;89;143.21;146.58;
2025;07;09;90;143.21;145.01;
2025;07;09;91;143.01;143.01;
2025;07;09;92;140.01;140.01;
2025;07;09;93;120.00;120.00;
2025;07;09;94;119.78;119.78;
2025;07;09;95;118.00;118.00;
2025;07;09;96;115.03;115.03;
*
