MARGINALPIBC;
2025;11;02;1;81.86;81.86;
2025;11;02;2;80.80;80.80;
2025;11;02;3;72.00;72.00;
2025;11;02;4;65.10;65.10;
2025;11;02;5;67.51;67.51;
2025;11;02;6;58.62;58.62;
2025;11;02;7;51.93;51.93;
2025;11;02;8;50.00;50.00;
2025;11;02;9;40.60;40.60;
2025;11;02;10;35.07;35.07;
2025;11;02;11;30.05;30.05;
2025;11;02;12;20.70;20.70;
2025;11;02;13;23.87;23.87;
2025;11;02;14;15.40;15.40;
2025;11;02;15;17.22;17.22;
2025;11;02;16;12.13;12.13;
2025;11;02;17;21.05;21.05;
2025;11;02;18;18.11;18.11;
2025;11;02;19;17.39;17.39;
2025;11;02;20;17.28;17.28;
2025;11;02;21;29.58;29.58;
2025;11;02;22;25.90;25.90;
2025;11;02;23;26.69;26.69;
2025;11;02;24;26.90;26.90;
2025;11;02;25;29.99;29.99;
2025;11;02;26;30.45;30.45;
2025;11;02;27;33.99;33.99;
2025;11;02;28;34.59;34.59;
2025;11;02;29;38.54;38.54;
2025;11;02;30;40.00;40.00;
2025;11;02;31;42.50;42.50;
2025;11;02;32;40.60;40.60;
2025;11;02;33;38.30;38.30;
2025;11;02;34;26.65;26.65;
2025;11;02;35;17.19;17.19;
2025;11;02;36;14.40;14.40;
2025;11;02;37;29.50;29.50;
2025;11;02;38;13.16;13.16;
2025;11;02;39;5.02;3.52;
2025;11;02;40;4.31;1.70;
2025;11;02;41;1.25;.65;
2025;11;02;42;3.52;.01;
2025;11;02;43;1.50;.00;
2025;11;02;44;1.50;.00;
2025;11;02;45;0.00;.00;
2025;11;02;46;0.00;-.50;
2025;11;02;47;0.00;-.50;
2025;11;02;48;0.00;-.50;
2025;11;02;49;0.00;-.50;
2025;11;02;50;0.00;-.95;
2025;11;02;51;0.00;-2.51;
2025;11;02;52;0.00;-3.62;
2025;11;02;53;0.90;-3.62;
2025;11;02;54;0.90;-2.51;
2025;11;02;55;0.90;-3.24;
2025;11;02;56;0.90;-3.62;
2025;11;02;57;0.90;-.95;
2025;11;02;58;0.90;-.95;
2025;11;02;59;0.90;-.95;
2025;11;02;60;0.90;-.95;
2025;11;02;61;0.00;-.50;
2025;11;02;62;0.00;-.50;
2025;11;02;63;0.90;.00;
2025;11;02;64;0.90;.01;
2025;11;02;65;1.61;.51;
2025;11;02;66;4.31;1.72;
2025;11;02;67;5.91;5.11;
2025;11;02;68;24.19;24.19;
2025;11;02;69;14.00;14.00;
2025;11;02;70;30.24;30.24;
2025;11;02;71;54.44;54.44;
2025;11;02;72;73.27;73.27;
2025;11;02;73;73.70;73.70;
2025;11;02;74;80.20;80.20;
2025;11;02;75;81.55;81.55;
2025;11;02;76;84.93;84.93;
2025;11;02;77;90.24;90.24;
2025;11;02;78;92.18;92.18;
2025;11;02;79;93.20;93.20;
2025;11;02;80;97.56;97.56;
2025;11;02;81;99.00;99.00;
2025;11;02;82;99.84;99.84;
2025;11;02;83;100.86;100.86;
2025;11;02;84;100.86;100.86;
2025;11;02;85;103.50;103.50;
2025;11;02;86;102.43;102.43;
2025;11;02;87;100.56;100.56;
2025;11;02;88;99.90;99.90;
2025;11;02;89;97.80;97.80;
2025;11;02;90;92.87;92.87;
2025;11;02;91;92.08;92.08;
2025;11;02;92;90.00;90.00;
2025;11;02;93;90.93;90.93;
2025;11;02;94;91.96;91.96;
2025;11;02;95;85.99;85.99;
2025;11;02;96;81.50;81.50;
*
