MARGINALPIBC;
2025;02;20;1;100.04;100.04;
2025;02;20;2;94.00;94.00;
2025;02;20;3;93.95;93.95;
2025;02;20;4;84.03;84.03;
2025;02;20;5;83.62;83.62;
2025;02;20;6;85.83;85.83;
2025;02;20;7;98.19;98.19;
2025;02;20;8;114.00;114.00;
2025;02;20;9;132.18;132.18;
2025;02;20;10;103.52;103.52;
2025;02;20;11;76.99;76.99;
2025;02;20;12;53.55;53.55;
2025;02;20;13;37.00;37.00;
2025;02;20;14;28.80;28.30;
2025;02;20;15;21.23;20.33;
2025;02;20;16;30.00;29.70;
2025;02;20;17;50.00;50.00;
2025;02;20;18;78.00;78.00;
2025;02;20;19;126.23;126.23;
2025;02;20;20;138.20;138.20;
2025;02;20;21;145.56;148.57;
2025;02;20;22;127.00;127.00;
2025;02;20;23;100.04;100.04;
2025;02;20;24;88.00;88.00;
*
