MARGINALPIBC;
2025;12;13;1;88.17;88.17;
2025;12;13;2;86.07;86.07;
2025;12;13;3;82.17;82.17;
2025;12;13;4;80.95;80.95;
2025;12;13;5;82.17;82.17;
2025;12;13;6;78.12;78.12;
2025;12;13;7;79.26;79.26;
2025;12;13;8;76.85;76.85;
2025;12;13;9;77.86;77.86;
2025;12;13;10;75.00;75.00;
2025;12;13;11;74.12;74.12;
2025;12;13;12;74.62;74.62;
2025;12;13;13;75.60;75.60;
2025;12;13;14;70.40;70.40;
2025;12;13;15;69.90;69.90;
2025;12;13;16;68.65;68.65;
2025;12;13;17;69.90;69.90;
2025;12;13;18;65.95;65.95;
2025;12;13;19;66.99;66.99;
2025;12;13;20;64.80;64.80;
2025;12;13;21;67.00;67.00;
2025;12;13;22;67.10;67.10;
2025;12;13;23;69.44;69.44;
2025;12;13;24;71.95;71.95;
2025;12;13;25;69.90;69.90;
2025;12;13;26;69.90;69.90;
2025;12;13;27;74.96;74.96;
2025;12;13;28;72.65;72.65;
2025;12;13;29;77.10;77.10;
2025;12;13;30;78.66;78.66;
2025;12;13;31;79.45;79.45;
2025;12;13;32;80.35;80.35;
2025;12;13;33;80.71;80.71;
2025;12;13;34;82.10;82.10;
2025;12;13;35;82.16;82.16;
2025;12;13;36;82.08;82.08;
2025;12;13;37;84.97;84.97;
2025;12;13;38;83.40;83.40;
2025;12;13;39;81.19;81.19;
2025;12;13;40;79.89;79.89;
2025;12;13;41;80.01;80.01;
2025;12;13;42;78.23;78.23;
2025;12;13;43;76.24;76.24;
2025;12;13;44;75.32;75.32;
2025;12;13;45;74.96;74.96;
2025;12;13;46;71.32;71.32;
2025;12;13;47;70.55;70.55;
2025;12;13;48;69.99;69.99;
2025;12;13;49;71.42;71.42;
2025;12;13;50;69.99;69.99;
2025;12;13;51;70.00;70.00;
2025;12;13;52;69.99;69.99;
2025;12;13;53;66.00;66.00;
2025;12;13;54;67.36;67.36;
2025;12;13;55;66.08;66.08;
2025;12;13;56;66.80;66.80;
2025;12;13;57;67.51;67.51;
2025;12;13;58;68.80;68.80;
2025;12;13;59;70.00;70.00;
2025;12;13;60;70.00;70.00;
2025;12;13;61;69.41;69.41;
2025;12;13;62;74.01;74.01;
2025;12;13;63;74.70;74.70;
2025;12;13;64;76.60;76.60;
2025;12;13;65;79.32;79.32;
2025;12;13;66;77.70;77.70;
2025;12;13;67;80.20;80.20;
2025;12;13;68;82.51;82.51;
2025;12;13;69;82.39;82.39;
2025;12;13;70;88.86;88.86;
2025;12;13;71;95.50;95.50;
2025;12;13;72;96.85;96.85;
2025;12;13;73;94.94;94.94;
2025;12;13;74;96.38;96.38;
2025;12;13;75;97.61;97.61;
2025;12;13;76;99.00;99.00;
2025;12;13;77;92.46;92.46;
2025;12;13;78;92.07;92.07;
2025;12;13;79;91.01;91.01;
2025;12;13;80;91.22;91.22;
2025;12;13;81;91.01;91.01;
2025;12;13;82;90.81;90.81;
2025;12;13;83;90.53;90.53;
2025;12;13;84;90.03;90.03;
2025;12;13;85;95.87;95.87;
2025;12;13;86;96.87;96.87;
2025;12;13;87;95.08;95.08;
2025;12;13;88;92.70;92.70;
2025;12;13;89;98.00;98.00;
2025;12;13;90;99.72;99.72;
2025;12;13;91;96.40;96.40;
2025;12;13;92;94.11;94.11;
2025;12;13;93;95.38;95.38;
2025;12;13;94;89.71;89.71;
2025;12;13;95;83.36;83.36;
2025;12;13;96;81.00;81.00;
*
