MARGINALPIBC;
2025;04;24;1;72.23;72.23;
2025;04;24;2;68.94;68.94;
2025;04;24;3;66.46;66.46;
2025;04;24;4;57.82;57.82;
2025;04;24;5;48.68;48.68;
2025;04;24;6;45.89;45.89;
2025;04;24;7;39.90;39.90;
2025;04;24;8;35.90;35.90;
2025;04;24;9;43.50;43.50;
2025;04;24;10;42.50;42.50;
2025;04;24;11;41.49;41.49;
2025;04;24;12;41.00;41.00;
2025;04;24;13;22.46;22.46;
2025;04;24;14;21.45;21.45;
2025;04;24;15;20.80;20.80;
2025;04;24;16;20.00;20.00;
2025;04;24;17;20.80;20.80;
2025;04;24;18;20.67;20.67;
2025;04;24;19;20.26;20.26;
2025;04;24;20;20.01;20.01;
2025;04;24;21;21.17;21.17;
2025;04;24;22;26.51;26.51;
2025;04;24;23;28.17;28.17;
2025;04;24;24;32.18;32.18;
2025;04;24;25;59.07;59.07;
2025;04;24;26;59.59;59.59;
2025;04;24;27;60.74;60.74;
2025;04;24;28;61.38;61.38;
2025;04;24;29;81.96;81.96;
2025;04;24;30;83.00;83.00;
2025;04;24;31;81.96;81.96;
2025;04;24;32;80.00;80.00;
2025;04;24;33;82.54;82.54;
2025;04;24;34;71.33;71.33;
2025;04;24;35;44.67;44.67;
2025;04;24;36;31.00;31.00;
2025;04;24;37;24.97;24.97;
2025;04;24;38;12.97;12.97;
2025;04;24;39;0.00;.00;
2025;04;24;40;-3.62;-3.62;
2025;04;24;41;3.00;-.64;
2025;04;24;42;3.00;-3.62;
2025;04;24;43;3.00;-4.62;
2025;04;24;44;3.00;-7.00;
2025;04;24;45;4.31;-5.21;
2025;04;24;46;4.31;-7.00;
2025;04;24;47;4.31;-7.00;
2025;04;24;48;4.31;-7.98;
2025;04;24;49;4.31;-3.62;
2025;04;24;50;4.31;-3.62;
2025;04;24;51;4.31;-3.62;
2025;04;24;52;4.31;-3.62;
2025;04;24;53;4.31;-3.62;
2025;04;24;54;4.31;-3.62;
2025;04;24;55;0.00;-3.62;
2025;04;24;56;0.00;-3.62;
2025;04;24;57;0.00;-4.91;
2025;04;24;58;0.00;-4.62;
2025;04;24;59;0.00;-4.41;
2025;04;24;60;0.00;-3.62;
2025;04;24;61;0.00;-5.21;
2025;04;24;62;0.00;-5.01;
2025;04;24;63;4.31;-5.01;
2025;04;24;64;4.31;-3.62;
2025;04;24;65;0.00;-3.62;
2025;04;24;66;0.00;-3.62;
2025;04;24;67;0.00;-3.62;
2025;04;24;68;0.00;-3.62;
2025;04;24;69;0.00;-7.99;
2025;04;24;70;0.00;-7.00;
2025;04;24;71;0.00;-6.32;
2025;04;24;72;4.31;-3.62;
2025;04;24;73;-5.21;-5.21;
2025;04;24;74;-3.62;-3.62;
2025;04;24;75;0.73;.73;
2025;04;24;76;8.53;8.53;
2025;04;24;77;7.00;7.00;
2025;04;24;78;17.37;17.37;
2025;04;24;79;46.46;46.46;
2025;04;24;80;66.46;66.46;
2025;04;24;81;38.01;73.65;
2025;04;24;82;82.35;82.35;
2025;04;24;83;92.35;92.35;
2025;04;24;84;95.75;95.75;
2025;04;24;85;108.76;108.76;
2025;04;24;86;102.48;102.48;
2025;04;24;87;100.48;100.48;
2025;04;24;88;92.52;92.52;
2025;04;24;89;93.73;93.73;
2025;04;24;90;93.73;93.73;
2025;04;24;91;93.73;93.73;
2025;04;24;92;76.53;92.81;
2025;04;24;93;86.07;86.07;
2025;04;24;94;86.04;86.04;
2025;04;24;95;82.22;82.22;
2025;04;24;96;65.01;78.01;
*
