MARGINALPIBC;
2025;12;20;1;92.33;92.33;
2025;12;20;2;93.13;93.13;
2025;12;20;3;91.67;91.67;
2025;12;20;4;87.50;87.50;
2025;12;20;5;84.60;84.60;
2025;12;20;6;81.85;81.85;
2025;12;20;7;80.18;80.18;
2025;12;20;8;77.63;77.63;
2025;12;20;9;81.85;81.85;
2025;12;20;10;79.27;79.27;
2025;12;20;11;75.17;75.17;
2025;12;20;12;65.00;65.00;
2025;12;20;13;67.40;67.40;
2025;12;20;14;60.00;60.00;
2025;12;20;15;61.82;61.82;
2025;12;20;16;51.19;51.19;
2025;12;20;17;64.57;64.57;
2025;12;20;18;57.00;57.00;
2025;12;20;19;56.57;56.57;
2025;12;20;20;55.68;55.68;
2025;12;20;21;60.00;60.00;
2025;12;20;22;62.00;62.00;
2025;12;20;23;60.00;60.00;
2025;12;20;24;59.42;59.42;
2025;12;20;25;63.00;63.00;
2025;12;20;26;66.60;66.60;
2025;12;20;27;68.01;68.01;
2025;12;20;28;72.21;72.21;
2025;12;20;29;74.26;74.26;
2025;12;20;30;75.17;75.17;
2025;12;20;31;78.80;78.80;
2025;12;20;32;79.60;79.60;
2025;12;20;33;80.12;80.12;
2025;12;20;34;83.17;83.17;
2025;12;20;35;85.00;85.00;
2025;12;20;36;86.11;86.11;
2025;12;20;37;93.50;93.50;
2025;12;20;38;90.09;90.09;
2025;12;20;39;87.29;87.29;
2025;12;20;40;83.97;83.97;
2025;12;20;41;85.40;85.40;
2025;12;20;42;83.49;83.49;
2025;12;20;43;77.85;77.85;
2025;12;20;44;73.71;73.71;
2025;12;20;45;75.17;75.17;
2025;12;20;46;67.77;67.77;
2025;12;20;47;64.93;64.93;
2025;12;20;48;57.21;57.21;
2025;12;20;49;63.41;63.41;
2025;12;20;50;61.72;61.72;
2025;12;20;51;75.17;75.17;
2025;12;20;52;70.90;70.90;
2025;12;20;53;65.18;65.18;
2025;12;20;54;61.81;61.81;
2025;12;20;55;60.00;60.00;
2025;12;20;56;57.47;57.47;
2025;12;20;57;66.76;66.76;
2025;12;20;58;65.14;65.14;
2025;12;20;59;65.99;65.99;
2025;12;20;60;64.73;64.73;
2025;12;20;61;64.29;64.29;
2025;12;20;62;65.14;65.14;
2025;12;20;63;73.33;73.33;
2025;12;20;64;76.93;76.93;
2025;12;20;65;75.17;75.17;
2025;12;20;66;70.40;70.40;
2025;12;20;67;75.17;75.17;
2025;12;20;68;83.04;83.04;
2025;12;20;69;82.59;82.59;
2025;12;20;70;88.99;88.99;
2025;12;20;71;95.17;95.17;
2025;12;20;72;94.80;94.80;
2025;12;20;73;93.30;93.30;
2025;12;20;74;94.50;94.50;
2025;12;20;75;96.92;96.92;
2025;12;20;76;96.47;96.47;
2025;12;20;77;96.47;96.47;
2025;12;20;78;96.47;96.47;
2025;12;20;79;95.63;95.63;
2025;12;20;80;94.44;94.44;
2025;12;20;81;89.60;89.60;
2025;12;20;82;90.16;90.16;
2025;12;20;83;88.58;88.58;
2025;12;20;84;84.60;84.60;
2025;12;20;85;89.50;89.50;
2025;12;20;86;86.03;86.03;
2025;12;20;87;83.41;83.41;
2025;12;20;88;78.70;78.70;
2025;12;20;89;88.47;88.47;
2025;12;20;90;81.13;81.13;
2025;12;20;91;83.70;83.70;
2025;12;20;92;80.67;80.67;
2025;12;20;93;78.63;78.63;
2025;12;20;94;75.17;75.17;
2025;12;20;95;75.17;75.17;
2025;12;20;96;68.20;68.20;
*
