MARGINALPIBC;
2025;05;04;1;42.80;42.80;
2025;05;04;2;36.13;36.13;
2025;05;04;3;34.13;34.13;
2025;05;04;4;27.04;27.04;
2025;05;04;5;32.35;32.35;
2025;05;04;6;27.35;27.35;
2025;05;04;7;19.01;19.01;
2025;05;04;8;14.41;14.41;
2025;05;04;9;24.01;24.01;
2025;05;04;10;21.01;21.01;
2025;05;04;11;16.02;16.02;
2025;05;04;12;13.01;13.01;
2025;05;04;13;19.31;19.31;
2025;05;04;14;19.31;19.31;
2025;05;04;15;17.31;17.31;
2025;05;04;16;17.31;17.31;
2025;05;04;17;16.54;16.04;
2025;05;04;18;16.54;14.54;
2025;05;04;19;16.54;14.54;
2025;05;04;20;16.54;14.54;
2025;05;04;21;15.58;15.58;
2025;05;04;22;15.58;15.58;
2025;05;04;23;15.58;15.58;
2025;05;04;24;15.58;15.58;
2025;05;04;25;13.62;13.62;
2025;05;04;26;13.62;13.62;
2025;05;04;27;13.62;13.62;
2025;05;04;28;13.62;11.62;
2025;05;04;29;13.10;12.83;
2025;05;04;30;13.10;7.83;
2025;05;04;31;13.10;5.74;
2025;05;04;32;13.10;.00;
2025;05;04;33;18.93;12.87;
2025;05;04;34;18.93;3.50;
2025;05;04;35;18.93;-3.01;
2025;05;04;36;19.93;-10.00;
2025;05;04;37;19.68;3.52;
2025;05;04;38;18.93;.11;
2025;05;04;39;18.93;-1.99;
2025;05;04;40;19.93;-8.62;
2025;05;04;41;19.68;.00;
2025;05;04;42;18.93;-.01;
2025;05;04;43;18.92;-.13;
2025;05;04;44;15.99;-3.01;
2025;05;04;45;19.68;-.77;
2025;05;04;46;18.93;-2.13;
2025;05;04;47;16.92;-3.62;
2025;05;04;48;15.99;-3.62;
2025;05;04;49;21.03;-1.01;
2025;05;04;50;21.03;-2.13;
2025;05;04;51;21.03;-3.51;
2025;05;04;52;21.03;-3.62;
2025;05;04;53;21.03;-1.54;
2025;05;04;54;21.03;-2.00;
2025;05;04;55;21.03;-2.80;
2025;05;04;56;21.03;-4.03;
2025;05;04;57;17.21;-6.01;
2025;05;04;58;16.30;-5.46;
2025;05;04;59;16.20;-6.96;
2025;05;04;60;16.20;-5.57;
2025;05;04;61;8.30;-8.01;
2025;05;04;62;6.30;-6.50;
2025;05;04;63;6.30;-7.00;
2025;05;04;64;6.30;-8.00;
2025;05;04;65;6.09;-10.03;
2025;05;04;66;6.09;-8.00;
2025;05;04;67;6.09;-8.00;
2025;05;04;68;6.09;-7.70;
2025;05;04;69;6.09;-19.00;
2025;05;04;70;6.09;-8.62;
2025;05;04;71;6.09;-6.50;
2025;05;04;72;6.09;-3.90;
2025;05;04;73;14.86;-9.62;
2025;05;04;74;14.86;-3.62;
2025;05;04;75;14.86;-.01;
2025;05;04;76;25.99;.00;
2025;05;04;77;21.04;-10.00;
2025;05;04;78;21.04;-4.91;
2025;05;04;79;21.04;8.52;
2025;05;04;80;29.99;29.99;
2025;05;04;81;15.99;-.13;
2025;05;04;82;31.13;6.10;
2025;05;04;83;35.13;19.74;
2025;05;04;84;36.13;29.00;
2025;05;04;85;25.00;25.00;
2025;05;04;86;32.20;32.20;
2025;05;04;87;32.99;32.99;
2025;05;04;88;30.00;30.00;
2025;05;04;89;33.01;33.01;
2025;05;04;90;23.00;23.00;
2025;05;04;91;24.00;24.00;
2025;05;04;92;20.00;20.00;
2025;05;04;93;24.41;24.01;
2025;05;04;94;23.50;23.50;
2025;05;04;95;22.41;16.50;
2025;05;04;96;23.16;10.00;
*
