MARGINALPIBC;
2025;10;16;1;123.00;123.00;
2025;10;16;2;123.32;123.32;
2025;10;16;3;120.84;120.84;
2025;10;16;4;120.00;120.00;
2025;10;16;5;115.90;115.90;
2025;10;16;6;113.40;113.40;
2025;10;16;7;113.57;113.57;
2025;10;16;8;110.36;110.36;
2025;10;16;9;110.69;110.69;
2025;10;16;10;111.29;111.29;
2025;10;16;11;111.27;111.27;
2025;10;16;12;110.53;110.53;
2025;10;16;13;109.61;109.61;
2025;10;16;14;109.67;109.67;
2025;10;16;15;109.75;109.75;
2025;10;16;16;109.67;109.67;
2025;10;16;17;109.90;109.90;
2025;10;16;18;109.30;109.30;
2025;10;16;19;109.67;109.67;
2025;10;16;20;109.77;109.77;
2025;10;16;21;108.40;108.40;
2025;10;16;22;107.53;107.53;
2025;10;16;23;109.29;109.29;
2025;10;16;24;110.78;110.78;
2025;10;16;25;110.98;110.98;
2025;10;16;26;114.14;114.14;
2025;10;16;27;117.77;117.77;
2025;10;16;28;120.07;120.07;
2025;10;16;29;118.32;118.32;
2025;10;16;30;124.00;124.00;
2025;10;16;31;130.00;130.00;
2025;10;16;32;141.33;141.33;
2025;10;16;33;150.30;150.30;
2025;10;16;34;158.43;158.43;
2025;10;16;35;157.00;157.00;
2025;10;16;36;149.01;149.01;
2025;10;16;37;149.72;149.72;
2025;10;16;38;129.85;129.85;
2025;10;16;39;114.89;114.89;
2025;10;16;40;112.41;112.41;
2025;10;16;41;110.86;110.86;
2025;10;16;42;105.23;105.23;
2025;10;16;43;99.69;99.69;
2025;10;16;44;97.94;97.94;
2025;10;16;45;105.73;83.26;
2025;10;16;46;88.38;75.45;
2025;10;16;47;83.53;75.35;
2025;10;16;48;83.36;64.51;
2025;10;16;49;90.00;72.50;
2025;10;16;50;90.00;58.63;
2025;10;16;51;90.00;59.00;
2025;10;16;52;90.00;61.07;
2025;10;16;53;90.00;54.08;
2025;10;16;54;90.00;52.89;
2025;10;16;55;90.00;55.99;
2025;10;16;56;90.00;52.76;
2025;10;16;57;90.00;61.74;
2025;10;16;58;90.00;61.01;
2025;10;16;59;90.00;58.07;
2025;10;16;60;90.00;54.38;
2025;10;16;61;90.00;52.00;
2025;10;16;62;90.00;60.00;
2025;10;16;63;90.00;63.90;
2025;10;16;64;90.00;64.19;
2025;10;16;65;90.00;65.45;
2025;10;16;66;90.00;63.69;
2025;10;16;67;90.00;72.50;
2025;10;16;68;83.11;73.16;
2025;10;16;69;82.92;52.44;
2025;10;16;70;101.03;88.34;
2025;10;16;71;91.02;89.19;
2025;10;16;72;105.03;104.07;
2025;10;16;73;101.88;101.88;
2025;10;16;74;108.78;108.78;
2025;10;16;75;119.10;119.10;
2025;10;16;76;142.00;142.00;
2025;10;16;77;142.90;142.90;
2025;10;16;78;148.75;148.75;
2025;10;16;79;144.99;144.99;
2025;10;16;80;157.00;157.00;
2025;10;16;81;146.35;146.35;
2025;10;16;82;150.46;150.46;
2025;10;16;83;159.68;159.68;
2025;10;16;84;158.18;158.18;
2025;10;16;85;151.32;151.32;
2025;10;16;86;146.81;146.81;
2025;10;16;87;140.33;140.33;
2025;10;16;88;127.62;127.62;
2025;10;16;89;146.25;146.25;
2025;10;16;90;131.00;131.00;
2025;10;16;91;123.80;123.80;
2025;10;16;92;119.32;119.32;
2025;10;16;93;119.04;119.04;
2025;10;16;94;118.34;118.34;
2025;10;16;95;113.48;113.48;
2025;10;16;96;111.45;111.45;
*
