MARGINALPIBC;
2026;05;16;1;87.80;87.80;
2026;05;16;2;87.00;87.00;
2026;05;16;3;74.94;74.94;
2026;05;16;4;68.78;68.78;
2026;05;16;5;75.50;75.50;
2026;05;16;6;73.93;73.93;
2026;05;16;7;73.93;73.93;
2026;05;16;8;73.93;73.93;
2026;05;16;9;75.50;75.50;
2026;05;16;10;73.96;73.96;
2026;05;16;11;73.93;73.93;
2026;05;16;12;68.98;68.98;
2026;05;16;13;72.45;72.45;
2026;05;16;14;71.00;71.00;
2026;05;16;15;70.00;70.00;
2026;05;16;16;69.00;69.00;
2026;05;16;17;73.93;73.93;
2026;05;16;18;71.17;71.17;
2026;05;16;19;68.43;68.43;
2026;05;16;20;73.93;73.93;
2026;05;16;21;67.60;67.60;
2026;05;16;22;68.90;68.90;
2026;05;16;23;71.69;71.69;
2026;05;16;24;74.59;74.59;
2026;05;16;25;73.93;73.93;
2026;05;16;26;73.93;73.93;
2026;05;16;27;73.93;73.93;
2026;05;16;28;74.50;74.50;
2026;05;16;29;87.15;87.15;
2026;05;16;30;82.20;82.20;
2026;05;16;31;75.50;75.50;
2026;05;16;32;63.93;63.93;
2026;05;16;33;85.50;85.50;
2026;05;16;34;63.93;63.93;
2026;05;16;35;20.02;20.02;
2026;05;16;36;0.00;.00;
2026;05;16;37;-0.50;-.50;
2026;05;16;38;0.00;.00;
2026;05;16;39;0.00;-1.16;
2026;05;16;40;0.00;-.01;
2026;05;16;41;1.10;.00;
2026;05;16;42;1.10;-4.99;
2026;05;16;43;1.09;-.01;
2026;05;16;44;1.09;-2.30;
2026;05;16;45;2.00;-3.00;
2026;05;16;46;4.00;-4.55;
2026;05;16;47;2.01;-3.89;
2026;05;16;48;2.00;-2.50;
2026;05;16;49;2.95;-2.20;
2026;05;16;50;2.00;-2.30;
2026;05;16;51;2.00;-2.30;
2026;05;16;52;2.00;-3.16;
2026;05;16;53;2.00;-1.75;
2026;05;16;54;2.00;-4.68;
2026;05;16;55;2.00;-3.64;
2026;05;16;56;2.00;-4.68;
2026;05;16;57;1.10;-5.00;
2026;05;16;58;0.71;-5.00;
2026;05;16;59;0.00;-2.57;
2026;05;16;60;0.00;-.81;
2026;05;16;61;0.28;-3.32;
2026;05;16;62;0.00;-2.82;
2026;05;16;63;0.00;-2.37;
2026;05;16;64;0.00;-1.66;
2026;05;16;65;0.00;-1.00;
2026;05;16;66;0.10;-1.02;
2026;05;16;67;0.00;-3.32;
2026;05;16;68;0.00;-3.32;
2026;05;16;69;0.00;-5.00;
2026;05;16;70;0.00;-5.00;
2026;05;16;71;0.13;-5.00;
2026;05;16;72;0.14;-4.34;
2026;05;16;73;2.00;-6.66;
2026;05;16;74;2.00;-9.90;
2026;05;16;75;2.00;-2.66;
2026;05;16;76;0.34;.34;
2026;05;16;77;0.10;.10;
2026;05;16;78;11.35;11.35;
2026;05;16;79;24.78;24.78;
2026;05;16;80;58.60;58.60;
2026;05;16;81;48.90;48.90;
2026;05;16;82;71.94;71.94;
2026;05;16;83;84.35;84.35;
2026;05;16;84;84.09;96.40;
2026;05;16;85;95.50;96.85;
2026;05;16;86;95.50;100.51;
2026;05;16;87;94.06;104.58;
2026;05;16;88;97.99;98.00;
2026;05;16;89;101.00;112.85;
2026;05;16;90;99.10;107.07;
2026;05;16;91;101.69;113.69;
2026;05;16;92;99.10;108.50;
2026;05;16;93;95.70;103.20;
2026;05;16;94;95.00;95.00;
2026;05;16;95;90.00;99.01;
2026;05;16;96;89.95;89.95;
*
