MARGINALPIBC;
2025;08;12;1;112.77;112.77;
2025;08;12;2;111.02;111.02;
2025;08;12;3;109.33;109.33;
2025;08;12;4;109.13;109.13;
2025;08;12;5;104.94;104.94;
2025;08;12;6;102.44;102.44;
2025;08;12;7;100.14;100.14;
2025;08;12;8;99.94;99.94;
2025;08;12;9;106.47;106.47;
2025;08;12;10;106.64;106.64;
2025;08;12;11;104.92;104.92;
2025;08;12;12;104.72;104.72;
2025;08;12;13;110.38;110.38;
2025;08;12;14;110.38;110.38;
2025;08;12;15;110.38;110.38;
2025;08;12;16;110.20;110.20;
2025;08;12;17;116.51;116.51;
2025;08;12;18;115.50;115.50;
2025;08;12;19;118.00;118.00;
2025;08;12;20;119.61;119.61;
2025;08;12;21;110.20;110.20;
2025;08;12;22;110.20;110.20;
2025;08;12;23;115.50;115.50;
2025;08;12;24;120.00;120.00;
2025;08;12;25;110.20;110.20;
2025;08;12;26;115.19;115.19;
2025;08;12;27;120.00;120.00;
2025;08;12;28;122.20;122.20;
2025;08;12;29;120.20;120.20;
2025;08;12;30;125.08;125.08;
2025;08;12;31;126.70;126.70;
2025;08;12;32;122.20;122.20;
2025;08;12;33;137.33;137.33;
2025;08;12;34;122.20;122.20;
2025;08;12;35;99.69;99.69;
2025;08;12;36;78.69;78.69;
2025;08;12;37;104.52;104.52;
2025;08;12;38;90.85;90.85;
2025;08;12;39;80.14;80.14;
2025;08;12;40;46.23;46.23;
2025;08;12;41;78.87;78.87;
2025;08;12;42;64.53;64.53;
2025;08;12;43;63.41;63.41;
2025;08;12;44;58.45;58.45;
2025;08;12;45;61.89;61.89;
2025;08;12;46;52.73;52.73;
2025;08;12;47;40.94;40.94;
2025;08;12;48;40.20;40.20;
2025;08;12;49;29.75;29.75;
2025;08;12;50;27.35;27.35;
2025;08;12;51;27.20;27.20;
2025;08;12;52;27.20;27.20;
2025;08;12;53;27.78;27.78;
2025;08;12;54;28.18;28.18;
2025;08;12;55;28.18;28.18;
2025;08;12;56;27.78;27.78;
2025;08;12;57;29.10;29.10;
2025;08;12;58;30.20;30.20;
2025;08;12;59;31.19;31.19;
2025;08;12;60;30.20;30.20;
2025;08;12;61;35.05;35.05;
2025;08;12;62;36.95;36.95;
2025;08;12;63;48.69;48.69;
2025;08;12;64;55.35;55.35;
2025;08;12;65;63.67;63.67;
2025;08;12;66;67.80;67.80;
2025;08;12;67;74.80;74.80;
2025;08;12;68;83.54;83.54;
2025;08;12;69;79.93;79.93;
2025;08;12;70;85.82;85.82;
2025;08;12;71;89.10;89.10;
2025;08;12;72;91.82;91.82;
2025;08;12;73;68.50;68.50;
2025;08;12;74;86.67;86.67;
2025;08;12;75;91.84;91.84;
2025;08;12;76;103.32;103.32;
2025;08;12;77;72.20;72.20;
2025;08;12;78;105.18;105.18;
2025;08;12;79;120.17;120.17;
2025;08;12;80;128.50;128.50;
2025;08;12;81;78.80;142.99;
2025;08;12;82;151.03;151.03;
2025;08;12;83;154.93;159.00;
2025;08;12;84;154.93;165.00;
2025;08;12;85;145.81;145.81;
2025;08;12;86;140.91;140.91;
2025;08;12;87;140.81;140.81;
2025;08;12;88;140.31;140.31;
2025;08;12;89;133.10;133.10;
2025;08;12;90;126.87;126.87;
2025;08;12;91;124.87;124.87;
2025;08;12;92;120.00;120.00;
2025;08;12;93;122.20;122.20;
2025;08;12;94;115.19;115.19;
2025;08;12;95;109.70;109.70;
2025;08;12;96;106.05;106.05;
*
