MARGINALPIBC;
2025;04;15;1;14.00;14.00;
2025;04;15;2;14.00;14.00;
2025;04;15;3;9.90;9.90;
2025;04;15;4;1.66;1.66;
2025;04;15;5;10.00;10.00;
2025;04;15;6;7.50;7.50;
2025;04;15;7;7.50;7.50;
2025;04;15;8;7.50;7.50;
2025;04;15;9;6.64;6.64;
2025;04;15;10;5.64;5.64;
2025;04;15;11;5.64;5.64;
2025;04;15;12;5.64;5.64;
2025;04;15;13;4.82;4.82;
2025;04;15;14;4.50;4.50;
2025;04;15;15;4.50;4.50;
2025;04;15;16;4.50;4.50;
2025;04;15;17;3.60;3.60;
2025;04;15;18;3.60;3.60;
2025;04;15;19;5.11;5.11;
2025;04;15;20;10.00;10.00;
2025;04;15;21;7.08;7.08;
2025;04;15;22;7.18;7.18;
2025;04;15;23;7.18;7.18;
2025;04;15;24;10.00;10.00;
2025;04;15;25;19.38;19.38;
2025;04;15;26;20.08;20.08;
2025;04;15;27;20.30;20.30;
2025;04;15;28;27.63;27.63;
2025;04;15;29;19.61;19.61;
2025;04;15;30;33.12;33.12;
2025;04;15;31;33.85;33.85;
2025;04;15;32;34.45;34.45;
2025;04;15;33;35.00;35.00;
2025;04;15;34;35.00;35.00;
2025;04;15;35;35.00;35.00;
2025;04;15;36;30.00;30.00;
2025;04;15;37;31.55;31.55;
2025;04;15;38;24.52;24.52;
2025;04;15;39;18.74;18.74;
2025;04;15;40;12.74;12.74;
2025;04;15;41;10.50;10.50;
2025;04;15;42;5.60;5.60;
2025;04;15;43;5.50;5.50;
2025;04;15;44;3.12;3.12;
2025;04;15;45;3.52;3.52;
2025;04;15;46;3.52;3.52;
2025;04;15;47;3.52;3.52;
2025;04;15;48;3.52;3.52;
2025;04;15;49;3.08;3.08;
2025;04;15;50;0.66;.66;
2025;04;15;51;0.65;.65;
2025;04;15;52;0.12;.12;
2025;04;15;53;0.00;.00;
2025;04;15;54;0.00;.00;
2025;04;15;55;0.00;.00;
2025;04;15;56;0.00;.00;
2025;04;15;57;0.10;.10;
2025;04;15;58;0.09;.09;
2025;04;15;59;0.00;.00;
2025;04;15;60;0.00;.00;
2025;04;15;61;0.00;.00;
2025;04;15;62;0.00;.00;
2025;04;15;63;0.00;.00;
2025;04;15;64;0.00;.00;
2025;04;15;65;0.00;.00;
2025;04;15;66;0.00;.00;
2025;04;15;67;0.00;.00;
2025;04;15;68;0.00;.00;
2025;04;15;69;-1.68;-1.68;
2025;04;15;70;0.00;.00;
2025;04;15;71;0.00;.00;
2025;04;15;72;0.00;.00;
2025;04;15;73;-1.57;-1.57;
2025;04;15;74;2.55;2.55;
2025;04;15;75;3.52;3.52;
2025;04;15;76;3.52;3.52;
2025;04;15;77;0.50;.50;
2025;04;15;78;4.81;4.81;
2025;04;15;79;17.50;17.50;
2025;04;15;80;31.33;31.33;
2025;04;15;81;27.16;27.16;
2025;04;15;82;32.87;32.87;
2025;04;15;83;33.47;33.47;
2025;04;15;84;33.88;33.88;
2025;04;15;85;35.00;35.00;
2025;04;15;86;35.00;35.00;
2025;04;15;87;34.40;34.40;
2025;04;15;88;33.00;33.00;
2025;04;15;89;21.97;21.97;
2025;04;15;90;21.96;21.96;
2025;04;15;91;21.96;21.96;
2025;04;15;92;21.64;21.64;
2025;04;15;93;25.55;25.55;
2025;04;15;94;21.61;21.61;
2025;04;15;95;21.46;21.46;
2025;04;15;96;17.30;17.30;
*
