MARGINALPIBC;
2026;01;01;1;93.22;93.22;
2026;01;01;2;92.83;92.83;
2026;01;01;3;91.71;91.71;
2026;01;01;4;91.25;91.25;
2026;01;01;5;91.25;91.25;
2026;01;01;6;90.64;90.64;
2026;01;01;7;88.99;88.99;
2026;01;01;8;87.08;87.08;
2026;01;01;9;85.64;85.64;
2026;01;01;10;86.00;86.00;
2026;01;01;11;84.97;84.97;
2026;01;01;12;84.12;84.12;
2026;01;01;13;83.45;83.45;
2026;01;01;14;79.50;79.50;
2026;01;01;15;77.06;77.06;
2026;01;01;16;75.73;75.73;
2026;01;01;17;70.01;70.01;
2026;01;01;18;66.01;66.01;
2026;01;01;19;65.66;65.66;
2026;01;01;20;66.01;66.01;
2026;01;01;21;65.66;65.66;
2026;01;01;22;65.66;65.66;
2026;01;01;23;65.00;65.00;
2026;01;01;24;64.01;64.01;
2026;01;01;25;64.01;64.01;
2026;01;01;26;64.01;64.01;
2026;01;01;27;65.16;65.16;
2026;01;01;28;64.68;64.68;
2026;01;01;29;66.01;66.01;
2026;01;01;30;66.01;66.01;
2026;01;01;31;67.01;67.01;
2026;01;01;32;68.30;68.30;
2026;01;01;33;66.01;66.01;
2026;01;01;34;68.82;68.82;
2026;01;01;35;66.13;66.13;
2026;01;01;36;66.31;66.31;
2026;01;01;37;71.00;71.00;
2026;01;01;38;72.13;72.13;
2026;01;01;39;71.00;71.00;
2026;01;01;40;75.00;75.00;
2026;01;01;41;73.00;73.00;
2026;01;01;42;72.90;72.90;
2026;01;01;43;69.50;69.50;
2026;01;01;44;62.01;62.01;
2026;01;01;45;64.90;64.90;
2026;01;01;46;55.00;55.00;
2026;01;01;47;52.69;52.69;
2026;01;01;48;52.51;52.51;
2026;01;01;49;52.51;52.51;
2026;01;01;50;55.50;55.50;
2026;01;01;51;55.51;55.51;
2026;01;01;52;55.51;55.51;
2026;01;01;53;55.51;55.51;
2026;01;01;54;56.70;56.70;
2026;01;01;55;62.00;62.00;
2026;01;01;56;65.00;65.00;
2026;01;01;57;60.80;60.80;
2026;01;01;58;62.05;62.05;
2026;01;01;59;62.26;62.26;
2026;01;01;60;62.50;62.50;
2026;01;01;61;64.12;64.12;
2026;01;01;62;64.72;64.72;
2026;01;01;63;64.98;64.98;
2026;01;01;64;65.87;65.87;
2026;01;01;65;65.50;65.50;
2026;01;01;66;71.00;71.00;
2026;01;01;67;74.00;74.00;
2026;01;01;68;80.60;80.60;
2026;01;01;69;77.09;77.09;
2026;01;01;70;83.05;83.05;
2026;01;01;71;86.84;86.84;
2026;01;01;72;87.90;87.90;
2026;01;01;73;102.00;102.00;
2026;01;01;74;105.68;105.68;
2026;01;01;75;107.20;107.20;
2026;01;01;76;106.25;106.25;
2026;01;01;77;105.98;105.98;
2026;01;01;78;105.50;105.50;
2026;01;01;79;105.75;105.75;
2026;01;01;80;105.86;105.86;
2026;01;01;81;106.82;106.82;
2026;01;01;82;106.92;106.92;
2026;01;01;83;106.94;106.94;
2026;01;01;84;106.94;106.94;
2026;01;01;85;106.94;106.94;
2026;01;01;86;106.94;106.94;
2026;01;01;87;106.50;106.50;
2026;01;01;88;105.01;105.01;
2026;01;01;89;105.50;105.50;
2026;01;01;90;105.14;105.14;
2026;01;01;91;104.18;104.18;
2026;01;01;92;102.70;102.70;
2026;01;01;93;102.15;102.15;
2026;01;01;94;99.90;99.90;
2026;01;01;95;94.90;94.90;
2026;01;01;96;89.37;89.37;
*
