MARGINALPIBC;
2025;03;30;1;-11.39;-11.39;
2025;03;30;2;-10.00;-10.00;
2025;03;30;3;-9.40;-9.40;
2025;03;30;4;-8.62;-8.62;
2025;03;30;5;-7.00;-7.00;
2025;03;30;6;-7.00;-7.00;
2025;03;30;7;-7.00;-7.00;
2025;03;30;8;-8.62;-8.62;
2025;03;30;9;-8.36;-8.36;
2025;03;30;10;-8.62;-8.62;
2025;03;30;11;-8.62;-8.62;
2025;03;30;12;-8.62;-8.62;
2025;03;30;13;-8.00;-8.00;
2025;03;30;14;-8.00;-8.00;
2025;03;30;15;-8.00;-8.00;
2025;03;30;16;-8.00;-8.00;
2025;03;30;17;-7.00;-7.00;
2025;03;30;18;-7.00;-7.00;
2025;03;30;19;-7.00;-7.00;
2025;03;30;20;-8.00;-8.00;
2025;03;30;21;-4.55;-4.55;
2025;03;30;22;-5.00;-5.00;
2025;03;30;23;-4.83;-4.83;
2025;03;30;24;-5.37;-5.37;
2025;03;30;25;-3.37;-3.37;
2025;03;30;26;-3.62;-3.62;
2025;03;30;27;-6.21;-6.21;
2025;03;30;28;-4.98;-4.98;
2025;03;30;29;0.00;.00;
2025;03;30;30;-0.50;-.50;
2025;03;30;31;-3.62;-3.62;
2025;03;30;32;-6.21;-6.21;
2025;03;30;33;-1.54;-1.54;
2025;03;30;34;-4.32;-4.32;
2025;03;30;35;-6.21;-6.21;
2025;03;30;36;-7.00;-7.00;
2025;03;30;37;-5.10;-5.10;
2025;03;30;38;-6.21;-6.21;
2025;03;30;39;-7.00;-7.00;
2025;03;30;40;-7.32;-7.32;
2025;03;30;41;-7.80;-7.80;
2025;03;30;42;-8.00;-8.00;
2025;03;30;43;-8.00;-8.00;
2025;03;30;44;-8.00;-8.00;
2025;03;30;45;-8.00;-8.00;
2025;03;30;46;-8.00;-8.00;
2025;03;30;47;-8.00;-8.00;
2025;03;30;48;-8.00;-8.00;
2025;03;30;49;-3.58;-8.00;
2025;03;30;50;-4.00;-8.00;
2025;03;30;51;-4.00;-8.00;
2025;03;30;52;-4.00;-8.00;
2025;03;30;53;-3.44;-8.62;
2025;03;30;54;-3.58;-8.62;
2025;03;30;55;-4.00;-8.62;
2025;03;30;56;-4.00;-8.62;
2025;03;30;57;-4.00;-10.00;
2025;03;30;58;-4.00;-10.00;
2025;03;30;59;-4.00;-8.62;
2025;03;30;60;-2.18;-8.00;
2025;03;30;61;-4.00;-8.62;
2025;03;30;62;-4.01;-8.50;
2025;03;30;63;-4.00;-8.00;
2025;03;30;64;-2.01;-8.00;
2025;03;30;65;-4.46;-8.62;
2025;03;30;66;-3.52;-8.00;
2025;03;30;67;-2.00;-8.00;
2025;03;30;68;-1.52;-8.00;
2025;03;30;69;-5.00;-6.21;
2025;03;30;70;-3.52;-5.70;
2025;03;30;71;-1.66;-3.20;
2025;03;30;72;-1.52;-2.19;
2025;03;30;73;-3.62;-3.62;
2025;03;30;74;-0.09;-.09;
2025;03;30;75;1.51;1.51;
2025;03;30;76;3.52;3.52;
2025;03;30;77;18.00;18.00;
2025;03;30;78;18.75;18.75;
2025;03;30;79;19.08;19.08;
2025;03;30;80;19.30;19.30;
2025;03;30;81;40.01;40.01;
2025;03;30;82;40.01;40.01;
2025;03;30;83;34.01;34.01;
2025;03;30;84;30.01;30.01;
2025;03;30;85;19.30;19.30;
2025;03;30;86;19.19;19.19;
2025;03;30;87;19.08;19.08;
2025;03;30;88;19.08;19.08;
2025;03;30;89;2.64;2.64;
2025;03;30;90;0.63;.63;
2025;03;30;91;-0.10;-.10;
2025;03;30;92;0.63;.63;
*
