MARGINALPIBC;
2025;11;03;1;92.10;92.10;
2025;11;03;2;90.10;90.10;
2025;11;03;3;87.50;87.50;
2025;11;03;4;85.40;85.40;
2025;11;03;5;84.56;84.56;
2025;11;03;6;83.69;83.69;
2025;11;03;7;83.64;83.64;
2025;11;03;8;81.50;81.50;
2025;11;03;9;82.16;82.16;
2025;11;03;10;82.98;82.98;
2025;11;03;11;82.77;82.77;
2025;11;03;12;82.92;82.92;
2025;11;03;13;82.53;82.53;
2025;11;03;14;82.44;82.44;
2025;11;03;15;85.40;85.40;
2025;11;03;16;82.68;82.68;
2025;11;03;17;82.44;82.44;
2025;11;03;18;82.53;82.53;
2025;11;03;19;82.98;82.98;
2025;11;03;20;83.16;83.16;
2025;11;03;21;81.50;81.50;
2025;11;03;22;82.69;82.69;
2025;11;03;23;85.37;85.37;
2025;11;03;24;91.23;91.23;
2025;11;03;25;90.42;90.42;
2025;11;03;26;99.84;99.84;
2025;11;03;27;104.85;104.85;
2025;11;03;28;109.57;109.57;
2025;11;03;29;113.68;113.68;
2025;11;03;30;118.89;118.89;
2025;11;03;31;140.29;140.29;
2025;11;03;32;148.39;148.39;
2025;11;03;33;143.09;143.09;
2025;11;03;34;113.57;113.57;
2025;11;03;35;96.55;96.55;
2025;11;03;36;88.82;88.82;
2025;11;03;37;90.30;90.30;
2025;11;03;38;79.73;79.73;
2025;11;03;39;60.01;60.01;
2025;11;03;40;45.35;45.35;
2025;11;03;41;50.00;50.00;
2025;11;03;42;37.74;37.74;
2025;11;03;43;25.06;25.06;
2025;11;03;44;16.92;16.92;
2025;11;03;45;31.95;31.95;
2025;11;03;46;22.04;22.04;
2025;11;03;47;16.68;16.68;
2025;11;03;48;12.20;12.20;
2025;11;03;49;19.01;19.01;
2025;11;03;50;18.20;18.20;
2025;11;03;51;21.79;21.79;
2025;11;03;52;19.00;19.00;
2025;11;03;53;18.16;18.16;
2025;11;03;54;15.08;15.08;
2025;11;03;55;15.09;15.09;
2025;11;03;56;16.51;16.51;
2025;11;03;57;16.76;16.76;
2025;11;03;58;19.19;19.19;
2025;11;03;59;23.00;23.00;
2025;11;03;60;25.35;25.35;
2025;11;03;61;18.99;18.99;
2025;11;03;62;35.87;28.33;
2025;11;03;63;42.23;42.23;
2025;11;03;64;50.60;50.60;
2025;11;03;65;45.00;45.00;
2025;11;03;66;51.07;51.07;
2025;11;03;67;72.51;72.51;
2025;11;03;68;87.60;87.60;
2025;11;03;69;89.80;89.80;
2025;11;03;70;106.14;106.14;
2025;11;03;71;119.18;119.18;
2025;11;03;72;145.29;145.29;
2025;11;03;73;123.57;123.57;
2025;11;03;74;128.17;128.17;
2025;11;03;75;134.00;134.00;
2025;11;03;76;135.00;135.00;
2025;11;03;77;143.89;143.89;
2025;11;03;78;151.21;151.21;
2025;11;03;79;151.22;151.22;
2025;11;03;80;154.91;154.91;
2025;11;03;81;162.05;162.05;
2025;11;03;82;156.55;156.55;
2025;11;03;83;151.22;151.22;
2025;11;03;84;143.29;143.29;
2025;11;03;85;150.20;150.20;
2025;11;03;86;135.01;135.01;
2025;11;03;87;121.69;121.69;
2025;11;03;88;115.26;115.26;
2025;11;03;89;110.50;110.50;
2025;11;03;90;105.00;105.00;
2025;11;03;91;100.19;100.19;
2025;11;03;92;91.60;91.60;
2025;11;03;93;101.03;101.03;
2025;11;03;94;94.50;94.50;
2025;11;03;95;90.00;90.00;
2025;11;03;96;86.34;86.34;
*
