MARGINALPIBC;
2025;01;25;1;55.93;55.93;
2025;01;25;2;39.99;39.99;
2025;01;25;3;25.20;25.20;
2025;01;25;4;19.71;19.71;
2025;01;25;5;16.80;16.80;
2025;01;25;6;17.72;17.72;
2025;01;25;7;25.00;25.00;
2025;01;25;8;49.93;49.93;
2025;01;25;9;45.01;45.01;
2025;01;25;10;46.99;46.99;
2025;01;25;11;40.01;40.01;
2025;01;25;12;50.02;50.02;
2025;01;25;13;46.99;46.99;
2025;01;25;14;38.01;38.01;
2025;01;25;15;19.82;19.82;
2025;01;25;16;8.59;8.59;
2025;01;25;17;35.30;35.30;
2025;01;25;18;45.10;45.10;
2025;01;25;19;76.81;76.81;
2025;01;25;20;91.15;91.15;
2025;01;25;21;106.37;106.37;
2025;01;25;22;93.48;93.48;
2025;01;25;23;89.06;89.06;
2025;01;25;24;77.35;77.35;
*
