MARGINALPIBC;
2026;04;07;1;38.50;38.50;
2026;04;07;2;37.54;37.54;
2026;04;07;3;27.73;27.73;
2026;04;07;4;7.86;7.86;
2026;04;07;5;27.73;27.73;
2026;04;07;6;26.29;26.29;
2026;04;07;7;25.00;25.00;
2026;04;07;8;15.03;15.03;
2026;04;07;9;33.37;33.37;
2026;04;07;10;23.75;23.75;
2026;04;07;11;23.53;23.53;
2026;04;07;12;28.25;28.25;
2026;04;07;13;23.28;23.28;
2026;04;07;14;20.12;20.12;
2026;04;07;15;20.00;20.00;
2026;04;07;16;23.12;23.12;
2026;04;07;17;22.25;22.25;
2026;04;07;18;23.41;23.41;
2026;04;07;19;23.00;23.00;
2026;04;07;20;23.70;23.70;
2026;04;07;21;23.96;23.96;
2026;04;07;22;29.71;29.71;
2026;04;07;23;35.20;35.20;
2026;04;07;24;33.40;33.40;
2026;04;07;25;38.28;38.83;
2026;04;07;26;39.86;61.35;
2026;04;07;27;39.86;61.35;
2026;04;07;28;39.86;63.80;
2026;04;07;29;39.86;73.60;
2026;04;07;30;39.86;91.90;
2026;04;07;31;39.86;93.39;
2026;04;07;32;40.00;96.46;
2026;04;07;33;62.14;82.52;
2026;04;07;34;39.86;81.02;
2026;04;07;35;39.86;50.10;
2026;04;07;36;39.86;39.86;
2026;04;07;37;53.31;53.31;
2026;04;07;38;61.20;61.20;
2026;04;07;39;46.50;46.50;
2026;04;07;40;22.48;22.48;
2026;04;07;41;27.51;27.51;
2026;04;07;42;33.37;33.37;
2026;04;07;43;13.27;13.27;
2026;04;07;44;12.50;12.50;
2026;04;07;45;13.27;13.27;
2026;04;07;46;6.23;5.41;
2026;04;07;47;6.23;5.00;
2026;04;07;48;5.00;3.08;
2026;04;07;49;5.00;3.08;
2026;04;07;50;6.23;1.55;
2026;04;07;51;6.23;.84;
2026;04;07;52;6.23;.84;
2026;04;07;53;6.23;.84;
2026;04;07;54;6.23;.84;
2026;04;07;55;5.00;.84;
2026;04;07;56;5.00;.84;
2026;04;07;57;5.00;.45;
2026;04;07;58;5.00;.01;
2026;04;07;59;5.50;.01;
2026;04;07;60;6.23;.00;
2026;04;07;61;5.00;.84;
2026;04;07;62;5.00;.84;
2026;04;07;63;5.00;.84;
2026;04;07;64;5.50;.84;
2026;04;07;65;2.00;.84;
2026;04;07;66;5.00;1.50;
2026;04;07;67;5.01;3.08;
2026;04;07;68;6.10;5.41;
2026;04;07;69;5.29;5.29;
2026;04;07;70;5.41;5.41;
2026;04;07;71;9.61;9.61;
2026;04;07;72;14.35;14.35;
2026;04;07;73;5.87;5.87;
2026;04;07;74;17.40;17.40;
2026;04;07;75;36.70;36.70;
2026;04;07;76;44.84;44.84;
2026;04;07;77;35.13;35.13;
2026;04;07;78;43.84;43.84;
2026;04;07;79;48.73;48.73;
2026;04;07;80;66.20;66.20;
2026;04;07;81;56.81;56.81;
2026;04;07;82;76.31;76.31;
2026;04;07;83;82.84;82.84;
2026;04;07;84;82.84;82.84;
2026;04;07;85;100.00;100.00;
2026;04;07;86;100.58;100.58;
2026;04;07;87;101.94;101.94;
2026;04;07;88;76.85;76.85;
2026;04;07;89;68.62;68.62;
2026;04;07;90;68.94;68.94;
2026;04;07;91;80.11;80.11;
2026;04;07;92;75.01;75.01;
2026;04;07;93;76.06;76.06;
2026;04;07;94;76.88;79.12;
2026;04;07;95;76.36;78.36;
2026;04;07;96;69.52;71.53;
*
