MARGINALPIBC;
2026;05;23;1;115.00;115.00;
2026;05;23;2;116.22;116.22;
2026;05;23;3;110.14;110.14;
2026;05;23;4;108.42;108.42;
2026;05;23;5;107.47;107.47;
2026;05;23;6;104.00;104.00;
2026;05;23;7;96.84;96.84;
2026;05;23;8;77.14;77.14;
2026;05;23;9;84.50;84.50;
2026;05;23;10;71.44;71.44;
2026;05;23;11;70.72;70.72;
2026;05;23;12;70.24;70.24;
2026;05;23;13;70.24;70.24;
2026;05;23;14;67.54;67.54;
2026;05;23;15;68.97;68.97;
2026;05;23;16;67.62;67.62;
2026;05;23;17;70.00;70.00;
2026;05;23;18;70.00;70.00;
2026;05;23;19;70.00;70.00;
2026;05;23;20;70.00;70.00;
2026;05;23;21;65.70;65.70;
2026;05;23;22;70.00;70.00;
2026;05;23;23;64.78;64.78;
2026;05;23;24;62.20;62.20;
2026;05;23;25;70.00;70.00;
2026;05;23;26;72.04;72.04;
2026;05;23;27;82.56;82.56;
2026;05;23;28;71.40;71.40;
2026;05;23;29;101.88;101.88;
2026;05;23;30;79.49;79.49;
2026;05;23;31;55.73;55.73;
2026;05;23;32;41.25;41.25;
2026;05;23;33;84.60;84.60;
2026;05;23;34;52.10;52.10;
2026;05;23;35;19.64;19.64;
2026;05;23;36;5.94;5.94;
2026;05;23;37;11.14;11.14;
2026;05;23;38;3.99;3.99;
2026;05;23;39;1.64;.60;
2026;05;23;40;1.64;-.95;
2026;05;23;41;2.00;.84;
2026;05;23;42;1.75;.19;
2026;05;23;43;1.64;.00;
2026;05;23;44;1.51;-.81;
2026;05;23;45;4.43;-.82;
2026;05;23;46;4.43;-1.88;
2026;05;23;47;2.00;-3.32;
2026;05;23;48;1.75;-5.21;
2026;05;23;49;1.75;-6.09;
2026;05;23;50;1.75;-7.43;
2026;05;23;51;1.50;-9.91;
2026;05;23;52;1.50;-12.05;
2026;05;23;53;1.50;-12.06;
2026;05;23;54;1.50;-12.06;
2026;05;23;55;1.00;-12.07;
2026;05;23;56;0.51;-12.09;
2026;05;23;57;0.51;-14.00;
2026;05;23;58;0.51;-14.00;
2026;05;23;59;0.41;-12.05;
2026;05;23;60;0.41;-14.00;
2026;05;23;61;0.51;-7.85;
2026;05;23;62;1.00;-6.05;
2026;05;23;63;1.00;-3.35;
2026;05;23;64;1.75;-.81;
2026;05;23;65;1.93;.00;
2026;05;23;66;2.00;.00;
2026;05;23;67;2.00;.84;
2026;05;23;68;4.00;.84;
2026;05;23;69;5.13;.84;
2026;05;23;70;5.28;1.00;
2026;05;23;71;5.93;.84;
2026;05;23;72;5.94;.84;
2026;05;23;73;5.99;1.95;
2026;05;23;74;6.70;6.70;
2026;05;23;75;16.33;16.33;
2026;05;23;76;31.98;31.98;
2026;05;23;77;12.02;12.02;
2026;05;23;78;31.50;31.50;
2026;05;23;79;62.18;62.18;
2026;05;23;80;100.13;100.13;
2026;05;23;81;34.08;34.08;
2026;05;23;82;57.95;57.95;
2026;05;23;83;72.35;72.35;
2026;05;23;84;97.27;97.27;
2026;05;23;85;100.51;100.51;
2026;05;23;86;100.70;100.70;
2026;05;23;87;103.77;103.77;
2026;05;23;88;96.84;96.84;
2026;05;23;89;111.42;111.42;
2026;05;23;90;102.14;102.14;
2026;05;23;91;111.42;111.42;
2026;05;23;92;92.50;92.50;
2026;05;23;93;91.72;91.72;
2026;05;23;94;88.60;88.60;
2026;05;23;95;82.80;82.80;
2026;05;23;96;62.30;62.30;
*
