MARGINALPIBC;
2026;03;30;1;-8.80;-8.80;
2026;03;30;2;-8.80;-8.80;
2026;03;30;3;-4.72;-4.72;
2026;03;30;4;-4.00;-4.00;
2026;03;30;5;-3.84;-3.84;
2026;03;30;6;-0.81;-.81;
2026;03;30;7;0.00;.00;
2026;03;30;8;0.00;.00;
2026;03;30;9;0.10;.10;
2026;03;30;10;0.10;.10;
2026;03;30;11;0.10;.10;
2026;03;30;12;0.10;.10;
2026;03;30;13;3.08;3.08;
2026;03;30;14;3.08;3.08;
2026;03;30;15;3.08;3.08;
2026;03;30;16;0.10;.10;
2026;03;30;17;0.00;.00;
2026;03;30;18;0.10;.10;
2026;03;30;19;0.10;.10;
2026;03;30;20;1.00;1.00;
2026;03;30;21;2.30;2.30;
2026;03;30;22;2.45;2.45;
2026;03;30;23;5.41;5.41;
2026;03;30;24;6.91;6.91;
2026;03;30;25;0.10;.10;
2026;03;30;26;3.30;3.30;
2026;03;30;27;-1.00;-1.00;
2026;03;30;28;-3.40;-3.40;
2026;03;30;29;4.00;4.00;
2026;03;30;30;30.70;30.70;
2026;03;30;31;35.51;35.51;
2026;03;30;32;38.51;38.51;
2026;03;30;33;34.00;34.00;
2026;03;30;34;25.23;25.23;
2026;03;30;35;8.50;8.50;
2026;03;30;36;10.45;10.45;
2026;03;30;37;13.50;13.50;
2026;03;30;38;3.08;3.08;
2026;03;30;39;0.92;.92;
2026;03;30;40;0.01;.01;
2026;03;30;41;0.01;.01;
2026;03;30;42;-0.07;-.07;
2026;03;30;43;-0.07;-.07;
2026;03;30;44;-0.50;-.50;
2026;03;30;45;0.00;-.50;
2026;03;30;46;-0.81;-.81;
2026;03;30;47;-0.82;-.82;
2026;03;30;48;-0.82;-.82;
2026;03;30;49;0.00;-.82;
2026;03;30;50;0.00;-.82;
2026;03;30;51;-0.85;-.85;
2026;03;30;52;-0.84;-.84;
2026;03;30;53;-0.84;-.84;
2026;03;30;54;-0.82;-.82;
2026;03;30;55;-0.82;-.82;
2026;03;30;56;-0.83;-.83;
2026;03;30;57;-0.91;-.91;
2026;03;30;58;-0.83;-.83;
2026;03;30;59;-1.00;-1.00;
2026;03;30;60;-1.00;-1.00;
2026;03;30;61;-1.00;-1.00;
2026;03;30;62;-0.80;-1.00;
2026;03;30;63;-1.00;-1.00;
2026;03;30;64;-0.80;-1.00;
2026;03;30;65;-1.00;-1.35;
2026;03;30;66;-1.00;-1.00;
2026;03;30;67;0.00;-1.00;
2026;03;30;68;0.01;-.90;
2026;03;30;69;0.00;-.82;
2026;03;30;70;0.01;-.91;
2026;03;30;71;0.19;-1.00;
2026;03;30;72;0.60;-.81;
2026;03;30;73;-0.07;-.07;
2026;03;30;74;0.00;.00;
2026;03;30;75;0.84;.84;
2026;03;30;76;0.84;.84;
2026;03;30;77;1.00;1.00;
2026;03;30;78;3.08;3.08;
2026;03;30;79;12.50;12.50;
2026;03;30;80;15.42;15.42;
2026;03;30;81;31.91;31.91;
2026;03;30;82;37.70;57.60;
2026;03;30;83;56.20;61.50;
2026;03;30;84;61.84;77.06;
2026;03;30;85;71.52;86.02;
2026;03;30;86;70.12;86.02;
2026;03;30;87;56.64;73.08;
2026;03;30;88;50.78;55.85;
2026;03;30;89;33.50;44.50;
2026;03;30;90;30.62;50.71;
2026;03;30;91;30.61;30.61;
2026;03;30;92;26.20;26.20;
2026;03;30;93;18.75;18.75;
2026;03;30;94;3.20;3.20;
2026;03;30;95;3.20;3.20;
2026;03;30;96;2.11;2.11;
*
