MARGINALPIBC;
2026;02;22;1;26.65;26.65;
2026;02;22;2;25.73;25.73;
2026;02;22;3;8.20;8.20;
2026;02;22;4;5.24;5.24;
2026;02;22;5;19.93;19.93;
2026;02;22;6;15.85;15.85;
2026;02;22;7;15.52;15.52;
2026;02;22;8;0.53;.53;
2026;02;22;9;5.24;5.24;
2026;02;22;10;5.24;5.24;
2026;02;22;11;22.73;22.73;
2026;02;22;12;19.95;19.95;
2026;02;22;13;15.81;15.81;
2026;02;22;14;9.34;9.34;
2026;02;22;15;14.89;14.89;
2026;02;22;16;12.00;12.00;
2026;02;22;17;8.84;8.84;
2026;02;22;18;9.18;9.18;
2026;02;22;19;6.88;6.88;
2026;02;22;20;5.71;5.71;
2026;02;22;21;9.18;9.18;
2026;02;22;22;9.18;9.18;
2026;02;22;23;7.97;7.97;
2026;02;22;24;4.94;4.94;
2026;02;22;25;7.02;7.02;
2026;02;22;26;8.78;8.78;
2026;02;22;27;9.00;9.00;
2026;02;22;28;10.60;10.60;
2026;02;22;29;5.24;5.24;
2026;02;22;30;8.48;8.48;
2026;02;22;31;5.24;5.24;
2026;02;22;32;5.24;5.24;
2026;02;22;33;-0.11;-.11;
2026;02;22;34;4.97;4.97;
2026;02;22;35;2.70;2.70;
2026;02;22;36;1.06;.00;
2026;02;22;37;-3.12;-3.12;
2026;02;22;38;1.06;-20.00;
2026;02;22;39;0.58;-20.00;
2026;02;22;40;0.22;-20.00;
2026;02;22;41;-2.94;-15.42;
2026;02;22;42;-4.44;-4.87;
2026;02;22;43;-3.44;-6.00;
2026;02;22;44;-3.44;-7.11;
2026;02;22;45;-4.44;-5.70;
2026;02;22;46;-2.44;-6.00;
2026;02;22;47;-4.44;-9.60;
2026;02;22;48;-4.44;-5.92;
2026;02;22;49;-4.50;-12.65;
2026;02;22;50;-2.44;-15.00;
2026;02;22;51;-1.78;-16.00;
2026;02;22;52;-1.78;-12.42;
2026;02;22;53;-1.44;-10.86;
2026;02;22;54;-1.44;-10.00;
2026;02;22;55;-1.44;-10.00;
2026;02;22;56;-1.44;-10.00;
2026;02;22;57;-1.44;-10.00;
2026;02;22;58;-1.44;-10.00;
2026;02;22;59;-1.44;-9.60;
2026;02;22;60;-1.44;-9.60;
2026;02;22;61;-1.44;-5.86;
2026;02;22;62;-1.44;-6.00;
2026;02;22;63;-1.44;-10.42;
2026;02;22;64;-1.13;-10.00;
2026;02;22;65;0.19;-15.00;
2026;02;22;66;0.20;-8.11;
2026;02;22;67;0.21;.00;
2026;02;22;68;0.50;-1.22;
2026;02;22;69;2.33;.00;
2026;02;22;70;2.80;-2.60;
2026;02;22;71;5.91;.00;
2026;02;22;72;0.91;.91;
2026;02;22;73;0.00;.00;
2026;02;22;74;5.00;5.00;
2026;02;22;75;0.53;.53;
2026;02;22;76;5.00;46.02;
2026;02;22;77;5.24;52.88;
2026;02;22;78;5.00;60.32;
2026;02;22;79;5.00;77.00;
2026;02;22;80;13.36;51.52;
2026;02;22;81;14.94;59.57;
2026;02;22;82;19.86;59.61;
2026;02;22;83;20.22;68.02;
2026;02;22;84;20.22;66.38;
2026;02;22;85;10.00;76.80;
2026;02;22;86;10.00;74.48;
2026;02;22;87;10.00;59.59;
2026;02;22;88;6.46;80.35;
2026;02;22;89;6.46;76.50;
2026;02;22;90;10.00;32.95;
2026;02;22;91;10.00;14.75;
2026;02;22;92;5.00;48.30;
2026;02;22;93;29.94;53.66;
2026;02;22;94;13.36;32.52;
2026;02;22;95;12.06;12.06;
2026;02;22;96;8.48;8.48;
*
