MARGINALPIBC;
2026;02;16;1;0.96;.96;
2026;02;16;2;0.96;.96;
2026;02;16;3;0.00;.00;
2026;02;16;4;-0.04;-.04;
2026;02;16;5;0.00;.00;
2026;02;16;6;0.00;.00;
2026;02;16;7;-0.04;-.04;
2026;02;16;8;-0.54;-.54;
2026;02;16;9;0.00;.00;
2026;02;16;10;0.00;.00;
2026;02;16;11;0.00;.00;
2026;02;16;12;0.00;.00;
2026;02;16;13;0.00;.00;
2026;02;16;14;0.00;.00;
2026;02;16;15;0.00;.00;
2026;02;16;16;0.00;.00;
2026;02;16;17;0.00;.00;
2026;02;16;18;-0.04;-.04;
2026;02;16;19;0.00;.00;
2026;02;16;20;0.00;.00;
2026;02;16;21;-3.14;-3.14;
2026;02;16;22;-3.14;-3.14;
2026;02;16;23;-2.00;-2.00;
2026;02;16;24;-0.54;-.54;
2026;02;16;25;0.00;.00;
2026;02;16;26;0.41;1.98;
2026;02;16;27;0.41;2.00;
2026;02;16;28;0.41;3.78;
2026;02;16;29;1.14;3.78;
2026;02;16;30;1.14;14.00;
2026;02;16;31;1.14;14.00;
2026;02;16;32;1.21;11.77;
2026;02;16;33;1.21;14.00;
2026;02;16;34;1.21;13.34;
2026;02;16;35;2.00;11.53;
2026;02;16;36;2.00;6.96;
2026;02;16;37;2.00;5.78;
2026;02;16;38;2.00;3.78;
2026;02;16;39;2.00;3.78;
2026;02;16;40;1.98;1.98;
2026;02;16;41;2.29;2.29;
2026;02;16;42;1.98;1.98;
2026;02;16;43;1.50;1.50;
2026;02;16;44;1.21;1.21;
2026;02;16;45;1.21;1.21;
2026;02;16;46;0.91;.91;
2026;02;16;47;0.91;.91;
2026;02;16;48;0.21;.21;
2026;02;16;49;0.00;.00;
2026;02;16;50;0.00;.00;
2026;02;16;51;0.00;.00;
2026;02;16;52;0.00;.00;
2026;02;16;53;0.00;.00;
2026;02;16;54;0.00;.00;
2026;02;16;55;0.01;.01;
2026;02;16;56;0.00;.00;
2026;02;16;57;0.01;.01;
2026;02;16;58;0.00;.00;
2026;02;16;59;0.00;.00;
2026;02;16;60;0.00;.00;
2026;02;16;61;-0.03;-.03;
2026;02;16;62;-1.99;-1.99;
2026;02;16;63;-0.81;-.81;
2026;02;16;64;-0.95;-.95;
2026;02;16;65;0.00;.00;
2026;02;16;66;0.00;.00;
2026;02;16;67;0.91;.91;
2026;02;16;68;0.91;.91;
2026;02;16;69;0.91;.91;
2026;02;16;70;0.99;.99;
2026;02;16;71;2.00;2.00;
2026;02;16;72;3.78;3.78;
2026;02;16;73;0.90;.90;
2026;02;16;74;-2.00;3.90;
2026;02;16;75;0.21;9.77;
2026;02;16;76;0.01;21.99;
2026;02;16;77;0.01;26.00;
2026;02;16;78;0.01;26.00;
2026;02;16;79;0.50;27.86;
2026;02;16;80;0.50;29.55;
2026;02;16;81;10.31;24.45;
2026;02;16;82;10.39;24.53;
2026;02;16;83;8.86;13.69;
2026;02;16;84;8.86;14.00;
2026;02;16;85;3.16;3.16;
2026;02;16;86;5.00;5.00;
2026;02;16;87;5.13;5.13;
2026;02;16;88;3.50;3.50;
2026;02;16;89;10.00;10.00;
2026;02;16;90;9.02;9.02;
2026;02;16;91;1.21;11.09;
2026;02;16;92;1.21;10.29;
2026;02;16;93;6.30;6.30;
2026;02;16;94;3.04;3.04;
2026;02;16;95;2.00;2.00;
2026;02;16;96;1.72;1.72;
*
