MARGINALPIBC;
2026;06;14;1;120.93;120.93;
2026;06;14;2;112.43;112.43;
2026;06;14;3;111.32;111.32;
2026;06;14;4;111.14;111.14;
2026;06;14;5;111.74;111.74;
2026;06;14;6;111.92;111.92;
2026;06;14;7;111.55;111.55;
2026;06;14;8;111.25;111.25;
2026;06;14;9;111.55;111.55;
2026;06;14;10;110.95;110.95;
2026;06;14;11;110.85;110.85;
2026;06;14;12;109.07;109.07;
2026;06;14;13;109.71;109.71;
2026;06;14;14;109.71;109.71;
2026;06;14;15;110.00;110.00;
2026;06;14;16;110.28;110.28;
2026;06;14;17;109.67;109.67;
2026;06;14;18;109.94;109.94;
2026;06;14;19;110.03;110.03;
2026;06;14;20;111.32;111.32;
2026;06;14;21;109.94;109.94;
2026;06;14;22;110.03;110.03;
2026;06;14;23;110.40;110.40;
2026;06;14;24;111.25;111.25;
2026;06;14;25;111.25;111.25;
2026;06;14;26;112.14;112.14;
2026;06;14;27;111.61;111.61;
2026;06;14;28;111.25;111.25;
2026;06;14;29;108.45;108.45;
2026;06;14;30;101.86;101.86;
2026;06;14;31;90.93;90.93;
2026;06;14;32;96.18;96.18;
2026;06;14;33;89.76;89.76;
2026;06;14;34;64.16;64.16;
2026;06;14;35;30.00;30.00;
2026;06;14;36;13.17;12.62;
2026;06;14;37;13.01;4.34;
2026;06;14;38;12.17;2.00;
2026;06;14;39;12.16;.00;
2026;06;14;40;6.94;.00;
2026;06;14;41;6.61;-.07;
2026;06;14;42;6.43;-.30;
2026;06;14;43;6.94;-.82;
2026;06;14;44;6.43;-.07;
2026;06;14;45;12.07;-1.00;
2026;06;14;46;11.68;-1.00;
2026;06;14;47;11.68;-1.11;
2026;06;14;48;11.68;-1.11;
2026;06;14;49;11.68;-1.11;
2026;06;14;50;11.68;-1.11;
2026;06;14;51;11.68;-1.11;
2026;06;14;52;6.94;-1.11;
2026;06;14;53;11.68;-1.01;
2026;06;14;54;11.68;-1.00;
2026;06;14;55;11.68;-1.00;
2026;06;14;56;11.68;-1.00;
2026;06;14;57;6.43;-.81;
2026;06;14;58;5.93;-.50;
2026;06;14;59;2.00;-.81;
2026;06;14;60;1.75;-.83;
2026;06;14;61;-0.76;-.82;
2026;06;14;62;-0.76;-.82;
2026;06;14;63;-0.76;-.82;
2026;06;14;64;-0.76;-.81;
2026;06;14;65;-0.50;-.50;
2026;06;14;66;0.00;-.02;
2026;06;14;67;0.00;-.81;
2026;06;14;68;0.24;-.07;
2026;06;14;69;1.00;-.30;
2026;06;14;70;1.75;-.01;
2026;06;14;71;2.95;.00;
2026;06;14;72;12.18;4.49;
2026;06;14;73;3.00;.01;
2026;06;14;74;13.21;13.21;
2026;06;14;75;15.52;15.52;
2026;06;14;76;30.74;30.74;
2026;06;14;77;38.66;38.66;
2026;06;14;78;59.37;59.37;
2026;06;14;79;87.77;87.77;
2026;06;14;80;103.10;103.10;
2026;06;14;81;96.69;96.69;
2026;06;14;82;105.80;105.80;
2026;06;14;83;123.06;123.06;
2026;06;14;84;134.23;134.23;
2026;06;14;85;132.00;132.00;
2026;06;14;86;140.00;140.00;
2026;06;14;87;145.47;145.47;
2026;06;14;88;145.47;145.47;
2026;06;14;89;141.03;141.03;
2026;06;14;90;140.44;140.44;
2026;06;14;91;136.43;136.43;
2026;06;14;92;134.94;134.94;
2026;06;14;93;132.43;132.43;
2026;06;14;94;131.00;131.00;
2026;06;14;95;123.56;123.56;
2026;06;14;96;113.21;113.21;
*
