MARGINALPIBC;
2026;04;06;1;55.38;55.38;
2026;04;06;2;52.04;52.04;
2026;04;06;3;54.69;54.69;
2026;04;06;4;35.44;35.44;
2026;04;06;5;60.20;60.20;
2026;04;06;6;53.85;53.85;
2026;04;06;7;53.07;53.07;
2026;04;06;8;29.47;29.47;
2026;04;06;9;57.67;57.67;
2026;04;06;10;55.70;55.70;
2026;04;06;11;42.70;42.70;
2026;04;06;12;38.78;38.78;
2026;04;06;13;40.54;40.54;
2026;04;06;14;38.18;38.18;
2026;04;06;15;38.90;38.90;
2026;04;06;16;40.00;40.00;
2026;04;06;17;30.77;30.77;
2026;04;06;18;35.27;35.27;
2026;04;06;19;36.12;36.12;
2026;04;06;20;41.80;41.80;
2026;04;06;21;29.47;29.47;
2026;04;06;22;37.97;37.97;
2026;04;06;23;50.86;50.86;
2026;04;06;24;59.58;59.58;
2026;04;06;25;39.04;39.04;
2026;04;06;26;55.76;55.76;
2026;04;06;27;43.12;43.12;
2026;04;06;28;57.29;57.29;
2026;04;06;29;47.77;47.77;
2026;04;06;30;50.00;50.00;
2026;04;06;31;60.00;60.00;
2026;04;06;32;51.67;51.67;
2026;04;06;33;67.43;67.43;
2026;04;06;34;62.90;62.90;
2026;04;06;35;53.70;53.70;
2026;04;06;36;14.78;14.78;
2026;04;06;37;31.38;31.38;
2026;04;06;38;14.00;14.00;
2026;04;06;39;0.84;.84;
2026;04;06;40;0.00;.00;
2026;04;06;41;0.00;.00;
2026;04;06;42;0.00;-.81;
2026;04;06;43;0.00;-1.10;
2026;04;06;44;0.00;-2.10;
2026;04;06;45;-2.10;-2.10;
2026;04;06;46;0.00;-3.00;
2026;04;06;47;0.00;-6.00;
2026;04;06;48;0.00;-14.00;
2026;04;06;49;-1.00;-14.80;
2026;04;06;50;-1.00;-14.80;
2026;04;06;51;-1.00;-14.16;
2026;04;06;52;-1.00;-14.16;
2026;04;06;53;-1.00;-14.80;
2026;04;06;54;-1.00;-14.80;
2026;04;06;55;-1.00;-14.80;
2026;04;06;56;-1.00;-14.80;
2026;04;06;57;-1.00;-14.80;
2026;04;06;58;-1.00;-14.16;
2026;04;06;59;-1.00;-14.16;
2026;04;06;60;-1.00;-14.16;
2026;04;06;61;-2.00;-14.00;
2026;04;06;62;-1.00;-14.00;
2026;04;06;63;-2.00;-14.16;
2026;04;06;64;-1.00;-14.00;
2026;04;06;65;-1.00;-13.95;
2026;04;06;66;-1.00;-13.95;
2026;04;06;67;-1.00;-12.47;
2026;04;06;68;0.00;-10.73;
2026;04;06;69;0.00;-4.75;
2026;04;06;70;-2.10;-2.10;
2026;04;06;71;-0.81;-.81;
2026;04;06;72;-0.73;-.73;
2026;04;06;73;0.00;.00;
2026;04;06;74;0.01;.01;
2026;04;06;75;3.02;3.02;
2026;04;06;76;6.01;6.01;
2026;04;06;77;2.28;2.28;
2026;04;06;78;13.11;13.11;
2026;04;06;79;32.06;32.06;
2026;04;06;80;41.61;41.61;
2026;04;06;81;35.00;35.00;
2026;04;06;82;50.24;50.24;
2026;04;06;83;35.73;65.13;
2026;04;06;84;40.00;70.18;
2026;04;06;85;35.73;74.90;
2026;04;06;86;35.73;69.52;
2026;04;06;87;38.63;64.20;
2026;04;06;88;41.44;46.44;
2026;04;06;89;35.93;62.20;
2026;04;06;90;40.50;48.59;
2026;04;06;91;41.00;55.00;
2026;04;06;92;35.02;38.52;
2026;04;06;93;47.61;47.61;
2026;04;06;94;35.21;35.21;
2026;04;06;95;30.08;30.08;
2026;04;06;96;31.50;31.50;
*
