MARGINALPIBC;
2026;05;12;1;99.85;99.85;
2026;05;12;2;96.24;96.24;
2026;05;12;3;92.25;92.25;
2026;05;12;4;96.53;96.53;
2026;05;12;5;105.23;105.23;
2026;05;12;6;102.98;102.98;
2026;05;12;7;99.05;99.05;
2026;05;12;8;86.80;86.80;
2026;05;12;9;81.45;81.45;
2026;05;12;10;82.25;82.25;
2026;05;12;11;81.76;81.76;
2026;05;12;12;79.85;79.85;
2026;05;12;13;81.70;81.70;
2026;05;12;14;80.54;80.54;
2026;05;12;15;82.18;82.18;
2026;05;12;16;81.27;81.27;
2026;05;12;17;81.49;81.49;
2026;05;12;18;81.09;81.09;
2026;05;12;19;83.72;83.72;
2026;05;12;20;84.39;84.39;
2026;05;12;21;83.18;83.18;
2026;05;12;22;86.45;86.45;
2026;05;12;23;91.76;91.76;
2026;05;12;24;91.18;91.18;
2026;05;12;25;96.00;96.00;
2026;05;12;26;96.16;96.16;
2026;05;12;27;88.76;88.76;
2026;05;12;28;103.08;103.08;
2026;05;12;29;114.90;114.90;
2026;05;12;30;113.80;113.80;
2026;05;12;31;112.46;112.46;
2026;05;12;32;105.80;105.80;
2026;05;12;33;117.84;117.84;
2026;05;12;34;104.08;104.08;
2026;05;12;35;96.26;96.26;
2026;05;12;36;81.59;81.59;
2026;05;12;37;102.83;102.83;
2026;05;12;38;90.46;90.46;
2026;05;12;39;70.00;70.00;
2026;05;12;40;69.24;50.90;
2026;05;12;41;66.11;66.11;
2026;05;12;42;30.77;30.77;
2026;05;12;43;72.43;15.10;
2026;05;12;44;30.81;3.63;
2026;05;12;45;50.00;24.45;
2026;05;12;46;27.01;5.39;
2026;05;12;47;24.11;-.81;
2026;05;12;48;24.11;-.07;
2026;05;12;49;29.75;25.00;
2026;05;12;50;50.00;10.83;
2026;05;12;51;50.00;4.24;
2026;05;12;52;27.01;-.07;
2026;05;12;53;20.14;-1.54;
2026;05;12;54;20.00;-2.66;
2026;05;12;55;17.47;-3.50;
2026;05;12;56;17.47;-5.50;
2026;05;12;57;24.00;-5.00;
2026;05;12;58;22.77;-4.13;
2026;05;12;59;24.00;-4.86;
2026;05;12;60;21.56;-6.36;
2026;05;12;61;18.75;-4.59;
2026;05;12;62;20.33;-5.19;
2026;05;12;63;20.33;-4.66;
2026;05;12;64;20.33;-4.92;
2026;05;12;65;17.47;-7.00;
2026;05;12;66;17.47;-5.00;
2026;05;12;67;17.47;-8.50;
2026;05;12;68;17.47;-7.34;
2026;05;12;69;17.47;-7.16;
2026;05;12;70;17.47;-1.56;
2026;05;12;71;14.24;-1.06;
2026;05;12;72;14.24;-.07;
2026;05;12;73;17.47;-.07;
2026;05;12;74;20.14;-.07;
2026;05;12;75;50.00;15.13;
2026;05;12;76;25.50;25.50;
2026;05;12;77;30.14;25.12;
2026;05;12;78;28.19;28.19;
2026;05;12;79;79.56;79.56;
2026;05;12;80;91.20;91.20;
2026;05;12;81;90.00;90.00;
2026;05;12;82;104.07;104.07;
2026;05;12;83;108.50;108.50;
2026;05;12;84;115.40;115.40;
2026;05;12;85;121.02;121.02;
2026;05;12;86;120.26;120.26;
2026;05;12;87;116.04;116.04;
2026;05;12;88;110.91;110.91;
2026;05;12;89;113.40;113.40;
2026;05;12;90;112.10;112.10;
2026;05;12;91;113.05;113.05;
2026;05;12;92;110.41;110.41;
2026;05;12;93;110.93;110.93;
2026;05;12;94;105.54;105.54;
2026;05;12;95;106.88;106.88;
2026;05;12;96;100.00;100.00;
*
