MARGINALPIBC;
2026;04;25;1;106.86;106.86;
2026;04;25;2;107.10;107.10;
2026;04;25;3;106.43;106.43;
2026;04;25;4;105.04;105.04;
2026;04;25;5;105.63;105.63;
2026;04;25;6;105.32;105.32;
2026;04;25;7;104.39;104.39;
2026;04;25;8;104.16;104.16;
2026;04;25;9;103.02;103.02;
2026;04;25;10;103.02;103.02;
2026;04;25;11;101.63;101.63;
2026;04;25;12;100.00;100.00;
2026;04;25;13;102.60;102.60;
2026;04;25;14;102.31;102.31;
2026;04;25;15;101.02;101.02;
2026;04;25;16;99.59;99.59;
2026;04;25;17;100.00;100.00;
2026;04;25;18;100.02;100.02;
2026;04;25;19;101.02;101.02;
2026;04;25;20;100.08;100.08;
2026;04;25;21;99.91;99.91;
2026;04;25;22;99.77;99.77;
2026;04;25;23;101.02;101.02;
2026;04;25;24;101.02;101.02;
2026;04;25;25;101.71;101.71;
2026;04;25;26;101.41;101.41;
2026;04;25;27;98.47;98.47;
2026;04;25;28;102.41;102.41;
2026;04;25;29;103.59;103.59;
2026;04;25;30;101.71;101.71;
2026;04;25;31;103.17;103.17;
2026;04;25;32;102.46;102.46;
2026;04;25;33;82.87;82.87;
2026;04;25;34;80.78;80.78;
2026;04;25;35;57.99;57.99;
2026;04;25;36;32.00;32.00;
2026;04;25;37;58.28;58.28;
2026;04;25;38;30.77;30.77;
2026;04;25;39;18.57;18.57;
2026;04;25;40;13.24;13.24;
2026;04;25;41;-0.07;-.07;
2026;04;25;42;-0.90;-.90;
2026;04;25;43;13.24;-4.16;
2026;04;25;44;13.24;-10.82;
2026;04;25;45;18.57;-14.00;
2026;04;25;46;18.57;-16.00;
2026;04;25;47;18.57;-14.00;
2026;04;25;48;18.57;-13.94;
2026;04;25;49;15.00;-9.00;
2026;04;25;50;13.24;-10.49;
2026;04;25;51;13.24;-11.00;
2026;04;25;52;15.20;-.51;
2026;04;25;53;15.01;-10.82;
2026;04;25;54;15.21;-12.50;
2026;04;25;55;15.00;-13.95;
2026;04;25;56;15.20;-4.51;
2026;04;25;57;13.23;-3.94;
2026;04;25;58;13.23;-3.99;
2026;04;25;59;13.23;-3.99;
2026;04;25;60;13.23;-3.94;
2026;04;25;61;13.23;-3.99;
2026;04;25;62;15.20;-3.94;
2026;04;25;63;15.00;-2.51;
2026;04;25;64;15.20;-.51;
2026;04;25;65;13.23;-.41;
2026;04;25;66;13.23;-.07;
2026;04;25;67;13.24;-4.50;
2026;04;25;68;13.24;-2.63;
2026;04;25;69;18.57;-2.00;
2026;04;25;70;18.57;-.07;
2026;04;25;71;18.57;-1.00;
2026;04;25;72;13.24;3.32;
2026;04;25;73;2.00;2.00;
2026;04;25;74;8.20;8.20;
2026;04;25;75;15.20;15.20;
2026;04;25;76;29.39;29.39;
2026;04;25;77;39.00;39.00;
2026;04;25;78;70.00;70.00;
2026;04;25;79;72.97;72.97;
2026;04;25;80;91.73;91.73;
2026;04;25;81;70.20;70.20;
2026;04;25;82;102.57;102.57;
2026;04;25;83;107.43;107.43;
2026;04;25;84;108.80;108.80;
2026;04;25;85;107.35;107.35;
2026;04;25;86;107.43;107.43;
2026;04;25;87;106.43;106.43;
2026;04;25;88;106.28;106.28;
2026;04;25;89;105.24;105.24;
2026;04;25;90;106.39;106.39;
2026;04;25;91;102.97;102.97;
2026;04;25;92;102.57;102.57;
2026;04;25;93;103.61;103.61;
2026;04;25;94;102.87;102.87;
2026;04;25;95;102.57;102.57;
2026;04;25;96;102.87;102.87;
*
