MARGINALPIBC;
2026;06;27;1;131.98;131.98;
2026;06;27;2;133.17;133.17;
2026;06;27;3;134.79;134.79;
2026;06;27;4;124.04;124.04;
2026;06;27;5;138.72;138.72;
2026;06;27;6;134.07;134.07;
2026;06;27;7;129.47;129.47;
2026;06;27;8;123.33;123.33;
2026;06;27;9;126.86;126.86;
2026;06;27;10;125.25;125.25;
2026;06;27;11;124.17;124.17;
2026;06;27;12;121.70;121.70;
2026;06;27;13;122.80;122.80;
2026;06;27;14;121.79;121.79;
2026;06;27;15;120.22;120.22;
2026;06;27;16;120.90;120.90;
2026;06;27;17;121.86;121.86;
2026;06;27;18;121.33;121.33;
2026;06;27;19;120.84;120.84;
2026;06;27;20;121.16;121.16;
2026;06;27;21;121.19;121.19;
2026;06;27;22;120.19;120.19;
2026;06;27;23;120.83;120.83;
2026;06;27;24;119.39;119.39;
2026;06;27;25;120.83;120.83;
2026;06;27;26;119.60;119.60;
2026;06;27;27;119.47;119.47;
2026;06;27;28;117.59;117.59;
2026;06;27;29;121.19;121.19;
2026;06;27;30;117.41;117.41;
2026;06;27;31;113.83;113.83;
2026;06;27;32;103.32;103.32;
2026;06;27;33;120.94;120.94;
2026;06;27;34;113.11;113.11;
2026;06;27;35;102.61;102.61;
2026;06;27;36;90.08;90.08;
2026;06;27;37;90.56;90.56;
2026;06;27;38;75.17;75.17;
2026;06;27;39;62.01;62.01;
2026;06;27;40;59.70;59.70;
2026;06;27;41;30.71;30.71;
2026;06;27;42;18.08;18.08;
2026;06;27;43;15.76;15.76;
2026;06;27;44;14.79;14.79;
2026;06;27;45;-0.51;-.51;
2026;06;27;46;-1.00;-1.00;
2026;06;27;47;-2.00;-2.00;
2026;06;27;48;-2.00;-2.00;
2026;06;27;49;-2.00;-2.00;
2026;06;27;50;-3.51;-3.51;
2026;06;27;51;-2.60;-2.60;
2026;06;27;52;-3.51;-3.51;
2026;06;27;53;-3.51;-3.51;
2026;06;27;54;-3.51;-3.51;
2026;06;27;55;-3.51;-3.51;
2026;06;27;56;-5.00;-5.00;
2026;06;27;57;-5.00;-5.00;
2026;06;27;58;-7.08;-7.08;
2026;06;27;59;-9.75;-9.75;
2026;06;27;60;-0.07;-.07;
2026;06;27;61;-0.07;-.07;
2026;06;27;62;-0.51;-.51;
2026;06;27;63;-1.01;-1.01;
2026;06;27;64;-0.51;-.51;
2026;06;27;65;-0.41;-.41;
2026;06;27;66;-0.07;-.07;
2026;06;27;67;-8.28;-8.28;
2026;06;27;68;-5.96;-5.96;
2026;06;27;69;-4.02;-4.02;
2026;06;27;70;-2.00;-2.00;
2026;06;27;71;-0.41;-.41;
2026;06;27;72;-0.51;-.51;
2026;06;27;73;-0.07;-.07;
2026;06;27;74;-0.07;-.07;
2026;06;27;75;0.84;.84;
2026;06;27;76;2.15;2.15;
2026;06;27;77;5.41;5.41;
2026;06;27;78;25.05;25.05;
2026;06;27;79;20.55;20.55;
2026;06;27;80;64.74;64.74;
2026;06;27;81;85.30;85.30;
2026;06;27;82;101.69;101.69;
2026;06;27;83;113.85;113.85;
2026;06;27;84;132.93;132.93;
2026;06;27;85;143.19;143.19;
2026;06;27;86;145.84;145.84;
2026;06;27;87;146.49;146.49;
2026;06;27;88;143.51;143.51;
2026;06;27;89;153.36;153.36;
2026;06;27;90;153.38;153.38;
2026;06;27;91;110.00;156.45;
2026;06;27;92;145.51;145.51;
2026;06;27;93;145.21;145.21;
2026;06;27;94;138.61;138.61;
2026;06;27;95;142.00;142.00;
2026;06;27;96;133.69;133.69;
*
