MARGINALPIBC;
2026;03;27;1;5.53;5.53;
2026;03;27;2;5.41;5.41;
2026;03;27;3;5.41;5.41;
2026;03;27;4;5.41;5.41;
2026;03;27;5;5.41;5.41;
2026;03;27;6;5.41;5.41;
2026;03;27;7;3.08;3.08;
2026;03;27;8;3.08;3.08;
2026;03;27;9;3.08;3.08;
2026;03;27;10;3.08;3.08;
2026;03;27;11;3.08;3.08;
2026;03;27;12;3.08;3.08;
2026;03;27;13;3.08;3.08;
2026;03;27;14;3.08;3.08;
2026;03;27;15;3.08;3.08;
2026;03;27;16;3.08;3.08;
2026;03;27;17;3.08;3.08;
2026;03;27;18;3.08;3.08;
2026;03;27;19;3.08;3.08;
2026;03;27;20;3.08;3.08;
2026;03;27;21;5.41;5.41;
2026;03;27;22;5.41;5.41;
2026;03;27;23;5.41;5.41;
2026;03;27;24;5.41;5.41;
2026;03;27;25;3.08;3.08;
2026;03;27;26;5.41;5.41;
2026;03;27;27;8.40;8.40;
2026;03;27;28;20.36;20.36;
2026;03;27;29;25.00;25.00;
2026;03;27;30;25.00;25.00;
2026;03;27;31;24.80;24.80;
2026;03;27;32;5.59;5.59;
2026;03;27;33;12.08;12.08;
2026;03;27;34;5.41;5.41;
2026;03;27;35;2.00;2.00;
2026;03;27;36;0.00;.00;
2026;03;27;37;0.00;.00;
2026;03;27;38;0.00;.00;
2026;03;27;39;-0.32;-.32;
2026;03;27;40;-0.81;-.81;
2026;03;27;41;0.00;-.81;
2026;03;27;42;0.00;-1.10;
2026;03;27;43;0.00;-1.60;
2026;03;27;44;1.50;-2.02;
2026;03;27;45;0.00;-2.10;
2026;03;27;46;0.00;-2.10;
2026;03;27;47;0.00;-3.00;
2026;03;27;48;0.00;-3.50;
2026;03;27;49;0.00;-4.00;
2026;03;27;50;0.00;-5.00;
2026;03;27;51;0.00;-5.40;
2026;03;27;52;0.00;-5.98;
2026;03;27;53;0.00;-6.00;
2026;03;27;54;0.00;-6.00;
2026;03;27;55;0.00;-6.00;
2026;03;27;56;0.00;-6.20;
2026;03;27;57;0.00;-4.00;
2026;03;27;58;0.00;-4.00;
2026;03;27;59;0.00;-4.00;
2026;03;27;60;0.00;-4.00;
2026;03;27;61;0.00;-4.00;
2026;03;27;62;0.00;-4.00;
2026;03;27;63;0.00;-4.00;
2026;03;27;64;0.00;-3.00;
2026;03;27;65;1.00;-3.00;
2026;03;27;66;1.75;-2.10;
2026;03;27;67;1.75;-2.10;
2026;03;27;68;1.75;-1.10;
2026;03;27;69;0.00;-.81;
2026;03;27;70;1.75;-.31;
2026;03;27;71;2.00;-.07;
2026;03;27;72;2.00;.00;
2026;03;27;73;0.00;.00;
2026;03;27;74;1.50;1.50;
2026;03;27;75;5.59;5.59;
2026;03;27;76;12.78;12.78;
2026;03;27;77;14.00;14.00;
2026;03;27;78;40.00;40.00;
2026;03;27;79;50.76;50.76;
2026;03;27;80;71.40;71.40;
2026;03;27;81;72.00;72.00;
2026;03;27;82;75.55;75.55;
2026;03;27;83;78.23;78.23;
2026;03;27;84;77.00;77.00;
2026;03;27;85;75.55;75.55;
2026;03;27;86;75.55;75.55;
2026;03;27;87;63.35;63.35;
2026;03;27;88;50.02;50.02;
2026;03;27;89;49.15;49.15;
2026;03;27;90;36.51;36.51;
2026;03;27;91;35.51;35.51;
2026;03;27;92;34.00;34.00;
2026;03;27;93;35.00;35.00;
2026;03;27;94;32.35;32.35;
2026;03;27;95;32.58;32.58;
2026;03;27;96;23.40;23.40;
*
