MARGINALPIBC;
2026;06;10;1;98.38;98.38;
2026;06;10;2;88.88;88.88;
2026;06;10;3;87.16;87.16;
2026;06;10;4;83.22;83.22;
2026;06;10;5;79.64;79.64;
2026;06;10;6;83.46;83.46;
2026;06;10;7;83.22;83.22;
2026;06;10;8;86.20;86.20;
2026;06;10;9;86.20;86.20;
2026;06;10;10;73.60;73.60;
2026;06;10;11;71.50;71.50;
2026;06;10;12;62.53;62.53;
2026;06;10;13;71.50;71.50;
2026;06;10;14;64.49;64.49;
2026;06;10;15;61.00;61.00;
2026;06;10;16;60.00;60.00;
2026;06;10;17;59.66;59.66;
2026;06;10;18;55.00;55.00;
2026;06;10;19;55.00;55.00;
2026;06;10;20;57.00;57.00;
2026;06;10;21;60.00;60.00;
2026;06;10;22;65.00;65.00;
2026;06;10;23;73.00;73.00;
2026;06;10;24;86.20;86.20;
2026;06;10;25;86.68;86.68;
2026;06;10;26;85.53;85.53;
2026;06;10;27;87.66;87.66;
2026;06;10;28;96.00;96.00;
2026;06;10;29;96.83;96.83;
2026;06;10;30;88.88;88.88;
2026;06;10;31;86.44;86.44;
2026;06;10;32;55.00;55.00;
2026;06;10;33;75.16;75.16;
2026;06;10;34;55.01;55.01;
2026;06;10;35;26.30;26.30;
2026;06;10;36;19.23;19.23;
2026;06;10;37;50.24;50.24;
2026;06;10;38;33.70;33.70;
2026;06;10;39;25.11;25.11;
2026;06;10;40;5.59;5.59;
2026;06;10;41;12.60;12.60;
2026;06;10;42;2.00;2.00;
2026;06;10;43;0.84;.84;
2026;06;10;44;14.50;14.50;
2026;06;10;45;39.05;39.05;
2026;06;10;46;45.00;45.00;
2026;06;10;47;33.95;33.95;
2026;06;10;48;29.99;29.99;
2026;06;10;49;19.19;19.19;
2026;06;10;50;20.22;20.22;
2026;06;10;51;23.17;23.17;
2026;06;10;52;20.22;20.22;
2026;06;10;53;16.76;16.76;
2026;06;10;54;13.76;13.76;
2026;06;10;55;10.50;10.50;
2026;06;10;56;10.50;10.50;
2026;06;10;57;10.70;10.70;
2026;06;10;58;10.48;10.48;
2026;06;10;59;10.17;10.17;
2026;06;10;60;8.50;8.50;
2026;06;10;61;7.50;7.50;
2026;06;10;62;7.00;7.00;
2026;06;10;63;6.34;6.34;
2026;06;10;64;6.11;6.11;
2026;06;10;65;7.50;7.50;
2026;06;10;66;7.50;7.50;
2026;06;10;67;7.50;7.50;
2026;06;10;68;6.11;6.11;
2026;06;10;69;5.59;5.59;
2026;06;10;70;6.11;6.11;
2026;06;10;71;9.50;9.50;
2026;06;10;72;13.90;13.90;
2026;06;10;73;1.00;1.00;
2026;06;10;74;5.00;5.00;
2026;06;10;75;7.45;7.45;
2026;06;10;76;18.92;18.92;
2026;06;10;77;29.90;29.90;
2026;06;10;78;30.00;30.00;
2026;06;10;79;48.71;48.71;
2026;06;10;80;55.00;55.00;
2026;06;10;81;38.00;38.00;
2026;06;10;82;68.70;68.70;
2026;06;10;83;86.68;86.68;
2026;06;10;84;99.97;99.97;
2026;06;10;85;98.44;98.44;
2026;06;10;86;112.16;112.16;
2026;06;10;87;114.51;114.51;
2026;06;10;88;113.85;113.85;
2026;06;10;89;105.01;105.01;
2026;06;10;90;101.52;101.52;
2026;06;10;91;103.45;103.45;
2026;06;10;92;95.28;95.28;
2026;06;10;93;95.28;95.28;
2026;06;10;94;86.92;86.92;
2026;06;10;95;86.92;86.92;
2026;06;10;96;72.91;72.91;
*
