MARGINALPIBC;
2026;06;23;1;165.14;165.14;
2026;06;23;2;166.55;166.55;
2026;06;23;3;145.00;145.00;
2026;06;23;4;128.36;128.36;
2026;06;23;5;140.01;140.01;
2026;06;23;6;134.13;134.13;
2026;06;23;7;134.13;134.13;
2026;06;23;8;125.04;125.04;
2026;06;23;9;131.63;131.63;
2026;06;23;10;128.09;128.09;
2026;06;23;11;119.43;119.43;
2026;06;23;12;116.13;116.13;
2026;06;23;13;118.09;118.09;
2026;06;23;14;115.40;115.40;
2026;06;23;15;121.83;121.83;
2026;06;23;16;121.83;121.83;
2026;06;23;17;121.29;121.29;
2026;06;23;18;117.32;117.32;
2026;06;23;19;118.29;118.29;
2026;06;23;20;116.30;116.30;
2026;06;23;21;117.02;117.02;
2026;06;23;22;118.16;118.16;
2026;06;23;23;121.33;121.33;
2026;06;23;24;122.92;122.92;
2026;06;23;25;123.33;123.33;
2026;06;23;26;126.01;126.01;
2026;06;23;27;129.56;129.56;
2026;06;23;28;130.22;130.22;
2026;06;23;29;143.79;143.79;
2026;06;23;30;142.46;142.46;
2026;06;23;31;137.59;137.59;
2026;06;23;32;116.16;116.16;
2026;06;23;33;129.13;129.13;
2026;06;23;34;118.20;118.20;
2026;06;23;35;111.13;111.13;
2026;06;23;36;87.57;87.57;
2026;06;23;37;84.50;84.50;
2026;06;23;38;90.49;90.49;
2026;06;23;39;98.83;98.83;
2026;06;23;40;90.90;90.90;
2026;06;23;41;100.00;100.00;
2026;06;23;42;99.18;99.18;
2026;06;23;43;104.05;104.05;
2026;06;23;44;99.83;99.83;
2026;06;23;45;103.23;103.23;
2026;06;23;46;99.54;99.54;
2026;06;23;47;99.39;99.39;
2026;06;23;48;98.23;98.23;
2026;06;23;49;98.55;98.55;
2026;06;23;50;95.37;95.37;
2026;06;23;51;97.35;97.35;
2026;06;23;52;90.51;90.51;
2026;06;23;53;94.81;94.81;
2026;06;23;54;94.30;94.30;
2026;06;23;55;90.51;90.51;
2026;06;23;56;91.34;91.34;
2026;06;23;57;93.90;93.90;
2026;06;23;58;97.10;97.10;
2026;06;23;59;98.23;98.23;
2026;06;23;60;97.22;97.22;
2026;06;23;61;93.11;93.11;
2026;06;23;62;93.04;93.04;
2026;06;23;63;95.90;95.90;
2026;06;23;64;96.50;96.50;
2026;06;23;65;91.59;91.59;
2026;06;23;66;92.21;92.21;
2026;06;23;67;91.28;91.28;
2026;06;23;68;82.38;82.38;
2026;06;23;69;92.58;92.58;
2026;06;23;70;93.29;93.29;
2026;06;23;71;93.50;93.50;
2026;06;23;72;95.00;95.00;
2026;06;23;73;79.68;79.68;
2026;06;23;74;88.66;88.66;
2026;06;23;75;80.01;80.01;
2026;06;23;76;80.01;80.01;
2026;06;23;77;99.00;99.00;
2026;06;23;78;99.83;99.83;
2026;06;23;79;110.55;110.55;
2026;06;23;80;111.23;111.23;
2026;06;23;81;109.63;109.63;
2026;06;23;82;121.82;121.82;
2026;06;23;83;135.25;135.25;
2026;06;23;84;148.12;148.12;
2026;06;23;85;144.48;144.48;
2026;06;23;86;168.34;168.34;
2026;06;23;87;179.03;180.01;
2026;06;23;88;173.13;173.13;
2026;06;23;89;117.66;170.01;
2026;06;23;90;166.98;166.98;
2026;06;23;91;156.38;156.38;
2026;06;23;92;132.69;132.69;
2026;06;23;93;132.30;132.30;
2026;06;23;94;133.33;133.33;
2026;06;23;95;127.70;127.70;
2026;06;23;96;121.99;121.99;
*
