MARGINALPIBC;
2026;02;06;1;0.05;.05;
2026;02;06;2;0.15;.15;
2026;02;06;3;0.00;.00;
2026;02;06;4;0.00;.00;
2026;02;06;5;0.00;.00;
2026;02;06;6;0.00;.00;
2026;02;06;7;-0.01;-.01;
2026;02;06;8;-0.03;-.03;
2026;02;06;9;-0.01;-.01;
2026;02;06;10;0.00;.00;
2026;02;06;11;0.00;.00;
2026;02;06;12;0.00;.00;
2026;02;06;13;0.00;.00;
2026;02;06;14;0.00;.00;
2026;02;06;15;0.00;.00;
2026;02;06;16;0.00;.00;
2026;02;06;17;0.00;.00;
2026;02;06;18;0.00;.00;
2026;02;06;19;0.00;.00;
2026;02;06;20;0.00;.00;
2026;02;06;21;0.00;.00;
2026;02;06;22;-0.01;-.01;
2026;02;06;23;0.00;.00;
2026;02;06;24;0.00;.00;
2026;02;06;25;0.00;.00;
2026;02;06;26;0.00;.00;
2026;02;06;27;0.00;.00;
2026;02;06;28;-0.02;-.02;
2026;02;06;29;-0.50;-.50;
2026;02;06;30;0.00;.00;
2026;02;06;31;-4.50;-4.50;
2026;02;06;32;-5.00;-5.00;
2026;02;06;33;-4.00;-1.89;
2026;02;06;34;-4.00;.00;
2026;02;06;35;-4.00;.00;
2026;02;06;36;-5.00;-2.10;
2026;02;06;37;-7.00;-7.00;
2026;02;06;38;-5.00;-5.00;
2026;02;06;39;-2.10;-2.10;
2026;02;06;40;0.00;.00;
2026;02;06;41;-0.50;-.50;
2026;02;06;42;-0.81;-.81;
2026;02;06;43;-0.81;-.81;
2026;02;06;44;-1.89;-1.89;
2026;02;06;45;-0.50;-.50;
2026;02;06;46;-1.31;-1.31;
2026;02;06;47;-2.10;-2.10;
2026;02;06;48;-2.10;-2.10;
2026;02;06;49;-2.10;-2.10;
2026;02;06;50;-2.10;-2.10;
2026;02;06;51;-2.10;-2.10;
2026;02;06;52;-2.10;-2.10;
2026;02;06;53;-1.00;-1.00;
2026;02;06;54;-0.42;-.42;
2026;02;06;55;-0.01;-.01;
2026;02;06;56;-0.01;-.01;
2026;02;06;57;-0.01;-.01;
2026;02;06;58;-0.01;-.01;
2026;02;06;59;-0.01;-.01;
2026;02;06;60;-0.01;-.01;
2026;02;06;61;-0.01;-.01;
2026;02;06;62;-0.01;-.01;
2026;02;06;63;0.00;.00;
2026;02;06;64;0.00;.00;
2026;02;06;65;-1.00;-1.00;
2026;02;06;66;-0.01;-.01;
2026;02;06;67;0.00;.00;
2026;02;06;68;0.18;.18;
2026;02;06;69;0.45;.45;
2026;02;06;70;1.15;1.98;
2026;02;06;71;2.82;3.78;
2026;02;06;72;1.60;3.78;
2026;02;06;73;1.60;4.50;
2026;02;06;74;1.60;11.20;
2026;02;06;75;0.00;30.00;
2026;02;06;76;0.00;50.01;
2026;02;06;77;0.00;79.30;
2026;02;06;78;0.00;64.62;
2026;02;06;79;0.00;87.00;
2026;02;06;80;0.00;87.32;
2026;02;06;81;0.00;85.07;
2026;02;06;82;0.00;89.40;
2026;02;06;83;0.00;87.78;
2026;02;06;84;0.00;80.47;
2026;02;06;85;0.00;82.70;
2026;02;06;86;0.00;74.02;
2026;02;06;87;0.00;60.01;
2026;02;06;88;0.00;25.00;
2026;02;06;89;0.00;16.16;
2026;02;06;90;0.00;14.00;
2026;02;06;91;0.00;12.49;
2026;02;06;92;0.00;3.78;
2026;02;06;93;0.00;3.78;
2026;02;06;94;0.00;3.78;
2026;02;06;95;1.60;3.78;
2026;02;06;96;1.90;1.98;
*
