MARGINALPIBC;
2026;01;17;1;118.97;118.97;
2026;01;17;2;116.95;116.95;
2026;01;17;3;110.95;110.95;
2026;01;17;4;110.95;110.95;
2026;01;17;5;114.44;114.44;
2026;01;17;6;111.00;111.00;
2026;01;17;7;109.90;109.90;
2026;01;17;8;110.28;110.28;
2026;01;17;9;114.21;114.21;
2026;01;17;10;113.62;113.62;
2026;01;17;11;112.19;112.19;
2026;01;17;12;111.00;111.00;
2026;01;17;13;111.00;111.00;
2026;01;17;14;109.60;109.60;
2026;01;17;15;106.69;106.69;
2026;01;17;16;105.98;105.98;
2026;01;17;17;105.98;105.98;
2026;01;17;18;105.97;105.97;
2026;01;17;19;105.97;105.97;
2026;01;17;20;105.97;105.97;
2026;01;17;21;105.97;105.97;
2026;01;17;22;105.97;105.97;
2026;01;17;23;105.97;105.97;
2026;01;17;24;105.97;105.97;
2026;01;17;25;105.98;105.98;
2026;01;17;26;105.98;105.98;
2026;01;17;27;106.64;106.64;
2026;01;17;28;106.62;106.62;
2026;01;17;29;105.98;105.98;
2026;01;17;30;105.97;105.97;
2026;01;17;31;106.16;106.16;
2026;01;17;32;107.22;107.22;
2026;01;17;33;106.78;106.78;
2026;01;17;34;113.09;113.09;
2026;01;17;35;112.37;112.37;
2026;01;17;36;113.33;113.33;
2026;01;17;37;119.99;119.99;
2026;01;17;38;117.89;117.89;
2026;01;17;39;118.37;118.37;
2026;01;17;40;111.77;111.77;
2026;01;17;41;124.07;124.07;
2026;01;17;42;114.60;114.60;
2026;01;17;43;111.90;111.90;
2026;01;17;44;109.43;109.43;
2026;01;17;45;115.83;115.83;
2026;01;17;46;112.97;112.97;
2026;01;17;47;114.60;114.60;
2026;01;17;48;112.00;112.00;
2026;01;17;49;112.46;112.46;
2026;01;17;50;111.97;111.97;
2026;01;17;51;116.69;116.69;
2026;01;17;52;114.88;114.88;
2026;01;17;53;113.00;113.00;
2026;01;17;54;109.90;109.90;
2026;01;17;55;110.01;110.01;
2026;01;17;56;110.97;110.97;
2026;01;17;57;110.92;110.92;
2026;01;17;58;112.44;112.44;
2026;01;17;59;116.69;116.69;
2026;01;17;60;120.41;120.41;
2026;01;17;61;115.01;115.01;
2026;01;17;62;119.99;119.99;
2026;01;17;63;120.77;120.77;
2026;01;17;64;123.43;123.43;
2026;01;17;65;119.99;119.99;
2026;01;17;66;120.71;120.71;
2026;01;17;67;128.13;128.13;
2026;01;17;68;121.90;121.90;
2026;01;17;69;120.00;120.00;
2026;01;17;70;135.14;135.14;
2026;01;17;71;140.98;140.98;
2026;01;17;72;146.74;146.74;
2026;01;17;73;123.95;142.49;
2026;01;17;74;142.49;142.49;
2026;01;17;75;146.50;146.50;
2026;01;17;76;144.91;144.91;
2026;01;17;77;123.95;141.80;
2026;01;17;78;123.95;138.97;
2026;01;17;79;123.95;138.14;
2026;01;17;80;123.95;137.44;
2026;01;17;81;142.14;142.14;
2026;01;17;82;144.54;144.54;
2026;01;17;83;123.95;149.48;
2026;01;17;84;123.95;150.43;
2026;01;17;85;123.95;167.96;
2026;01;17;86;123.95;160.90;
2026;01;17;87;123.95;140.00;
2026;01;17;88;123.95;130.76;
2026;01;17;89;134.19;134.19;
2026;01;17;90;126.45;126.45;
2026;01;17;91;131.36;131.36;
2026;01;17;92;126.68;126.68;
2026;01;17;93;139.27;139.27;
2026;01;17;94;136.20;136.20;
2026;01;17;95;123.95;123.95;
2026;01;17;96;119.99;119.99;
*
