MARGINALPIBC;
2026;04;13;1;40.30;40.30;
2026;04;13;2;29.01;29.01;
2026;04;13;3;21.74;21.74;
2026;04;13;4;5.41;5.41;
2026;04;13;5;31.02;31.02;
2026;04;13;6;14.00;14.00;
2026;04;13;7;15.55;15.55;
2026;04;13;8;17.49;17.49;
2026;04;13;9;36.66;36.66;
2026;04;13;10;35.00;35.00;
2026;04;13;11;25.00;25.00;
2026;04;13;12;16.00;16.00;
2026;04;13;13;15.04;15.04;
2026;04;13;14;15.00;15.00;
2026;04;13;15;15.00;15.00;
2026;04;13;16;15.00;15.00;
2026;04;13;17;15.00;15.00;
2026;04;13;18;17.29;17.29;
2026;04;13;19;30.00;30.00;
2026;04;13;20;19.90;19.90;
2026;04;13;21;15.00;15.00;
2026;04;13;22;29.50;29.50;
2026;04;13;23;40.00;40.00;
2026;04;13;24;40.00;40.00;
2026;04;13;25;24.00;24.00;
2026;04;13;26;24.78;24.78;
2026;04;13;27;20.74;20.74;
2026;04;13;28;25.00;25.00;
2026;04;13;29;65.20;65.20;
2026;04;13;30;68.05;68.05;
2026;04;13;31;75.67;75.67;
2026;04;13;32;76.66;76.66;
2026;04;13;33;72.22;72.22;
2026;04;13;34;65.00;65.00;
2026;04;13;35;41.50;41.50;
2026;04;13;36;29.01;29.01;
2026;04;13;37;45.09;45.09;
2026;04;13;38;10.00;10.00;
2026;04;13;39;3.72;-1.49;
2026;04;13;40;5.28;-2.15;
2026;04;13;41;5.34;-4.42;
2026;04;13;42;5.20;-.07;
2026;04;13;43;6.44;-.50;
2026;04;13;44;5.00;-4.61;
2026;04;13;45;5.34;-2.00;
2026;04;13;46;5.24;-.51;
2026;04;13;47;5.24;-.51;
2026;04;13;48;5.00;-.51;
2026;04;13;49;4.44;-.07;
2026;04;13;50;5.00;-.07;
2026;04;13;51;5.00;-.07;
2026;04;13;52;5.00;-.07;
2026;04;13;53;4.44;-.07;
2026;04;13;54;4.44;-.07;
2026;04;13;55;4.42;-.07;
2026;04;13;56;4.42;-.07;
2026;04;13;57;4.34;-.10;
2026;04;13;58;4.42;-.07;
2026;04;13;59;4.42;-.07;
2026;04;13;60;4.42;-.07;
2026;04;13;61;2.76;-.10;
2026;04;13;62;4.87;-.07;
2026;04;13;63;2.00;-.07;
2026;04;13;64;2.00;-.07;
2026;04;13;65;2.00;-.07;
2026;04;13;66;2.00;-.07;
2026;04;13;67;2.00;-.01;
2026;04;13;68;2.00;-.01;
2026;04;13;69;1.75;-.07;
2026;04;13;70;1.75;.00;
2026;04;13;71;2.00;.84;
2026;04;13;72;2.00;.84;
2026;04;13;73;3.08;3.08;
2026;04;13;74;5.00;5.00;
2026;04;13;75;5.99;5.99;
2026;04;13;76;14.00;14.00;
2026;04;13;77;14.00;14.00;
2026;04;13;78;20.55;20.55;
2026;04;13;79;45.02;45.02;
2026;04;13;80;55.76;55.76;
2026;04;13;81;55.26;55.26;
2026;04;13;82;82.57;82.57;
2026;04;13;83;87.09;87.09;
2026;04;13;84;96.48;96.70;
2026;04;13;85;70.20;98.56;
2026;04;13;86;70.70;98.20;
2026;04;13;87;80.00;97.81;
2026;04;13;88;96.48;96.70;
2026;04;13;89;80.00;91.91;
2026;04;13;90;80.00;87.71;
2026;04;13;91;84.48;85.48;
2026;04;13;92;79.78;86.31;
2026;04;13;93;80.50;86.83;
2026;04;13;94;76.66;79.72;
2026;04;13;95;68.20;68.20;
2026;04;13;96;55.46;55.46;
*
