MARGINALPIBC;
2026;03;25;1;40.70;40.70;
2026;03;25;2;39.20;39.20;
2026;03;25;3;35.02;35.02;
2026;03;25;4;29.52;29.52;
2026;03;25;5;36.02;36.02;
2026;03;25;6;26.58;26.58;
2026;03;25;7;13.68;13.68;
2026;03;25;8;4.40;4.40;
2026;03;25;9;45.00;45.00;
2026;03;25;10;44.80;44.80;
2026;03;25;11;44.15;44.15;
2026;03;25;12;39.82;39.82;
2026;03;25;13;39.82;39.82;
2026;03;25;14;39.82;39.82;
2026;03;25;15;37.42;37.42;
2026;03;25;16;37.42;37.42;
2026;03;25;17;35.02;35.02;
2026;03;25;18;34.99;34.99;
2026;03;25;19;28.41;28.41;
2026;03;25;20;25.11;25.11;
2026;03;25;21;0.50;.50;
2026;03;25;22;3.30;3.30;
2026;03;25;23;3.30;3.30;
2026;03;25;24;8.12;8.12;
2026;03;25;25;4.40;4.40;
2026;03;25;26;10.90;10.90;
2026;03;25;27;11.45;11.45;
2026;03;25;28;28.30;28.30;
2026;03;25;29;39.82;39.82;
2026;03;25;30;39.81;39.81;
2026;03;25;31;26.67;26.67;
2026;03;25;32;3.30;3.30;
2026;03;25;33;18.07;18.07;
2026;03;25;34;19.81;19.81;
2026;03;25;35;21.20;21.20;
2026;03;25;36;5.00;5.00;
2026;03;25;37;2.10;2.10;
2026;03;25;38;1.20;-.07;
2026;03;25;39;0.90;-.86;
2026;03;25;40;0.50;-10.00;
2026;03;25;41;0.50;-.07;
2026;03;25;42;0.00;-.07;
2026;03;25;43;0.00;-.37;
2026;03;25;44;0.00;-.50;
2026;03;25;45;0.00;-.50;
2026;03;25;46;0.00;-.50;
2026;03;25;47;-0.31;-.81;
2026;03;25;48;0.00;-.81;
2026;03;25;49;0.00;-3.32;
2026;03;25;50;0.00;-3.32;
2026;03;25;51;0.00;-3.32;
2026;03;25;52;0.00;-3.36;
2026;03;25;53;0.00;-2.80;
2026;03;25;54;0.00;-1.82;
2026;03;25;55;-0.36;-1.36;
2026;03;25;56;-1.00;-1.24;
2026;03;25;57;0.00;-2.84;
2026;03;25;58;-0.86;-.86;
2026;03;25;59;-0.82;-.86;
2026;03;25;60;-0.32;-.86;
2026;03;25;61;0.00;-3.36;
2026;03;25;62;0.00;-3.32;
2026;03;25;63;0.00;-3.32;
2026;03;25;64;0.00;-3.31;
2026;03;25;65;-0.31;-8.08;
2026;03;25;66;-0.10;-10.02;
2026;03;25;67;0.00;-7.80;
2026;03;25;68;0.40;-7.43;
2026;03;25;69;0.50;-.86;
2026;03;25;70;0.90;.01;
2026;03;25;71;1.00;1.00;
2026;03;25;72;0.80;.80;
2026;03;25;73;0.93;.93;
2026;03;25;74;13.00;13.00;
2026;03;25;75;13.00;13.00;
2026;03;25;76;22.09;22.09;
2026;03;25;77;22.59;22.59;
2026;03;25;78;18.52;18.52;
2026;03;25;79;35.00;35.00;
2026;03;25;80;38.00;38.00;
2026;03;25;81;39.53;39.53;
2026;03;25;82;39.84;39.84;
2026;03;25;83;40.32;40.32;
2026;03;25;84;39.82;39.82;
2026;03;25;85;39.83;39.83;
2026;03;25;86;37.42;37.42;
2026;03;25;87;37.01;37.01;
2026;03;25;88;34.98;34.98;
2026;03;25;89;34.58;34.58;
2026;03;25;90;27.09;27.09;
2026;03;25;91;20.90;20.90;
2026;03;25;92;20.00;20.00;
2026;03;25;93;25.60;25.60;
2026;03;25;94;24.64;24.64;
2026;03;25;95;16.52;16.52;
2026;03;25;96;12.20;12.20;
*
