MARGINALPIBC;
2026;03;10;1;90.17;136.10;
2026;03;10;2;95.54;135.56;
2026;03;10;3;88.30;130.46;
2026;03;10;4;118.18;125.88;
2026;03;10;5;137.32;137.32;
2026;03;10;6;125.71;125.71;
2026;03;10;7;124.10;124.10;
2026;03;10;8;119.38;119.38;
2026;03;10;9;126.27;126.27;
2026;03;10;10;121.91;121.91;
2026;03;10;11;122.30;122.30;
2026;03;10;12;121.94;121.94;
2026;03;10;13;118.21;118.21;
2026;03;10;14;120.71;120.71;
2026;03;10;15;120.04;120.04;
2026;03;10;16;121.04;121.04;
2026;03;10;17;121.45;121.45;
2026;03;10;18;120.43;120.43;
2026;03;10;19;121.25;121.25;
2026;03;10;20;124.87;124.87;
2026;03;10;21;122.70;122.70;
2026;03;10;22;125.95;125.95;
2026;03;10;23;131.32;131.32;
2026;03;10;24;135.90;135.90;
2026;03;10;25;130.51;130.51;
2026;03;10;26;121.17;121.17;
2026;03;10;27;120.00;120.00;
2026;03;10;28;85.01;110.78;
2026;03;10;29;85.01;122.44;
2026;03;10;30;90.35;142.50;
2026;03;10;31;90.35;143.24;
2026;03;10;32;90.35;130.62;
2026;03;10;33;100.25;157.65;
2026;03;10;34;100.25;146.04;
2026;03;10;35;132.75;132.75;
2026;03;10;36;116.01;116.01;
2026;03;10;37;122.44;122.44;
2026;03;10;38;129.30;129.30;
2026;03;10;39;121.28;121.28;
2026;03;10;40;121.50;121.50;
2026;03;10;41;120.36;120.36;
2026;03;10;42;112.14;112.14;
2026;03;10;43;112.50;112.50;
2026;03;10;44;115.00;115.00;
2026;03;10;45;113.06;113.06;
2026;03;10;46;104.40;104.40;
2026;03;10;47;103.34;103.34;
2026;03;10;48;94.00;94.00;
2026;03;10;49;97.08;97.08;
2026;03;10;50;93.17;93.17;
2026;03;10;51;91.99;91.99;
2026;03;10;52;90.94;90.94;
2026;03;10;53;91.60;91.60;
2026;03;10;54;94.40;94.40;
2026;03;10;55;90.99;90.99;
2026;03;10;56;89.91;89.91;
2026;03;10;57;95.71;95.71;
2026;03;10;58;100.02;100.02;
2026;03;10;59;98.54;98.54;
2026;03;10;60;87.62;87.62;
2026;03;10;61;100.00;100.00;
2026;03;10;62;92.81;92.81;
2026;03;10;63;93.70;93.70;
2026;03;10;64;95.82;95.82;
2026;03;10;65;96.24;96.24;
2026;03;10;66;100.00;100.00;
2026;03;10;67;103.76;103.76;
2026;03;10;68;115.60;115.60;
2026;03;10;69;94.07;94.07;
2026;03;10;70;105.49;105.49;
2026;03;10;71;113.04;113.04;
2026;03;10;72;122.60;122.60;
2026;03;10;73;122.08;122.08;
2026;03;10;74;137.65;137.65;
2026;03;10;75;144.95;144.95;
2026;03;10;76;165.37;189.00;
2026;03;10;77;166.33;179.43;
2026;03;10;78;184.47;192.78;
2026;03;10;79;182.70;182.70;
2026;03;10;80;181.17;181.17;
2026;03;10;81;235.61;235.61;
2026;03;10;82;201.01;250.00;
2026;03;10;83;201.01;250.00;
2026;03;10;84;201.01;250.00;
2026;03;10;85;213.84;247.01;
2026;03;10;86;243.87;247.70;
2026;03;10;87;193.18;193.18;
2026;03;10;88;178.32;178.32;
2026;03;10;89;155.65;155.65;
2026;03;10;90;159.00;159.00;
2026;03;10;91;151.00;151.00;
2026;03;10;92;147.58;147.58;
2026;03;10;93;160.37;160.37;
2026;03;10;94;148.23;148.23;
2026;03;10;95;142.67;142.67;
2026;03;10;96;138.46;138.46;
*
