MARGINALPIBC;
2026;01;16;1;114.20;114.20;
2026;01;16;2;115.00;115.00;
2026;01;16;3;115.01;115.01;
2026;01;16;4;110.46;110.46;
2026;01;16;5;112.92;112.92;
2026;01;16;6;109.02;109.02;
2026;01;16;7;108.65;108.65;
2026;01;16;8;108.51;108.51;
2026;01;16;9;108.79;108.79;
2026;01;16;10;105.33;105.33;
2026;01;16;11;105.33;105.33;
2026;01;16;12;104.33;104.33;
2026;01;16;13;108.04;108.04;
2026;01;16;14;107.04;107.04;
2026;01;16;15;105.95;105.95;
2026;01;16;16;105.60;105.60;
2026;01;16;17;104.22;104.22;
2026;01;16;18;103.93;103.93;
2026;01;16;19;104.08;104.08;
2026;01;16;20;102.37;102.37;
2026;01;16;21;102.30;102.30;
2026;01;16;22;102.37;102.37;
2026;01;16;23;104.38;104.38;
2026;01;16;24;106.90;106.90;
2026;01;16;25;105.85;105.85;
2026;01;16;26;106.23;106.23;
2026;01;16;27;105.33;105.33;
2026;01;16;28;108.99;108.99;
2026;01;16;29;112.00;112.00;
2026;01;16;30;121.09;121.09;
2026;01;16;31;131.03;131.03;
2026;01;16;32;141.74;141.74;
2026;01;16;33;158.20;158.20;
2026;01;16;34;158.06;158.06;
2026;01;16;35;158.50;158.50;
2026;01;16;36;158.74;158.74;
2026;01;16;37;157.78;163.79;
2026;01;16;38;158.20;158.20;
2026;01;16;39;156.97;156.97;
2026;01;16;40;156.87;156.87;
2026;01;16;41;134.44;134.44;
2026;01;16;42;121.54;121.54;
2026;01;16;43;115.77;115.77;
2026;01;16;44;112.75;112.75;
2026;01;16;45;116.18;116.18;
2026;01;16;46;115.24;115.24;
2026;01;16;47;110.97;110.97;
2026;01;16;48;109.69;109.69;
2026;01;16;49;104.10;104.10;
2026;01;16;50;103.83;103.83;
2026;01;16;51;104.78;104.78;
2026;01;16;52;108.51;108.51;
2026;01;16;53;101.79;101.79;
2026;01;16;54;104.35;104.35;
2026;01;16;55;103.04;103.04;
2026;01;16;56;105.10;105.10;
2026;01;16;57;103.38;103.38;
2026;01;16;58;109.69;109.69;
2026;01;16;59;109.69;109.69;
2026;01;16;60;116.00;116.00;
2026;01;16;61;108.53;108.53;
2026;01;16;62;117.26;117.26;
2026;01;16;63;119.71;119.71;
2026;01;16;64;123.66;123.66;
2026;01;16;65;119.85;119.85;
2026;01;16;66;127.63;127.63;
2026;01;16;67;128.66;128.66;
2026;01;16;68;130.63;130.63;
2026;01;16;69;132.37;132.37;
2026;01;16;70;143.21;143.21;
2026;01;16;71;152.10;152.10;
2026;01;16;72;167.74;167.74;
2026;01;16;73;146.46;151.22;
2026;01;16;74;155.46;160.14;
2026;01;16;75;161.49;169.84;
2026;01;16;76;165.20;165.20;
2026;01;16;77;157.34;166.13;
2026;01;16;78;153.40;162.12;
2026;01;16;79;152.02;152.02;
2026;01;16;80;147.77;147.77;
2026;01;16;81;141.12;141.12;
2026;01;16;82;139.50;139.50;
2026;01;16;83;156.90;156.90;
2026;01;16;84;151.51;151.51;
2026;01;16;85;158.74;158.74;
2026;01;16;86;158.50;158.50;
2026;01;16;87;158.50;158.50;
2026;01;16;88;158.95;158.95;
2026;01;16;89;158.50;158.50;
2026;01;16;90;158.50;158.50;
2026;01;16;91;152.78;152.78;
2026;01;16;92;140.11;140.11;
2026;01;16;93;133.66;133.66;
2026;01;16;94;129.85;129.85;
2026;01;16;95;130.01;130.01;
2026;01;16;96;134.61;134.61;
*
