MARGINALPIBC;
2026;01;29;1;0.00;.00;
2026;01;29;2;0.00;.00;
2026;01;29;3;1.44;1.44;
2026;01;29;4;0.00;.00;
2026;01;29;5;0.00;.00;
2026;01;29;6;0.00;.00;
2026;01;29;7;0.00;.00;
2026;01;29;8;0.00;.00;
2026;01;29;9;-0.50;-.50;
2026;01;29;10;-4.99;-.50;
2026;01;29;11;0.00;.00;
2026;01;29;12;0.00;.00;
2026;01;29;13;-1.00;3.33;
2026;01;29;14;-1.00;.00;
2026;01;29;15;-1.00;.00;
2026;01;29;16;-8.50;3.30;
2026;01;29;17;-15.40;-.41;
2026;01;29;18;-15.40;.91;
2026;01;29;19;-15.40;.00;
2026;01;29;20;-15.40;3.27;
2026;01;29;21;-15.40;.90;
2026;01;29;22;-2.00;3.71;
2026;01;29;23;-1.00;5.00;
2026;01;29;24;-1.00;.00;
2026;01;29;25;-2.00;.00;
2026;01;29;26;-2.00;.00;
2026;01;29;27;-1.00;.00;
2026;01;29;28;0.00;4.34;
2026;01;29;29;0.00;30.00;
2026;01;29;30;0.00;45.71;
2026;01;29;31;0.00;77.83;
2026;01;29;32;2.99;95.56;
2026;01;29;33;4.00;50.52;
2026;01;29;34;4.00;79.50;
2026;01;29;35;0.00;100.65;
2026;01;29;36;0.00;105.74;
2026;01;29;37;26.18;113.85;
2026;01;29;38;10.22;102.47;
2026;01;29;39;27.00;87.10;
2026;01;29;40;27.00;49.67;
2026;01;29;41;27.00;81.98;
2026;01;29;42;27.00;44.38;
2026;01;29;43;27.00;39.36;
2026;01;29;44;26.20;26.20;
2026;01;29;45;11.36;61.07;
2026;01;29;46;27.00;43.28;
2026;01;29;47;26.17;35.97;
2026;01;29;48;34.16;34.16;
2026;01;29;49;28.89;28.89;
2026;01;29;50;27.78;27.78;
2026;01;29;51;27.22;27.22;
2026;01;29;52;26.47;26.47;
2026;01;29;53;28.11;28.11;
2026;01;29;54;27.68;27.68;
2026;01;29;55;27.22;27.22;
2026;01;29;56;25.90;25.90;
2026;01;29;57;20.87;20.87;
2026;01;29;58;20.93;20.93;
2026;01;29;59;21.71;21.71;
2026;01;29;60;21.78;21.78;
2026;01;29;61;19.20;19.20;
2026;01;29;62;20.87;20.87;
2026;01;29;63;23.90;23.90;
2026;01;29;64;25.46;25.46;
2026;01;29;65;14.10;14.10;
2026;01;29;66;22.03;22.03;
2026;01;29;67;26.74;26.74;
2026;01;29;68;30.26;30.26;
2026;01;29;69;23.91;23.91;
2026;01;29;70;8.34;27.25;
2026;01;29;71;9.36;44.24;
2026;01;29;72;8.87;65.01;
2026;01;29;73;10.22;46.76;
2026;01;29;74;10.22;52.42;
2026;01;29;75;10.22;60.27;
2026;01;29;76;10.22;67.17;
2026;01;29;77;10.22;40.60;
2026;01;29;78;10.22;41.77;
2026;01;29;79;10.22;44.86;
2026;01;29;80;10.22;44.02;
2026;01;29;81;18.38;45.02;
2026;01;29;82;27.00;45.52;
2026;01;29;83;27.00;45.52;
2026;01;29;84;27.00;44.53;
2026;01;29;85;27.00;44.86;
2026;01;29;86;27.00;36.35;
2026;01;29;87;25.00;25.00;
2026;01;29;88;11.76;11.76;
2026;01;29;89;27.00;27.00;
2026;01;29;90;23.90;23.90;
2026;01;29;91;10.36;10.36;
2026;01;29;92;15.45;15.45;
2026;01;29;93;20.89;20.89;
2026;01;29;94;11.10;11.10;
2026;01;29;95;0.37;.37;
2026;01;29;96;1.98;1.98;
*
