MARGINALPIBC;
2026;03;01;1;30.01;42.89;
2026;03;01;2;30.01;30.01;
2026;03;01;3;30.00;.00;
2026;03;01;4;19.83;.00;
2026;03;01;5;22.24;.00;
2026;03;01;6;22.24;.00;
2026;03;01;7;29.99;5.00;
2026;03;01;8;29.99;4.10;
2026;03;01;9;22.24;22.25;
2026;03;01;10;0.10;16.67;
2026;03;01;11;-6.00;18.00;
2026;03;01;12;-6.00;18.00;
2026;03;01;13;0.10;23.00;
2026;03;01;14;0.10;19.36;
2026;03;01;15;0.10;23.00;
2026;03;01;16;0.10;23.00;
2026;03;01;17;0.10;23.30;
2026;03;01;18;0.10;23.00;
2026;03;01;19;0.10;21.05;
2026;03;01;20;0.10;18.90;
2026;03;01;21;0.10;18.90;
2026;03;01;22;0.10;19.06;
2026;03;01;23;0.10;18.30;
2026;03;01;24;0.10;18.02;
2026;03;01;25;18.90;19.65;
2026;03;01;26;18.25;23.30;
2026;03;01;27;18.69;28.08;
2026;03;01;28;19.83;24.84;
2026;03;01;29;18.99;23.61;
2026;03;01;30;19.49;19.50;
2026;03;01;31;18.99;16.70;
2026;03;01;32;0.10;12.00;
2026;03;01;33;0.10;4.10;
2026;03;01;34;16.99;8.12;
2026;03;01;35;14.81;14.82;
2026;03;01;36;3.96;6.96;
2026;03;01;37;0.10;21.68;
2026;03;01;38;0.91;3.78;
2026;03;01;39;-5.00;3.00;
2026;03;01;40;-5.00;.91;
2026;03;01;41;-5.00;.61;
2026;03;01;42;-5.00;.00;
2026;03;01;43;-5.00;.00;
2026;03;01;44;-5.00;-.42;
2026;03;01;45;-5.00;-.01;
2026;03;01;46;-5.00;-.50;
2026;03;01;47;-5.00;-.50;
2026;03;01;48;-5.00;-.81;
2026;03;01;49;-5.00;-.81;
2026;03;01;50;-5.00;-.81;
2026;03;01;51;-5.00;-.81;
2026;03;01;52;-5.00;-.81;
2026;03;01;53;-5.00;-.85;
2026;03;01;54;-5.00;-.99;
2026;03;01;55;-5.00;-.81;
2026;03;01;56;-5.00;-.81;
2026;03;01;57;-5.00;-2.10;
2026;03;01;58;-5.00;-2.10;
2026;03;01;59;-5.00;-.81;
2026;03;01;60;-5.00;-2.10;
2026;03;01;61;-5.00;-2.96;
2026;03;01;62;-5.00;-2.25;
2026;03;01;63;-5.00;-2.11;
2026;03;01;64;-5.00;-2.01;
2026;03;01;65;-5.00;-.81;
2026;03;01;66;-5.00;-.81;
2026;03;01;67;-5.00;-.81;
2026;03;01;68;-5.00;-.30;
2026;03;01;69;-5.00;.00;
2026;03;01;70;-2.29;.01;
2026;03;01;71;-1.69;.91;
2026;03;01;72;-0.75;3.78;
2026;03;01;73;-0.01;10.00;
2026;03;01;74;0.10;14.00;
2026;03;01;75;0.10;22.10;
2026;03;01;76;17.50;11.25;
2026;03;01;77;25.06;4.10;
2026;03;01;78;30.00;42.39;
2026;03;01;79;30.01;43.71;
2026;03;01;80;30.02;40.03;
2026;03;01;81;30.02;34.18;
2026;03;01;82;30.02;30.02;
2026;03;01;83;30.01;25.02;
2026;03;01;84;30.00;3.82;
2026;03;01;85;30.00;35.15;
2026;03;01;86;24.13;28.14;
2026;03;01;87;22.24;27.25;
2026;03;01;88;0.10;21.00;
2026;03;01;89;25.80;23.85;
2026;03;01;90;0.10;15.06;
2026;03;01;91;22.24;15.05;
2026;03;01;92;0.10;14.34;
2026;03;01;93;0.10;4.10;
2026;03;01;94;0.10;13.56;
2026;03;01;95;0.10;9.24;
2026;03;01;96;0.10;7.69;
*
