MARGINALPIBC;
2026;03;16;1;25.01;25.01;
2026;03;16;2;23.88;23.88;
2026;03;16;3;13.56;13.56;
2026;03;16;4;14.00;14.00;
2026;03;16;5;26.20;26.20;
2026;03;16;6;8.40;8.40;
2026;03;16;7;14.00;14.00;
2026;03;16;8;6.00;6.00;
2026;03;16;9;3.78;3.78;
2026;03;16;10;5.37;5.37;
2026;03;16;11;5.37;5.37;
2026;03;16;12;4.30;4.30;
2026;03;16;13;-0.99;-.99;
2026;03;16;14;-0.99;-.99;
2026;03;16;15;-0.99;-.99;
2026;03;16;16;0.00;.00;
2026;03;16;17;-1.01;-1.01;
2026;03;16;18;5.37;5.37;
2026;03;16;19;8.00;8.00;
2026;03;16;20;8.00;8.00;
2026;03;16;21;20.20;20.20;
2026;03;16;22;20.20;20.20;
2026;03;16;23;26.20;26.20;
2026;03;16;24;26.92;26.92;
2026;03;16;25;26.20;26.20;
2026;03;16;26;29.32;29.32;
2026;03;16;27;64.00;64.00;
2026;03;16;28;71.92;71.92;
2026;03;16;29;85.42;85.42;
2026;03;16;30;100.81;100.81;
2026;03;16;31;103.27;103.27;
2026;03;16;32;96.28;96.28;
2026;03;16;33;78.45;78.45;
2026;03;16;34;67.90;67.90;
2026;03;16;35;52.87;52.87;
2026;03;16;36;0.00;.00;
2026;03;16;37;3.78;3.78;
2026;03;16;38;0.90;.90;
2026;03;16;39;0.01;.01;
2026;03;16;40;0.00;.00;
2026;03;16;41;0.00;.00;
2026;03;16;42;0.00;.00;
2026;03;16;43;0.00;.00;
2026;03;16;44;0.00;.00;
2026;03;16;45;0.00;.00;
2026;03;16;46;0.00;.00;
2026;03;16;47;0.00;.00;
2026;03;16;48;0.00;.00;
2026;03;16;49;-0.01;-.01;
2026;03;16;50;-0.01;-.01;
2026;03;16;51;0.00;.00;
2026;03;16;52;0.00;.00;
2026;03;16;53;-0.01;-.01;
2026;03;16;54;0.00;.00;
2026;03;16;55;0.00;.00;
2026;03;16;56;0.00;.00;
2026;03;16;57;0.00;.00;
2026;03;16;58;0.00;.00;
2026;03;16;59;0.00;.00;
2026;03;16;60;0.00;.00;
2026;03;16;61;0.00;.00;
2026;03;16;62;0.00;.00;
2026;03;16;63;0.00;.00;
2026;03;16;64;0.00;.00;
2026;03;16;65;0.00;.00;
2026;03;16;66;0.01;.01;
2026;03;16;67;0.00;.00;
2026;03;16;68;0.00;.00;
2026;03;16;69;0.91;.91;
2026;03;16;70;1.98;1.98;
2026;03;16;71;24.04;24.04;
2026;03;16;72;15.00;15.00;
2026;03;16;73;2.99;2.99;
2026;03;16;74;25.19;25.19;
2026;03;16;75;73.72;73.72;
2026;03;16;76;125.73;125.73;
2026;03;16;77;141.00;156.00;
2026;03;16;78;120.10;180.00;
2026;03;16;79;180.00;180.00;
2026;03;16;80;179.85;179.85;
2026;03;16;81;85.37;182.45;
2026;03;16;82;131.16;160.52;
2026;03;16;83;85.37;148.81;
2026;03;16;84;85.37;143.70;
2026;03;16;85;85.37;139.44;
2026;03;16;86;80.42;140.00;
2026;03;16;87;126.59;126.59;
2026;03;16;88;82.69;118.21;
2026;03;16;89;80.42;132.82;
2026;03;16;90;80.42;127.64;
2026;03;16;91;80.42;127.64;
2026;03;16;92;40.78;115.90;
2026;03;16;93;71.67;108.99;
2026;03;16;94;87.43;87.43;
2026;03;16;95;90.10;93.34;
2026;03;16;96;78.22;78.22;
*
