MARGINALPIBC;
2026;02;01;1;-1.77;3.78;
2026;02;01;2;-1.77;3.78;
2026;02;01;3;-1.77;2.05;
2026;02;01;4;-6.00;.90;
2026;02;01;5;-0.01;1.58;
2026;02;01;6;-0.01;-.01;
2026;02;01;7;-0.01;-.01;
2026;02;01;8;-0.01;-.01;
2026;02;01;9;-0.01;.90;
2026;02;01;10;-0.01;.00;
2026;02;01;11;-0.01;-.01;
2026;02;01;12;-0.01;-.01;
2026;02;01;13;0.00;.00;
2026;02;01;14;-0.01;-.01;
2026;02;01;15;-0.01;-.01;
2026;02;01;16;-0.01;-.01;
2026;02;01;17;-0.01;-.01;
2026;02;01;18;-0.01;-.01;
2026;02;01;19;-0.42;-.42;
2026;02;01;20;-0.01;-.01;
2026;02;01;21;-0.01;-.01;
2026;02;01;22;-0.01;-.01;
2026;02;01;23;-0.01;.00;
2026;02;01;24;-0.01;.76;
2026;02;01;25;-0.01;.00;
2026;02;01;26;-0.01;.77;
2026;02;01;27;-0.01;1.00;
2026;02;01;28;-0.01;3.47;
2026;02;01;29;-0.01;1.98;
2026;02;01;30;-0.01;3.00;
2026;02;01;31;-0.01;.88;
2026;02;01;32;-1.77;.10;
2026;02;01;33;-5.00;-5.00;
2026;02;01;34;-5.00;-5.00;
2026;02;01;35;-0.50;-.50;
2026;02;01;36;-0.01;4.34;
2026;02;01;37;-0.01;20.50;
2026;02;01;38;-0.01;30.40;
2026;02;01;39;-0.01;34.55;
2026;02;01;40;-0.01;23.93;
2026;02;01;41;-0.01;28.78;
2026;02;01;42;-0.01;29.34;
2026;02;01;43;-0.01;29.34;
2026;02;01;44;-0.01;27.41;
2026;02;01;45;-0.01;25.79;
2026;02;01;46;-0.01;22.98;
2026;02;01;47;-0.01;14.48;
2026;02;01;48;-0.01;3.78;
2026;02;01;49;-0.01;3.78;
2026;02;01;50;-0.01;2.02;
2026;02;01;51;-0.01;1.58;
2026;02;01;52;-0.01;.91;
2026;02;01;53;-0.01;3.78;
2026;02;01;54;-0.01;3.78;
2026;02;01;55;-0.01;3.78;
2026;02;01;56;-1.77;3.72;
2026;02;01;57;-1.77;3.58;
2026;02;01;58;-1.77;3.78;
2026;02;01;59;-1.77;3.78;
2026;02;01;60;-0.01;2.18;
2026;02;01;61;-0.01;3.78;
2026;02;01;62;-0.01;3.78;
2026;02;01;63;-0.01;3.78;
2026;02;01;64;-0.01;3.58;
2026;02;01;65;-0.20;3.78;
2026;02;01;66;-1.77;1.78;
2026;02;01;67;-1.77;10.00;
2026;02;01;68;-3.50;20.44;
2026;02;01;69;-3.90;15.28;
2026;02;01;70;-3.90;20.00;
2026;02;01;71;-1.77;42.73;
2026;02;01;72;-1.77;60.02;
2026;02;01;73;-1.77;57.00;
2026;02;01;74;-1.77;62.15;
2026;02;01;75;-1.77;107.56;
2026;02;01;76;-1.77;107.91;
2026;02;01;77;-1.90;115.00;
2026;02;01;78;-1.77;112.62;
2026;02;01;79;-1.77;115.68;
2026;02;01;80;-1.77;115.87;
2026;02;01;81;-2.00;110.70;
2026;02;01;82;-3.70;111.90;
2026;02;01;83;-3.70;116.96;
2026;02;01;84;-3.70;110.00;
2026;02;01;85;-1.70;110.76;
2026;02;01;86;-0.01;112.45;
2026;02;01;87;-0.01;108.90;
2026;02;01;88;-0.01;100.00;
2026;02;01;89;-0.01;94.00;
2026;02;01;90;-0.01;82.05;
2026;02;01;91;-0.01;79.05;
2026;02;01;92;-0.01;65.26;
2026;02;01;93;-0.01;65.12;
2026;02;01;94;-0.01;36.30;
2026;02;01;95;0.00;20.00;
2026;02;01;96;-1.89;6.10;
*
