MARGINALPIBC;
2026;05;20;1;113.80;113.80;
2026;05;20;2;116.66;116.66;
2026;05;20;3;114.12;114.12;
2026;05;20;4;106.10;106.10;
2026;05;20;5;115.76;115.76;
2026;05;20;6;110.19;110.19;
2026;05;20;7;106.05;106.05;
2026;05;20;8;101.88;101.88;
2026;05;20;9;103.70;103.70;
2026;05;20;10;102.20;102.20;
2026;05;20;11;87.07;87.07;
2026;05;20;12;70.19;70.19;
2026;05;20;13;76.50;76.50;
2026;05;20;14;76.50;76.50;
2026;05;20;15;76.26;76.26;
2026;05;20;16;76.93;76.93;
2026;05;20;17;72.69;72.69;
2026;05;20;18;72.69;72.69;
2026;05;20;19;73.21;73.21;
2026;05;20;20;81.50;81.50;
2026;05;20;21;73.45;73.45;
2026;05;20;22;73.93;73.93;
2026;05;20;23;74.41;74.41;
2026;05;20;24;80.67;80.67;
2026;05;20;25;85.55;85.55;
2026;05;20;26;85.55;85.55;
2026;05;20;27;95.15;95.15;
2026;05;20;28;108.00;108.00;
2026;05;20;29;116.66;116.66;
2026;05;20;30;116.78;116.78;
2026;05;20;31;106.17;106.17;
2026;05;20;32;85.55;85.55;
2026;05;20;33;85.55;85.55;
2026;05;20;34;84.05;84.05;
2026;05;20;35;75.63;75.63;
2026;05;20;36;56.45;56.45;
2026;05;20;37;79.10;79.10;
2026;05;20;38;36.57;36.57;
2026;05;20;39;24.63;24.63;
2026;05;20;40;27.01;-1.13;
2026;05;20;41;10.88;-.07;
2026;05;20;42;61.75;-1.66;
2026;05;20;43;61.75;-.87;
2026;05;20;44;8.89;-5.00;
2026;05;20;45;62.32;-1.20;
2026;05;20;46;62.00;-2.20;
2026;05;20;47;62.00;-5.00;
2026;05;20;48;61.75;-.01;
2026;05;20;49;8.98;.00;
2026;05;20;50;5.01;.00;
2026;05;20;51;5.01;-1.46;
2026;05;20;52;5.01;.00;
2026;05;20;53;4.23;.00;
2026;05;20;54;4.23;.00;
2026;05;20;55;4.00;.00;
2026;05;20;56;4.00;.00;
2026;05;20;57;4.00;.00;
2026;05;20;58;4.00;.00;
2026;05;20;59;4.00;.00;
2026;05;20;60;4.00;.00;
2026;05;20;61;4.00;.00;
2026;05;20;62;4.00;.00;
2026;05;20;63;4.00;.00;
2026;05;20;64;4.00;.00;
2026;05;20;65;4.00;.00;
2026;05;20;66;4.00;.00;
2026;05;20;67;4.00;.00;
2026;05;20;68;4.00;.00;
2026;05;20;69;4.23;3.08;
2026;05;20;70;4.23;.00;
2026;05;20;71;4.23;.01;
2026;05;20;72;5.01;3.08;
2026;05;20;73;6.01;6.01;
2026;05;20;74;20.84;20.84;
2026;05;20;75;31.95;31.95;
2026;05;20;76;50.24;50.24;
2026;05;20;77;31.50;31.50;
2026;05;20;78;47.55;47.55;
2026;05;20;79;62.50;62.50;
2026;05;20;80;91.30;91.30;
2026;05;20;81;71.15;71.15;
2026;05;20;82;102.01;102.01;
2026;05;20;83;116.04;116.04;
2026;05;20;84;122.60;122.60;
2026;05;20;85;116.49;116.49;
2026;05;20;86;133.33;133.33;
2026;05;20;87;136.66;136.66;
2026;05;20;88;131.42;131.42;
2026;05;20;89;130.89;130.89;
2026;05;20;90;118.44;118.44;
2026;05;20;91;136.66;136.66;
2026;05;20;92;123.63;123.63;
2026;05;20;93;122.00;122.00;
2026;05;20;94;117.25;117.25;
2026;05;20;95;116.49;116.49;
2026;05;20;96;107.32;107.32;
*
