MARGINALPIBC;
2026;04;23;1;95.87;95.87;
2026;04;23;2;91.67;91.67;
2026;04;23;3;78.01;78.01;
2026;04;23;4;62.13;62.13;
2026;04;23;5;71.64;71.64;
2026;04;23;6;62.22;62.22;
2026;04;23;7;61.82;61.82;
2026;04;23;8;62.41;62.41;
2026;04;23;9;64.89;64.89;
2026;04;23;10;61.63;61.63;
2026;04;23;11;62.01;62.01;
2026;04;23;12;62.01;62.01;
2026;04;23;13;64.26;64.26;
2026;04;23;14;63.38;63.38;
2026;04;23;15;63.20;63.20;
2026;04;23;16;62.82;62.82;
2026;04;23;17;62.86;62.86;
2026;04;23;18;63.51;63.51;
2026;04;23;19;61.23;61.23;
2026;04;23;20;60.71;60.71;
2026;04;23;21;59.90;59.90;
2026;04;23;22;59.90;59.90;
2026;04;23;23;61.78;61.78;
2026;04;23;24;52.20;52.20;
2026;04;23;25;56.86;56.86;
2026;04;23;26;62.01;62.01;
2026;04;23;27;68.86;68.86;
2026;04;23;28;70.48;70.48;
2026;04;23;29;62.08;62.08;
2026;04;23;30;78.73;78.73;
2026;04;23;31;87.86;87.86;
2026;04;23;32;75.17;75.17;
2026;04;23;33;97.66;97.66;
2026;04;23;34;91.36;91.36;
2026;04;23;35;62.31;62.31;
2026;04;23;36;60.00;60.00;
2026;04;23;37;73.90;73.90;
2026;04;23;38;51.38;51.38;
2026;04;23;39;29.90;19.70;
2026;04;23;40;26.83;.00;
2026;04;23;41;26.87;15.04;
2026;04;23;42;24.11;4.95;
2026;04;23;43;19.70;5.41;
2026;04;23;44;19.45;.84;
2026;04;23;45;21.15;1.50;
2026;04;23;46;21.15;.00;
2026;04;23;47;20.55;-.07;
2026;04;23;48;19.70;-.07;
2026;04;23;49;19.70;.00;
2026;04;23;50;19.70;-.28;
2026;04;23;51;19.70;-.35;
2026;04;23;52;24.11;-.50;
2026;04;23;53;21.56;-.30;
2026;04;23;54;24.11;-.50;
2026;04;23;55;17.94;-.50;
2026;04;23;56;20.33;-.39;
2026;04;23;57;20.33;-.21;
2026;04;23;58;20.33;-.50;
2026;04;23;59;16.50;-.50;
2026;04;23;60;16.50;-.31;
2026;04;23;61;20.33;-.31;
2026;04;23;62;24.11;-.31;
2026;04;23;63;21.56;-.31;
2026;04;23;64;24.11;-.07;
2026;04;23;65;20.33;-.75;
2026;04;23;66;27.01;.00;
2026;04;23;67;27.01;.01;
2026;04;23;68;42.01;1.00;
2026;04;23;69;21.56;.01;
2026;04;23;70;21.56;.84;
2026;04;23;71;27.01;3.08;
2026;04;23;72;42.01;3.08;
2026;04;23;73;7.70;7.24;
2026;04;23;74;18.87;18.87;
2026;04;23;75;15.06;15.06;
2026;04;23;76;46.05;46.05;
2026;04;23;77;37.52;37.52;
2026;04;23;78;70.20;70.20;
2026;04;23;79;68.05;68.05;
2026;04;23;80;85.20;85.20;
2026;04;23;81;69.48;69.48;
2026;04;23;82;85.20;85.20;
2026;04;23;83;85.62;85.62;
2026;04;23;84;95.50;95.50;
2026;04;23;85;94.99;94.99;
2026;04;23;86;94.96;94.96;
2026;04;23;87;91.52;91.52;
2026;04;23;88;86.00;86.00;
2026;04;23;89;81.88;81.88;
2026;04;23;90;80.02;80.02;
2026;04;23;91;80.52;80.52;
2026;04;23;92;79.20;79.20;
2026;04;23;93;80.62;80.62;
2026;04;23;94;79.20;79.20;
2026;04;23;95;85.20;85.20;
2026;04;23;96;82.57;82.57;
*
