MARGINALPIBC;
2026;06;29;1;100.59;100.59;
2026;06;29;2;120.89;120.89;
2026;06;29;3;105.34;105.34;
2026;06;29;4;112.24;112.24;
2026;06;29;5;117.00;117.00;
2026;06;29;6;114.37;114.37;
2026;06;29;7;115.00;115.00;
2026;06;29;8;111.93;111.93;
2026;06;29;9;106.45;106.45;
2026;06;29;10;107.56;107.56;
2026;06;29;11;103.70;103.70;
2026;06;29;12;100.00;100.00;
2026;06;29;13;87.74;87.74;
2026;06;29;14;85.78;85.78;
2026;06;29;15;89.00;89.00;
2026;06;29;16;90.00;90.00;
2026;06;29;17;91.70;91.70;
2026;06;29;18;91.70;91.70;
2026;06;29;19;90.00;90.00;
2026;06;29;20;95.00;95.00;
2026;06;29;21;90.00;90.00;
2026;06;29;22;68.50;68.50;
2026;06;29;23;68.50;68.50;
2026;06;29;24;71.69;71.69;
2026;06;29;25;68.50;68.50;
2026;06;29;26;77.46;77.46;
2026;06;29;27;87.94;87.94;
2026;06;29;28;81.30;81.30;
2026;06;29;29;100.59;100.59;
2026;06;29;30;99.09;99.09;
2026;06;29;31;90.00;90.00;
2026;06;29;32;68.50;68.50;
2026;06;29;33;95.00;95.00;
2026;06;29;34;80.00;80.00;
2026;06;29;35;50.99;50.99;
2026;06;29;36;0.00;.00;
2026;06;29;37;14.55;14.55;
2026;06;29;38;56.37;56.37;
2026;06;29;39;68.10;68.10;
2026;06;29;40;54.59;54.59;
2026;06;29;41;52.43;52.43;
2026;06;29;42;50.24;50.24;
2026;06;29;43;38.55;38.55;
2026;06;29;44;32.96;32.96;
2026;06;29;45;32.49;32.49;
2026;06;29;46;33.43;33.43;
2026;06;29;47;37.19;37.19;
2026;06;29;48;35.41;35.41;
2026;06;29;49;34.86;34.86;
2026;06;29;50;36.48;36.48;
2026;06;29;51;45.40;45.40;
2026;06;29;52;55.49;55.49;
2026;06;29;53;69.00;69.00;
2026;06;29;54;71.28;71.28;
2026;06;29;55;78.28;78.28;
2026;06;29;56;80.45;80.45;
2026;06;29;57;84.42;84.42;
2026;06;29;58;86.23;86.23;
2026;06;29;59;89.80;89.80;
2026;06;29;60;91.55;91.55;
2026;06;29;61;90.56;90.56;
2026;06;29;62;92.59;92.59;
2026;06;29;63;87.41;87.41;
2026;06;29;64;85.00;85.00;
2026;06;29;65;85.63;85.63;
2026;06;29;66;85.23;85.23;
2026;06;29;67;84.55;84.55;
2026;06;29;68;90.00;90.00;
2026;06;29;69;90.00;90.00;
2026;06;29;70;89.47;89.47;
2026;06;29;71;89.15;89.15;
2026;06;29;72;87.47;87.47;
2026;06;29;73;58.98;58.98;
2026;06;29;74;57.48;57.48;
2026;06;29;75;76.09;76.09;
2026;06;29;76;65.00;65.00;
2026;06;29;77;50.24;50.24;
2026;06;29;78;42.33;42.33;
2026;06;29;79;66.30;66.30;
2026;06;29;80;78.36;78.36;
2026;06;29;81;82.85;82.85;
2026;06;29;82;107.56;107.56;
2026;06;29;83;113.95;113.95;
2026;06;29;84;139.41;139.41;
2026;06;29;85;140.01;140.01;
2026;06;29;86;117.61;171.91;
2026;06;29;87;72.02;179.88;
2026;06;29;88;146.80;146.80;
2026;06;29;89;147.51;147.51;
2026;06;29;90;146.20;146.20;
2026;06;29;91;126.28;126.28;
2026;06;29;92;108.59;108.59;
2026;06;29;93;108.17;108.17;
2026;06;29;94;110.76;110.76;
2026;06;29;95;102.09;102.09;
2026;06;29;96;101.81;101.81;
*
