MARGINALPIBC;
2026;05;04;1;104.90;104.90;
2026;05;04;2;104.15;104.15;
2026;05;04;3;95.92;95.92;
2026;05;04;4;91.20;91.20;
2026;05;04;5;94.93;94.93;
2026;05;04;6;89.79;89.79;
2026;05;04;7;90.00;90.00;
2026;05;04;8;86.45;86.45;
2026;05;04;9;90.00;90.00;
2026;05;04;10;84.88;84.88;
2026;05;04;11;80.10;80.10;
2026;05;04;12;78.46;78.46;
2026;05;04;13;81.44;81.44;
2026;05;04;14;78.54;78.54;
2026;05;04;15;77.56;77.56;
2026;05;04;16;76.66;76.66;
2026;05;04;17;78.21;78.21;
2026;05;04;18;79.04;79.04;
2026;05;04;19;79.28;79.28;
2026;05;04;20;80.57;80.57;
2026;05;04;21;84.88;84.88;
2026;05;04;22;86.46;86.46;
2026;05;04;23;85.78;85.78;
2026;05;04;24;89.74;89.74;
2026;05;04;25;97.38;97.38;
2026;05;04;26;100.79;100.79;
2026;05;04;27;100.80;100.80;
2026;05;04;28;99.77;99.77;
2026;05;04;29;111.65;111.65;
2026;05;04;30;111.80;111.80;
2026;05;04;31;114.19;114.19;
2026;05;04;32;114.19;114.19;
2026;05;04;33;109.90;109.90;
2026;05;04;34;108.71;108.71;
2026;05;04;35;100.00;100.00;
2026;05;04;36;91.33;91.33;
2026;05;04;37;104.44;104.44;
2026;05;04;38;97.72;97.72;
2026;05;04;39;97.65;97.65;
2026;05;04;40;81.70;81.70;
2026;05;04;41;100.84;100.84;
2026;05;04;42;87.18;87.18;
2026;05;04;43;71.70;71.70;
2026;05;04;44;71.70;71.70;
2026;05;04;45;44.06;44.06;
2026;05;04;46;49.52;49.52;
2026;05;04;47;42.09;42.09;
2026;05;04;48;45.00;45.00;
2026;05;04;49;26.41;26.41;
2026;05;04;50;25.80;25.80;
2026;05;04;51;24.40;24.40;
2026;05;04;52;20.64;20.64;
2026;05;04;53;23.14;23.14;
2026;05;04;54;23.51;23.51;
2026;05;04;55;25.91;25.91;
2026;05;04;56;26.61;26.61;
2026;05;04;57;16.60;16.60;
2026;05;04;58;14.20;14.20;
2026;05;04;59;15.41;15.41;
2026;05;04;60;10.80;10.80;
2026;05;04;61;10.50;10.50;
2026;05;04;62;8.78;8.78;
2026;05;04;63;5.50;5.50;
2026;05;04;64;5.41;5.41;
2026;05;04;65;5.41;5.41;
2026;05;04;66;5.41;5.41;
2026;05;04;67;5.41;5.41;
2026;05;04;68;5.41;5.41;
2026;05;04;69;14.20;14.20;
2026;05;04;70;13.94;13.94;
2026;05;04;71;13.00;13.00;
2026;05;04;72;22.60;22.60;
2026;05;04;73;27.98;27.98;
2026;05;04;74;28.84;28.84;
2026;05;04;75;45.11;45.11;
2026;05;04;76;50.00;50.00;
2026;05;04;77;9.90;9.90;
2026;05;04;78;50.24;50.24;
2026;05;04;79;29.53;29.53;
2026;05;04;80;70.00;70.00;
2026;05;04;81;84.06;84.06;
2026;05;04;82;104.62;107.88;
2026;05;04;83;109.84;110.18;
2026;05;04;84;116.06;121.50;
2026;05;04;85;112.18;120.11;
2026;05;04;86;115.80;123.70;
2026;05;04;87;116.06;124.37;
2026;05;04;88;115.86;115.86;
2026;05;04;89;116.64;134.67;
2026;05;04;90;114.94;114.94;
2026;05;04;91;114.64;130.00;
2026;05;04;92;114.64;126.84;
2026;05;04;93;103.86;120.01;
2026;05;04;94;113.61;113.81;
2026;05;04;95;109.95;113.60;
2026;05;04;96;106.51;106.51;
*
