MARGINALPIBC;
2026;02;04;1;1.60;20.53;
2026;02;04;2;1.60;14.00;
2026;02;04;3;0.00;.00;
2026;02;04;4;0.00;.00;
2026;02;04;5;0.00;.00;
2026;02;04;6;0.00;.00;
2026;02;04;7;0.00;.00;
2026;02;04;8;0.00;.00;
2026;02;04;9;0.00;.00;
2026;02;04;10;0.00;.00;
2026;02;04;11;0.00;.00;
2026;02;04;12;-0.01;-.01;
2026;02;04;13;-0.01;.00;
2026;02;04;14;-0.01;.00;
2026;02;04;15;-0.01;.00;
2026;02;04;16;-0.01;.00;
2026;02;04;17;-0.01;-.01;
2026;02;04;18;-0.01;.00;
2026;02;04;19;-0.01;-.01;
2026;02;04;20;-0.01;-.01;
2026;02;04;21;-0.06;-.06;
2026;02;04;22;-0.06;-.06;
2026;02;04;23;-0.06;-.06;
2026;02;04;24;-0.06;.00;
2026;02;04;25;-0.01;.00;
2026;02;04;26;-0.01;.00;
2026;02;04;27;-0.01;-.01;
2026;02;04;28;-5.00;-5.00;
2026;02;04;29;-6.00;-6.00;
2026;02;04;30;-0.01;3.78;
2026;02;04;31;-0.01;8.68;
2026;02;04;32;0.00;8.92;
2026;02;04;33;0.00;8.68;
2026;02;04;34;0.00;16.02;
2026;02;04;35;0.00;22.01;
2026;02;04;36;0.00;19.17;
2026;02;04;37;0.00;21.67;
2026;02;04;38;0.00;14.01;
2026;02;04;39;0.00;7.50;
2026;02;04;40;0.90;.90;
2026;02;04;41;0.00;.00;
2026;02;04;42;-3.75;-3.75;
2026;02;04;43;0.00;.00;
2026;02;04;44;0.00;.00;
2026;02;04;45;-2.10;-2.10;
2026;02;04;46;0.00;.00;
2026;02;04;47;-2.10;-2.10;
2026;02;04;48;-2.10;-2.10;
2026;02;04;49;-2.10;-2.10;
2026;02;04;50;-1.22;-1.22;
2026;02;04;51;-0.62;-.62;
2026;02;04;52;0.00;.00;
2026;02;04;53;0.00;.00;
2026;02;04;54;0.00;.00;
2026;02;04;55;0.00;.00;
2026;02;04;56;0.00;.00;
2026;02;04;57;0.00;.00;
2026;02;04;58;0.00;.00;
2026;02;04;59;0.00;.00;
2026;02;04;60;0.00;.00;
2026;02;04;61;0.00;.00;
2026;02;04;62;0.00;.00;
2026;02;04;63;0.00;.00;
2026;02;04;64;0.00;.00;
2026;02;04;65;0.00;.00;
2026;02;04;66;0.00;.00;
2026;02;04;67;0.20;.20;
2026;02;04;68;3.78;3.78;
2026;02;04;69;0.91;.91;
2026;02;04;70;0.00;2.21;
2026;02;04;71;-4.07;25.20;
2026;02;04;72;-3.61;30.50;
2026;02;04;73;0.00;23.01;
2026;02;04;74;0.00;39.99;
2026;02;04;75;0.00;54.13;
2026;02;04;76;0.00;78.40;
2026;02;04;77;0.00;78.88;
2026;02;04;78;0.00;60.00;
2026;02;04;79;0.00;79.36;
2026;02;04;80;0.00;85.40;
2026;02;04;81;0.00;86.07;
2026;02;04;82;0.00;91.29;
2026;02;04;83;0.00;91.68;
2026;02;04;84;0.00;89.57;
2026;02;04;85;0.00;87.35;
2026;02;04;86;0.00;85.23;
2026;02;04;87;0.00;87.84;
2026;02;04;88;0.00;61.34;
2026;02;04;89;0.00;54.02;
2026;02;04;90;0.00;44.26;
2026;02;04;91;0.00;29.98;
2026;02;04;92;0.00;20.68;
2026;02;04;93;0.00;19.16;
2026;02;04;94;0.00;9.13;
2026;02;04;95;0.00;4.20;
2026;02;04;96;0.00;.01;
*
