MARGINALPIBC;
2026;03;06;1;83.05;83.05;
2026;03;06;2;85.01;85.01;
2026;03;06;3;81.22;81.22;
2026;03;06;4;74.76;74.76;
2026;03;06;5;83.05;83.05;
2026;03;06;6;79.45;79.45;
2026;03;06;7;75.07;75.07;
2026;03;06;8;70.04;70.04;
2026;03;06;9;75.07;75.07;
2026;03;06;10;75.07;75.07;
2026;03;06;11;71.05;71.05;
2026;03;06;12;67.09;67.09;
2026;03;06;13;66.38;66.38;
2026;03;06;14;51.30;51.30;
2026;03;06;15;52.83;52.83;
2026;03;06;16;36.61;36.61;
2026;03;06;17;35.01;35.01;
2026;03;06;18;34.65;34.65;
2026;03;06;19;33.70;33.70;
2026;03;06;20;33.43;33.43;
2026;03;06;21;33.38;33.38;
2026;03;06;22;33.43;33.43;
2026;03;06;23;35.00;35.00;
2026;03;06;24;43.73;43.73;
2026;03;06;25;38.75;38.75;
2026;03;06;26;47.51;47.51;
2026;03;06;27;51.77;51.77;
2026;03;06;28;56.52;56.52;
2026;03;06;29;75.07;75.07;
2026;03;06;30;75.07;75.07;
2026;03;06;31;73.32;73.32;
2026;03;06;32;56.33;56.33;
2026;03;06;33;72.99;72.99;
2026;03;06;34;72.99;72.99;
2026;03;06;35;65.10;65.10;
2026;03;06;36;51.83;51.83;
2026;03;06;37;51.77;51.77;
2026;03;06;38;50.24;50.24;
2026;03;06;39;46.00;46.00;
2026;03;06;40;49.10;49.10;
2026;03;06;41;58.22;58.22;
2026;03;06;42;51.55;51.55;
2026;03;06;43;44.00;44.00;
2026;03;06;44;37.50;37.50;
2026;03;06;45;52.44;52.44;
2026;03;06;46;46.00;46.00;
2026;03;06;47;43.36;43.36;
2026;03;06;48;42.60;42.60;
2026;03;06;49;51.77;51.77;
2026;03;06;50;50.24;50.24;
2026;03;06;51;45.77;45.77;
2026;03;06;52;45.77;45.77;
2026;03;06;53;46.95;46.95;
2026;03;06;54;45.77;45.77;
2026;03;06;55;45.77;45.77;
2026;03;06;56;45.77;45.77;
2026;03;06;57;44.00;44.00;
2026;03;06;58;45.77;45.77;
2026;03;06;59;43.23;43.23;
2026;03;06;60;44.48;44.48;
2026;03;06;61;39.76;39.76;
2026;03;06;62;44.50;44.50;
2026;03;06;63;44.11;44.11;
2026;03;06;64;45.50;45.50;
2026;03;06;65;39.01;39.01;
2026;03;06;66;45.28;45.28;
2026;03;06;67;45.77;45.77;
2026;03;06;68;51.77;51.77;
2026;03;06;69;44.63;44.63;
2026;03;06;70;50.73;50.73;
2026;03;06;71;52.05;52.05;
2026;03;06;72;68.61;68.61;
2026;03;06;73;61.10;61.10;
2026;03;06;74;67.09;67.09;
2026;03;06;75;71.72;71.72;
2026;03;06;76;93.49;93.49;
2026;03;06;77;95.95;95.95;
2026;03;06;78;92.01;101.91;
2026;03;06;79;95.10;103.87;
2026;03;06;80;96.68;105.45;
2026;03;06;81;97.33;105.10;
2026;03;06;82;101.92;101.92;
2026;03;06;83;100.13;100.13;
2026;03;06;84;100.00;100.00;
2026;03;06;85;100.48;100.48;
2026;03;06;86;100.12;100.12;
2026;03;06;87;97.27;97.27;
2026;03;06;88;89.62;89.62;
2026;03;06;89;88.87;88.87;
2026;03;06;90;86.80;86.80;
2026;03;06;91;92.93;92.93;
2026;03;06;92;85.00;85.00;
2026;03;06;93;77.36;77.36;
2026;03;06;94;70.00;70.00;
2026;03;06;95;67.00;67.00;
2026;03;06;96;63.83;63.83;
*
