MARGINALPIBC;
2026;01;19;1;100.22;100.22;
2026;01;19;2;105.00;105.00;
2026;01;19;3;103.03;103.03;
2026;01;19;4;104.95;104.95;
2026;01;19;5;103.03;103.03;
2026;01;19;6;105.85;105.85;
2026;01;19;7;101.16;101.16;
2026;01;19;8;102.60;102.60;
2026;01;19;9;103.03;103.03;
2026;01;19;10;100.03;100.03;
2026;01;19;11;100.03;100.03;
2026;01;19;12;100.03;100.03;
2026;01;19;13;100.03;100.03;
2026;01;19;14;100.03;100.03;
2026;01;19;15;100.03;100.03;
2026;01;19;16;100.03;100.03;
2026;01;19;17;100.03;100.03;
2026;01;19;18;99.95;99.95;
2026;01;19;19;99.52;99.52;
2026;01;19;20;99.95;99.95;
2026;01;19;21;99.97;99.97;
2026;01;19;22;100.00;100.00;
2026;01;19;23;101.07;101.07;
2026;01;19;24;103.59;103.59;
2026;01;19;25;107.17;107.17;
2026;01;19;26;113.90;113.90;
2026;01;19;27;115.98;115.98;
2026;01;19;28;118.69;118.69;
2026;01;19;29;100.03;100.03;
2026;01;19;30;107.90;107.90;
2026;01;19;31;110.37;110.37;
2026;01;19;32;116.70;116.70;
2026;01;19;33;135.17;135.17;
2026;01;19;34;164.76;164.76;
2026;01;19;35;161.70;161.70;
2026;01;19;36;157.40;157.40;
2026;01;19;37;147.49;147.49;
2026;01;19;38;114.82;114.82;
2026;01;19;39;106.93;106.93;
2026;01;19;40;106.39;106.39;
2026;01;19;41;103.03;103.03;
2026;01;19;42;103.03;103.03;
2026;01;19;43;113.00;113.00;
2026;01;19;44;109.40;109.40;
2026;01;19;45;100.03;100.03;
2026;01;19;46;97.16;97.16;
2026;01;19;47;97.16;97.16;
2026;01;19;48;97.16;97.16;
2026;01;19;49;99.95;99.95;
2026;01;19;50;98.04;98.04;
2026;01;19;51;98.04;98.04;
2026;01;19;52;97.16;97.16;
2026;01;19;53;98.15;98.15;
2026;01;19;54;97.16;97.16;
2026;01;19;55;97.16;97.16;
2026;01;19;56;97.16;97.16;
2026;01;19;57;92.63;92.63;
2026;01;19;58;93.89;93.89;
2026;01;19;59;92.68;92.68;
2026;01;19;60;94.68;94.68;
2026;01;19;61;95.61;95.61;
2026;01;19;62;96.55;96.55;
2026;01;19;63;97.16;97.16;
2026;01;19;64;98.05;98.05;
2026;01;19;65;99.95;99.95;
2026;01;19;66;101.00;101.00;
2026;01;19;67;110.00;110.00;
2026;01;19;68;120.77;120.77;
2026;01;19;69;113.73;113.73;
2026;01;19;70;121.70;121.70;
2026;01;19;71;122.64;122.64;
2026;01;19;72;146.11;146.11;
2026;01;19;73;144.00;144.00;
2026;01;19;74;183.63;183.63;
2026;01;19;75;198.80;198.80;
2026;01;19;76;196.81;196.81;
2026;01;19;77;194.00;194.00;
2026;01;19;78;184.40;184.40;
2026;01;19;79;175.60;175.60;
2026;01;19;80;164.41;164.41;
2026;01;19;81;163.74;163.74;
2026;01;19;82;148.80;148.80;
2026;01;19;83;146.93;146.93;
2026;01;19;84;138.33;138.33;
2026;01;19;85;144.78;144.78;
2026;01;19;86;138.88;138.88;
2026;01;19;87;136.00;136.00;
2026;01;19;88;127.87;127.87;
2026;01;19;89;135.99;135.99;
2026;01;19;90;128.54;128.54;
2026;01;19;91;125.47;125.47;
2026;01;19;92;122.40;122.40;
2026;01;19;93;126.34;126.34;
2026;01;19;94;117.40;117.40;
2026;01;19;95;113.29;113.29;
2026;01;19;96;108.27;108.27;
*
