MARGINALPIBC;
2026;04;10;1;50.24;50.24;
2026;04;10;2;50.20;50.20;
2026;04;10;3;47.12;47.12;
2026;04;10;4;23.90;23.90;
2026;04;10;5;27.98;27.98;
2026;04;10;6;19.00;19.00;
2026;04;10;7;24.64;24.64;
2026;04;10;8;6.63;6.63;
2026;04;10;9;37.20;37.20;
2026;04;10;10;26.38;26.38;
2026;04;10;11;21.32;21.32;
2026;04;10;12;19.50;19.50;
2026;04;10;13;23.99;23.99;
2026;04;10;14;27.77;27.77;
2026;04;10;15;18.49;18.49;
2026;04;10;16;21.35;21.35;
2026;04;10;17;19.77;19.77;
2026;04;10;18;23.40;23.40;
2026;04;10;19;35.00;35.00;
2026;04;10;20;35.86;35.86;
2026;04;10;21;27.94;27.94;
2026;04;10;22;39.64;39.64;
2026;04;10;23;65.01;65.01;
2026;04;10;24;65.01;65.01;
2026;04;10;25;37.88;37.88;
2026;04;10;26;40.87;40.87;
2026;04;10;27;44.74;44.74;
2026;04;10;28;59.67;59.67;
2026;04;10;29;43.08;43.08;
2026;04;10;30;34.48;61.31;
2026;04;10;31;20.01;92.44;
2026;04;10;32;20.01;96.69;
2026;04;10;33;20.01;102.49;
2026;04;10;34;31.00;87.70;
2026;04;10;35;50.24;50.24;
2026;04;10;36;38.10;38.10;
2026;04;10;37;38.10;38.10;
2026;04;10;38;44.00;44.00;
2026;04;10;39;8.77;8.77;
2026;04;10;40;-0.07;-.07;
2026;04;10;41;4.01;4.01;
2026;04;10;42;3.65;3.65;
2026;04;10;43;0.01;.01;
2026;04;10;44;-0.07;-.07;
2026;04;10;45;0.01;.01;
2026;04;10;46;0.01;.01;
2026;04;10;47;1.01;1.01;
2026;04;10;48;0.84;.84;
2026;04;10;49;0.84;.84;
2026;04;10;50;0.39;.39;
2026;04;10;51;0.01;.01;
2026;04;10;52;0.01;.01;
2026;04;10;53;0.01;.00;
2026;04;10;54;0.84;.84;
2026;04;10;55;0.84;.84;
2026;04;10;56;2.00;.84;
2026;04;10;57;2.00;.84;
2026;04;10;58;2.00;.11;
2026;04;10;59;3.01;.84;
2026;04;10;60;3.01;.84;
2026;04;10;61;3.49;.84;
2026;04;10;62;3.50;.01;
2026;04;10;63;4.01;.84;
2026;04;10;64;4.01;.61;
2026;04;10;65;3.49;.84;
2026;04;10;66;3.49;.84;
2026;04;10;67;3.50;.84;
2026;04;10;68;4.01;2.09;
2026;04;10;69;3.01;2.20;
2026;04;10;70;3.08;3.08;
2026;04;10;71;5.41;5.41;
2026;04;10;72;11.10;11.10;
2026;04;10;73;11.05;11.05;
2026;04;10;74;14.13;14.13;
2026;04;10;75;25.27;25.27;
2026;04;10;76;48.21;48.21;
2026;04;10;77;41.01;41.01;
2026;04;10;78;62.93;62.93;
2026;04;10;79;74.82;74.82;
2026;04;10;80;81.77;81.77;
2026;04;10;81;87.49;87.49;
2026;04;10;82;101.20;101.20;
2026;04;10;83;107.98;107.98;
2026;04;10;84;80.97;110.00;
2026;04;10;85;50.01;111.32;
2026;04;10;86;50.01;107.20;
2026;04;10;87;97.61;97.61;
2026;04;10;88;83.02;83.02;
2026;04;10;89;48.99;92.58;
2026;04;10;90;61.74;82.77;
2026;04;10;91;43.69;94.38;
2026;04;10;92;85.01;85.01;
2026;04;10;93;87.00;89.00;
2026;04;10;94;82.00;82.00;
2026;04;10;95;80.66;80.66;
2026;04;10;96;75.16;75.16;
*
