MARGINALPIBC;
2026;01;05;1;90.10;90.10;
2026;01;05;2;88.64;88.64;
2026;01;05;3;85.00;85.00;
2026;01;05;4;89.18;89.18;
2026;01;05;5;88.12;88.12;
2026;01;05;6;87.94;87.94;
2026;01;05;7;85.52;85.52;
2026;01;05;8;87.85;87.85;
2026;01;05;9;89.17;89.17;
2026;01;05;10;90.00;90.00;
2026;01;05;11;89.68;89.68;
2026;01;05;12;88.59;88.59;
2026;01;05;13;90.32;90.32;
2026;01;05;14;90.14;90.14;
2026;01;05;15;90.00;90.00;
2026;01;05;16;90.00;90.00;
2026;01;05;17;89.01;89.01;
2026;01;05;18;89.98;89.98;
2026;01;05;19;89.77;89.77;
2026;01;05;20;90.82;90.82;
2026;01;05;21;88.85;88.85;
2026;01;05;22;88.88;88.88;
2026;01;05;23;91.02;91.02;
2026;01;05;24;90.82;90.82;
2026;01;05;25;88.07;88.07;
2026;01;05;26;76.50;76.50;
2026;01;05;27;85.00;85.00;
2026;01;05;28;87.10;87.10;
2026;01;05;29;92.96;92.96;
2026;01;05;30;95.39;95.39;
2026;01;05;31;96.54;96.54;
2026;01;05;32;94.90;94.90;
2026;01;05;33;96.20;96.20;
2026;01;05;34;105.01;105.01;
2026;01;05;35;110.01;110.01;
2026;01;05;36;116.63;116.63;
2026;01;05;37;118.81;118.81;
2026;01;05;38;115.01;115.01;
2026;01;05;39;110.88;110.88;
2026;01;05;40;102.00;102.00;
2026;01;05;41;111.71;111.71;
2026;01;05;42;99.41;99.41;
2026;01;05;43;95.89;95.89;
2026;01;05;44;90.10;90.10;
2026;01;05;45;84.72;84.72;
2026;01;05;46;83.49;83.49;
2026;01;05;47;82.00;82.00;
2026;01;05;48;82.00;82.00;
2026;01;05;49;90.10;90.10;
2026;01;05;50;90.10;90.10;
2026;01;05;51;90.10;90.10;
2026;01;05;52;89.84;89.84;
2026;01;05;53;89.89;89.89;
2026;01;05;54;89.60;89.60;
2026;01;05;55;89.14;89.14;
2026;01;05;56;83.68;83.68;
2026;01;05;57;82.00;82.00;
2026;01;05;58;82.00;82.00;
2026;01;05;59;82.00;82.00;
2026;01;05;60;82.00;82.00;
2026;01;05;61;80.14;80.14;
2026;01;05;62;82.00;82.00;
2026;01;05;63;82.00;82.00;
2026;01;05;64;83.49;83.49;
2026;01;05;65;83.49;83.49;
2026;01;05;66;84.10;84.10;
2026;01;05;67;87.76;87.76;
2026;01;05;68;90.10;90.10;
2026;01;05;69;89.60;89.60;
2026;01;05;70;101.75;101.75;
2026;01;05;71;116.86;116.86;
2026;01;05;72;130.64;130.64;
2026;01;05;73;122.84;122.84;
2026;01;05;74;133.58;133.58;
2026;01;05;75;135.14;135.14;
2026;01;05;76;142.40;142.40;
2026;01;05;77;120.35;134.47;
2026;01;05;78;120.86;135.54;
2026;01;05;79;122.82;137.71;
2026;01;05;80;123.57;134.56;
2026;01;05;81;135.01;135.01;
2026;01;05;82;135.01;135.01;
2026;01;05;83;122.06;134.56;
2026;01;05;84;120.35;130.35;
2026;01;05;85;121.60;131.59;
2026;01;05;86;119.00;128.99;
2026;01;05;87;120.35;120.35;
2026;01;05;88;115.44;115.44;
2026;01;05;89;115.00;123.32;
2026;01;05;90;114.58;114.58;
2026;01;05;91;110.01;110.01;
2026;01;05;92;102.97;102.97;
2026;01;05;93;106.50;106.50;
2026;01;05;94;98.14;98.14;
2026;01;05;95;100.48;100.48;
2026;01;05;96;98.71;98.71;
*
