MARGINALPIBC;
2026;01;24;1;80.00;80.00;
2026;01;24;2;80.00;80.00;
2026;01;24;3;70.32;70.32;
2026;01;24;4;59.99;59.99;
2026;01;24;5;69.56;69.56;
2026;01;24;6;59.99;59.99;
2026;01;24;7;58.62;58.62;
2026;01;24;8;41.90;41.90;
2026;01;24;9;58.62;58.62;
2026;01;24;10;49.99;49.99;
2026;01;24;11;33.64;33.64;
2026;01;24;12;33.40;33.40;
2026;01;24;13;33.64;33.64;
2026;01;24;14;33.16;33.16;
2026;01;24;15;33.16;33.16;
2026;01;24;16;33.16;33.16;
2026;01;24;17;33.16;33.16;
2026;01;24;18;32.92;32.92;
2026;01;24;19;32.68;32.68;
2026;01;24;20;32.20;32.20;
2026;01;24;21;32.20;32.20;
2026;01;24;22;32.44;32.44;
2026;01;24;23;32.20;32.20;
2026;01;24;24;32.20;32.20;
2026;01;24;25;32.44;32.44;
2026;01;24;26;32.68;32.68;
2026;01;24;27;32.68;32.68;
2026;01;24;28;32.44;32.44;
2026;01;24;29;32.44;32.44;
2026;01;24;30;32.44;32.44;
2026;01;24;31;32.92;32.92;
2026;01;24;32;32.68;32.68;
2026;01;24;33;27.53;27.53;
2026;01;24;34;33.64;33.64;
2026;01;24;35;41.23;41.23;
2026;01;24;36;42.68;42.68;
2026;01;24;37;64.66;64.66;
2026;01;24;38;47.32;47.32;
2026;01;24;39;40.20;40.20;
2026;01;24;40;5.00;5.00;
2026;01;24;41;23.32;23.32;
2026;01;24;42;11.94;11.94;
2026;01;24;43;14.51;14.51;
2026;01;24;44;7.00;7.00;
2026;01;24;45;3.55;3.55;
2026;01;24;46;0.22;.22;
2026;01;24;47;2.58;2.58;
2026;01;24;48;0.00;.00;
2026;01;24;49;-0.73;-.73;
2026;01;24;50;-1.22;-1.22;
2026;01;24;51;-1.22;-1.22;
2026;01;24;52;-1.22;-1.22;
2026;01;24;53;-1.22;-1.22;
2026;01;24;54;-1.22;-1.22;
2026;01;24;55;-1.22;-1.22;
2026;01;24;56;-1.22;-1.22;
2026;01;24;57;-1.22;-1.22;
2026;01;24;58;-1.22;-1.22;
2026;01;24;59;-1.40;-1.40;
2026;01;24;60;-1.40;-1.40;
2026;01;24;61;-2.56;-2.56;
2026;01;24;62;-1.90;-1.90;
2026;01;24;63;-1.40;-1.40;
2026;01;24;64;0.00;.00;
2026;01;24;65;0.00;.00;
2026;01;24;66;-0.50;-.50;
2026;01;24;67;0.00;.00;
2026;01;24;68;14.00;14.00;
2026;01;24;69;14.00;14.00;
2026;01;24;70;21.29;21.29;
2026;01;24;71;28.22;28.22;
2026;01;24;72;33.03;33.03;
2026;01;24;73;15.00;15.00;
2026;01;24;74;32.68;32.68;
2026;01;24;75;33.16;33.16;
2026;01;24;76;36.97;36.97;
2026;01;24;77;36.00;36.00;
2026;01;24;78;37.90;37.90;
2026;01;24;79;40.00;40.00;
2026;01;24;80;41.08;41.08;
2026;01;24;81;45.06;45.06;
2026;01;24;82;47.17;47.17;
2026;01;24;83;47.17;47.17;
2026;01;24;84;45.23;45.23;
2026;01;24;85;51.67;51.67;
2026;01;24;86;50.32;50.32;
2026;01;24;87;40.06;40.06;
2026;01;24;88;34.60;34.60;
2026;01;24;89;33.16;33.16;
2026;01;24;90;32.68;32.68;
2026;01;24;91;26.70;26.70;
2026;01;24;92;15.00;15.00;
2026;01;24;93;29.00;29.00;
2026;01;24;94;23.70;23.70;
2026;01;24;95;9.00;9.00;
2026;01;24;96;9.00;9.00;
*
