MARGINALPIBC;
2026;03;18;1;49.20;49.20;
2026;03;18;2;42.04;42.04;
2026;03;18;3;33.00;33.00;
2026;03;18;4;18.77;18.77;
2026;03;18;5;33.70;33.70;
2026;03;18;6;22.72;22.72;
2026;03;18;7;26.61;26.61;
2026;03;18;8;18.77;18.77;
2026;03;18;9;40.67;40.67;
2026;03;18;10;33.13;33.13;
2026;03;18;11;29.11;29.11;
2026;03;18;12;29.15;29.15;
2026;03;18;13;28.00;28.00;
2026;03;18;14;18.77;18.77;
2026;03;18;15;27.00;27.00;
2026;03;18;16;19.77;19.77;
2026;03;18;17;28.78;28.78;
2026;03;18;18;23.97;23.97;
2026;03;18;19;27.90;27.90;
2026;03;18;20;31.42;31.42;
2026;03;18;21;26.86;26.86;
2026;03;18;22;27.94;27.94;
2026;03;18;23;18.77;18.77;
2026;03;18;24;18.77;18.77;
2026;03;18;25;20.77;20.77;
2026;03;18;26;20.77;20.77;
2026;03;18;27;24.20;24.20;
2026;03;18;28;55.42;55.42;
2026;03;18;29;68.56;68.56;
2026;03;18;30;73.08;73.08;
2026;03;18;31;76.08;76.08;
2026;03;18;32;67.50;67.50;
2026;03;18;33;51.15;51.15;
2026;03;18;34;33.57;33.57;
2026;03;18;35;20.77;20.77;
2026;03;18;36;13.77;13.77;
2026;03;18;37;31.62;31.62;
2026;03;18;38;19.79;19.79;
2026;03;18;39;8.88;8.88;
2026;03;18;40;3.78;3.78;
2026;03;18;41;5.78;5.78;
2026;03;18;42;3.79;3.79;
2026;03;18;43;2.27;2.27;
2026;03;18;44;1.44;1.44;
2026;03;18;45;1.44;.00;
2026;03;18;46;0.92;-.49;
2026;03;18;47;0.02;.00;
2026;03;18;48;0.01;.00;
2026;03;18;49;0.01;-2.10;
2026;03;18;50;0.01;-2.50;
2026;03;18;51;0.01;-3.38;
2026;03;18;52;0.00;-3.50;
2026;03;18;53;0.00;-.81;
2026;03;18;54;0.00;-.01;
2026;03;18;55;0.00;.00;
2026;03;18;56;-0.01;-.01;
2026;03;18;57;-0.01;-1.00;
2026;03;18;58;-0.01;-.82;
2026;03;18;59;0.00;-1.00;
2026;03;18;60;0.00;-1.00;
2026;03;18;61;-0.01;-2.50;
2026;03;18;62;0.00;-.82;
2026;03;18;63;0.00;-2.50;
2026;03;18;64;0.00;-2.10;
2026;03;18;65;0.00;.00;
2026;03;18;66;0.00;.00;
2026;03;18;67;0.91;-.49;
2026;03;18;68;1.51;.00;
2026;03;18;69;0.01;.01;
2026;03;18;70;0.00;.00;
2026;03;18;71;3.88;3.88;
2026;03;18;72;20.23;20.23;
2026;03;18;73;19.80;19.80;
2026;03;18;74;35.26;35.26;
2026;03;18;75;48.88;52.20;
2026;03;18;76;51.27;73.91;
2026;03;18;77;58.28;62.01;
2026;03;18;78;62.69;83.80;
2026;03;18;79;73.08;100.00;
2026;03;18;80;81.13;114.19;
2026;03;18;81;76.23;85.44;
2026;03;18;82;80.00;93.37;
2026;03;18;83;86.29;105.00;
2026;03;18;84;85.00;88.20;
2026;03;18;85;75.24;75.24;
2026;03;18;86;71.59;71.59;
2026;03;18;87;63.37;63.37;
2026;03;18;88;54.94;54.94;
2026;03;18;89;57.92;57.92;
2026;03;18;90;50.04;54.00;
2026;03;18;91;51.90;55.80;
2026;03;18;92;48.48;48.48;
2026;03;18;93;49.99;49.99;
2026;03;18;94;38.92;38.92;
2026;03;18;95;39.99;39.99;
2026;03;18;96;23.96;23.96;
*
