MARGINALPIBC;
2026;04;15;1;99.45;104.51;
2026;04;15;2;94.63;104.35;
2026;04;15;3;90.78;101.41;
2026;04;15;4;83.70;86.83;
2026;04;15;5;85.70;93.60;
2026;04;15;6;83.14;91.92;
2026;04;15;7;81.86;89.97;
2026;04;15;8;74.80;85.50;
2026;04;15;9;78.70;92.24;
2026;04;15;10;72.70;83.40;
2026;04;15;11;72.70;84.39;
2026;04;15;12;71.67;79.37;
2026;04;15;13;65.23;80.35;
2026;04;15;14;64.13;75.71;
2026;04;15;15;63.89;79.08;
2026;04;15;16;63.89;76.86;
2026;04;15;17;63.89;80.08;
2026;04;15;18;63.89;79.94;
2026;04;15;19;64.61;76.09;
2026;04;15;20;64.81;75.21;
2026;04;15;21;59.57;80.35;
2026;04;15;22;60.43;80.35;
2026;04;15;23;61.75;69.50;
2026;04;15;24;72.70;75.50;
2026;04;15;25;71.80;81.80;
2026;04;15;26;78.06;80.51;
2026;04;15;27;79.90;81.90;
2026;04;15;28;85.02;99.21;
2026;04;15;29;101.40;110.42;
2026;04;15;30;102.16;112.66;
2026;04;15;31;106.40;120.98;
2026;04;15;32;106.40;120.40;
2026;04;15;33;103.40;118.50;
2026;04;15;34;69.77;105.48;
2026;04;15;35;79.90;95.40;
2026;04;15;36;72.70;50.24;
2026;04;15;37;72.70;80.12;
2026;04;15;38;62.15;79.59;
2026;04;15;39;18.80;22.00;
2026;04;15;40;17.80;.10;
2026;04;15;41;17.80;4.04;
2026;04;15;42;17.80;5.00;
2026;04;15;43;17.70;.22;
2026;04;15;44;9.60;5.11;
2026;04;15;45;17.80;1.50;
2026;04;15;46;17.80;.00;
2026;04;15;47;17.80;-.07;
2026;04;15;48;17.70;.00;
2026;04;15;49;17.80;-.01;
2026;04;15;50;17.70;-.07;
2026;04;15;51;17.70;-.07;
2026;04;15;52;9.70;-.25;
2026;04;15;53;8.70;-.01;
2026;04;15;54;8.70;-.01;
2026;04;15;55;8.70;-.01;
2026;04;15;56;8.70;.00;
2026;04;15;57;8.60;.00;
2026;04;15;58;8.60;.00;
2026;04;15;59;8.60;-.30;
2026;04;15;60;8.60;-.07;
2026;04;15;61;8.70;.00;
2026;04;15;62;8.70;.00;
2026;04;15;63;8.70;.00;
2026;04;15;64;8.70;.00;
2026;04;15;65;8.60;.00;
2026;04;15;66;8.60;.00;
2026;04;15;67;8.60;.00;
2026;04;15;68;8.60;.00;
2026;04;15;69;8.60;.00;
2026;04;15;70;8.60;.84;
2026;04;15;71;8.70;.84;
2026;04;15;72;8.70;5.41;
2026;04;15;73;7.44;43.40;
2026;04;15;74;8.60;51.90;
2026;04;15;75;17.70;44.90;
2026;04;15;76;14.79;35.80;
2026;04;15;77;38.59;40.98;
2026;04;15;78;26.77;67.27;
2026;04;15;79;77.88;83.08;
2026;04;15;80;82.66;98.61;
2026;04;15;81;92.86;105.55;
2026;04;15;82;109.29;121.49;
2026;04;15;83;126.87;140.20;
2026;04;15;84;133.14;149.33;
2026;04;15;85;124.81;146.40;
2026;04;15;86;126.87;144.04;
2026;04;15;87;123.75;134.75;
2026;04;15;88;109.81;121.59;
2026;04;15;89;113.69;123.89;
2026;04;15;90;109.20;115.29;
2026;04;15;91;111.71;121.91;
2026;04;15;92;109.20;119.60;
2026;04;15;93;108.70;117.03;
2026;04;15;94;102.20;106.11;
2026;04;15;95;95.80;107.55;
2026;04;15;96;86.80;102.00;
*
