MARGINALPIBC;
2026;05;31;1;104.90;104.90;
2026;05;31;2;103.68;103.68;
2026;05;31;3;103.01;103.01;
2026;05;31;4;96.10;96.10;
2026;05;31;5;103.42;103.42;
2026;05;31;6;101.70;101.70;
2026;05;31;7;100.84;100.84;
2026;05;31;8;95.92;95.92;
2026;05;31;9;95.62;95.62;
2026;05;31;10;94.50;94.50;
2026;05;31;11;95.56;95.56;
2026;05;31;12;85.10;85.10;
2026;05;31;13;95.47;95.47;
2026;05;31;14;95.32;95.32;
2026;05;31;15;97.19;97.19;
2026;05;31;16;94.33;94.33;
2026;05;31;17;88.55;88.55;
2026;05;31;18;93.72;93.72;
2026;05;31;19;94.73;94.73;
2026;05;31;20;94.73;94.73;
2026;05;31;21;93.84;93.84;
2026;05;31;22;94.73;94.73;
2026;05;31;23;94.73;94.73;
2026;05;31;24;94.50;94.50;
2026;05;31;25;97.18;97.18;
2026;05;31;26;98.84;98.84;
2026;05;31;27;97.31;97.31;
2026;05;31;28;101.88;101.88;
2026;05;31;29;100.00;100.00;
2026;05;31;30;100.00;100.00;
2026;05;31;31;88.55;88.55;
2026;05;31;32;50.00;50.00;
2026;05;31;33;39.37;39.37;
2026;05;31;34;17.01;17.01;
2026;05;31;35;0.80;.80;
2026;05;31;36;0.34;.34;
2026;05;31;37;-0.20;-.20;
2026;05;31;38;0.00;.00;
2026;05;31;39;0.00;.00;
2026;05;31;40;0.00;.00;
2026;05;31;41;0.01;.01;
2026;05;31;42;0.00;.00;
2026;05;31;43;0.00;.00;
2026;05;31;44;-0.01;-.01;
2026;05;31;45;0.00;.00;
2026;05;31;46;-0.07;-.07;
2026;05;31;47;-0.07;-.07;
2026;05;31;48;-0.01;-.01;
2026;05;31;49;0.10;.10;
2026;05;31;50;0.00;.00;
2026;05;31;51;0.84;.84;
2026;05;31;52;0.84;.84;
2026;05;31;53;0.07;.07;
2026;05;31;54;0.00;.00;
2026;05;31;55;0.00;.00;
2026;05;31;56;0.00;.00;
2026;05;31;57;0.01;.01;
2026;05;31;58;0.05;.05;
2026;05;31;59;0.64;.64;
2026;05;31;60;0.01;.01;
2026;05;31;61;0.00;.00;
2026;05;31;62;-0.24;-.24;
2026;05;31;63;-0.07;-.07;
2026;05;31;64;-0.01;-.01;
2026;05;31;65;0.00;.00;
2026;05;31;66;0.00;.00;
2026;05;31;67;0.14;.14;
2026;05;31;68;0.14;.14;
2026;05;31;69;0.84;.84;
2026;05;31;70;1.00;1.00;
2026;05;31;71;0.00;.00;
2026;05;31;72;0.84;.84;
2026;05;31;73;1.00;1.00;
2026;05;31;74;2.00;2.00;
2026;05;31;75;5.41;5.41;
2026;05;31;76;19.48;19.48;
2026;05;31;77;11.09;11.09;
2026;05;31;78;26.96;26.96;
2026;05;31;79;41.09;41.09;
2026;05;31;80;70.43;70.43;
2026;05;31;81;47.24;47.24;
2026;05;31;82;103.24;103.24;
2026;05;31;83;105.18;105.18;
2026;05;31;84;100.92;100.92;
2026;05;31;85;104.70;104.70;
2026;05;31;86;105.86;105.86;
2026;05;31;87;106.14;106.14;
2026;05;31;88;106.14;106.14;
2026;05;31;89;107.69;107.69;
2026;05;31;90;105.90;105.90;
2026;05;31;91;109.67;109.67;
2026;05;31;92;105.90;105.90;
2026;05;31;93;105.42;105.42;
2026;05;31;94;103.28;103.28;
2026;05;31;95;104.10;104.10;
2026;05;31;96;100.32;100.32;
*
