MARGINALPIBC;
2026;03;21;1;69.30;69.30;
2026;03;21;2;69.00;69.00;
2026;03;21;3;43.30;43.30;
2026;03;21;4;36.60;36.60;
2026;03;21;5;50.07;50.07;
2026;03;21;6;48.39;48.39;
2026;03;21;7;53.99;53.99;
2026;03;21;8;47.05;47.05;
2026;03;21;9;52.89;52.89;
2026;03;21;10;38.16;38.16;
2026;03;21;11;29.49;29.49;
2026;03;21;12;29.35;29.35;
2026;03;21;13;35.20;35.20;
2026;03;21;14;31.20;31.20;
2026;03;21;15;32.16;32.16;
2026;03;21;16;29.44;29.44;
2026;03;21;17;32.40;32.40;
2026;03;21;18;31.79;31.79;
2026;03;21;19;31.92;31.92;
2026;03;21;20;32.82;32.82;
2026;03;21;21;38.68;38.68;
2026;03;21;22;36.00;36.00;
2026;03;21;23;36.10;36.10;
2026;03;21;24;46.51;46.51;
2026;03;21;25;51.83;51.83;
2026;03;21;26;61.22;61.22;
2026;03;21;27;62.01;62.01;
2026;03;21;28;65.04;65.04;
2026;03;21;29;85.13;85.13;
2026;03;21;30;81.19;81.19;
2026;03;21;31;79.43;79.43;
2026;03;21;32;55.00;55.00;
2026;03;21;33;74.03;74.03;
2026;03;21;34;69.89;69.89;
2026;03;21;35;50.24;50.24;
2026;03;21;36;50.24;50.24;
2026;03;21;37;49.48;49.48;
2026;03;21;38;28.37;28.37;
2026;03;21;39;15.00;15.00;
2026;03;21;40;5.01;5.01;
2026;03;21;41;15.01;15.01;
2026;03;21;42;11.67;11.67;
2026;03;21;43;10.01;10.01;
2026;03;21;44;5.01;5.01;
2026;03;21;45;10.01;10.01;
2026;03;21;46;10.01;10.01;
2026;03;21;47;10.00;10.00;
2026;03;21;48;10.00;10.00;
2026;03;21;49;10.01;10.01;
2026;03;21;50;10.01;10.01;
2026;03;21;51;10.00;10.00;
2026;03;21;52;8.01;8.01;
2026;03;21;53;7.10;7.10;
2026;03;21;54;7.50;7.50;
2026;03;21;55;7.00;7.00;
2026;03;21;56;5.11;5.11;
2026;03;21;57;5.11;5.11;
2026;03;21;58;5.11;5.11;
2026;03;21;59;5.01;5.01;
2026;03;21;60;5.01;5.01;
2026;03;21;61;5.01;5.01;
2026;03;21;62;5.01;5.01;
2026;03;21;63;5.01;5.01;
2026;03;21;64;5.88;5.88;
2026;03;21;65;5.01;5.01;
2026;03;21;66;8.00;8.00;
2026;03;21;67;10.01;10.01;
2026;03;21;68;15.00;15.00;
2026;03;21;69;10.70;10.70;
2026;03;21;70;12.60;12.60;
2026;03;21;71;25.88;25.88;
2026;03;21;72;36.49;36.49;
2026;03;21;73;49.32;49.32;
2026;03;21;74;73.45;73.45;
2026;03;21;75;82.35;82.35;
2026;03;21;76;76.67;76.67;
2026;03;21;77;87.69;87.69;
2026;03;21;78;108.01;108.01;
2026;03;21;79;115.00;115.00;
2026;03;21;80;113.65;113.65;
2026;03;21;81;91.73;91.73;
2026;03;21;82;86.30;86.30;
2026;03;21;83;81.41;81.41;
2026;03;21;84;73.34;73.34;
2026;03;21;85;91.08;91.08;
2026;03;21;86;84.83;84.83;
2026;03;21;87;84.12;84.12;
2026;03;21;88;51.97;51.97;
2026;03;21;89;85.80;85.80;
2026;03;21;90;67.36;67.36;
2026;03;21;91;86.90;86.90;
2026;03;21;92;69.92;69.92;
2026;03;21;93;76.69;76.69;
2026;03;21;94;62.50;62.50;
2026;03;21;95;65.20;65.20;
2026;03;21;96;48.80;48.80;
*
