MARGINALPIBC;
2026;02;28;1;13.75;13.75;
2026;02;28;2;17.81;17.81;
2026;02;28;3;8.31;8.31;
2026;02;28;4;1.00;1.00;
2026;02;28;5;4.28;4.28;
2026;02;28;6;0.00;.00;
2026;02;28;7;2.57;2.57;
2026;02;28;8;-0.85;-.85;
2026;02;28;9;15.51;15.51;
2026;02;28;10;4.44;4.44;
2026;02;28;11;3.00;3.00;
2026;02;28;12;4.58;4.58;
2026;02;28;13;2.77;2.77;
2026;02;28;14;3.22;3.22;
2026;02;28;15;3.01;3.01;
2026;02;28;16;4.20;4.20;
2026;02;28;17;3.78;3.78;
2026;02;28;18;3.46;3.46;
2026;02;28;19;3.40;3.40;
2026;02;28;20;3.46;3.46;
2026;02;28;21;3.78;3.78;
2026;02;28;22;3.78;3.78;
2026;02;28;23;3.78;3.78;
2026;02;28;24;3.96;3.96;
2026;02;28;25;3.78;3.78;
2026;02;28;26;6.28;6.28;
2026;02;28;27;8.40;8.40;
2026;02;28;28;15.89;15.89;
2026;02;28;29;3.40;3.40;
2026;02;28;30;3.80;3.80;
2026;02;28;31;8.07;8.07;
2026;02;28;32;10.40;10.40;
2026;02;28;33;15.53;15.53;
2026;02;28;34;13.27;13.27;
2026;02;28;35;9.40;9.40;
2026;02;28;36;3.46;3.46;
2026;02;28;37;12.18;33.16;
2026;02;28;38;2.02;2.02;
2026;02;28;39;0.01;.01;
2026;02;28;40;0.01;.01;
2026;02;28;41;-1.46;-1.46;
2026;02;28;42;-2.10;-2.10;
2026;02;28;43;0.00;-4.34;
2026;02;28;44;-3.00;-3.00;
2026;02;28;45;-1.47;-1.47;
2026;02;28;46;-0.02;-.02;
2026;02;28;47;-4.00;-4.00;
2026;02;28;48;-5.00;-5.00;
2026;02;28;49;-4.00;-4.00;
2026;02;28;50;-4.48;-4.48;
2026;02;28;51;-4.00;-4.00;
2026;02;28;52;-5.00;-5.00;
2026;02;28;53;-4.00;-4.00;
2026;02;28;54;-4.00;-4.00;
2026;02;28;55;-4.00;-4.00;
2026;02;28;56;-4.00;-4.00;
2026;02;28;57;-0.02;-.02;
2026;02;28;58;0.00;.00;
2026;02;28;59;-2.50;-2.50;
2026;02;28;60;-3.00;-3.00;
2026;02;28;61;-5.00;-5.00;
2026;02;28;62;-5.00;-5.00;
2026;02;28;63;-2.10;-2.10;
2026;02;28;64;-2.00;-2.00;
2026;02;28;65;-4.00;-4.00;
2026;02;28;66;0.00;.00;
2026;02;28;67;0.00;.00;
2026;02;28;68;0.91;.91;
2026;02;28;69;0.01;.01;
2026;02;28;70;1.00;1.00;
2026;02;28;71;2.24;2.24;
2026;02;28;72;6.05;6.05;
2026;02;28;73;2.83;2.83;
2026;02;28;74;20.15;20.15;
2026;02;28;75;18.34;18.34;
2026;02;28;76;30.87;49.96;
2026;02;28;77;46.99;85.00;
2026;02;28;78;56.65;87.06;
2026;02;28;79;57.28;84.00;
2026;02;28;80;61.79;83.94;
2026;02;28;81;67.17;82.50;
2026;02;28;82;68.17;73.90;
2026;02;28;83;59.61;59.61;
2026;02;28;84;52.29;52.29;
2026;02;28;85;63.78;63.78;
2026;02;28;86;55.86;55.86;
2026;02;28;87;59.70;59.70;
2026;02;28;88;45.69;45.69;
2026;02;28;89;50.00;61.90;
2026;02;28;90;46.00;51.31;
2026;02;28;91;37.50;61.78;
2026;02;28;92;36.02;55.52;
2026;02;28;93;35.02;51.68;
2026;02;28;94;34.51;34.51;
2026;02;28;95;34.06;34.51;
2026;02;28;96;25.51;25.51;
*
