MARGINALPIBC;
2026;01;03;1;90.74;90.74;
2026;01;03;2;90.18;90.18;
2026;01;03;3;87.07;87.07;
2026;01;03;4;84.39;84.39;
2026;01;03;5;89.71;89.71;
2026;01;03;6;88.60;88.60;
2026;01;03;7;88.23;88.23;
2026;01;03;8;88.26;88.26;
2026;01;03;9;87.33;87.33;
2026;01;03;10;85.89;85.89;
2026;01;03;11;84.80;84.80;
2026;01;03;12;80.22;80.22;
2026;01;03;13;83.98;83.98;
2026;01;03;14;82.08;82.08;
2026;01;03;15;80.00;80.00;
2026;01;03;16;78.55;78.55;
2026;01;03;17;80.26;80.26;
2026;01;03;18;80.01;80.01;
2026;01;03;19;79.60;79.60;
2026;01;03;20;80.13;80.13;
2026;01;03;21;80.28;80.28;
2026;01;03;22;80.48;80.48;
2026;01;03;23;79.83;79.83;
2026;01;03;24;81.68;81.68;
2026;01;03;25;80.11;80.11;
2026;01;03;26;80.56;80.56;
2026;01;03;27;84.80;84.80;
2026;01;03;28;85.51;85.51;
2026;01;03;29;85.63;85.63;
2026;01;03;30;81.26;81.26;
2026;01;03;31;84.04;84.04;
2026;01;03;32;83.26;83.26;
2026;01;03;33;83.96;83.96;
2026;01;03;34;87.11;87.11;
2026;01;03;35;88.02;88.02;
2026;01;03;36;88.80;88.80;
2026;01;03;37;95.35;95.35;
2026;01;03;38;95.35;95.35;
2026;01;03;39;92.00;92.00;
2026;01;03;40;87.80;87.80;
2026;01;03;41;99.30;99.30;
2026;01;03;42;93.29;93.29;
2026;01;03;43;89.60;89.60;
2026;01;03;44;86.00;86.00;
2026;01;03;45;89.60;89.60;
2026;01;03;46;85.18;85.18;
2026;01;03;47;83.55;83.55;
2026;01;03;48;81.88;81.88;
2026;01;03;49;85.15;85.15;
2026;01;03;50;82.98;82.98;
2026;01;03;51;83.97;83.97;
2026;01;03;52;83.29;83.29;
2026;01;03;53;85.85;85.85;
2026;01;03;54;86.52;86.52;
2026;01;03;55;87.35;87.35;
2026;01;03;56;88.99;88.99;
2026;01;03;57;90.11;90.11;
2026;01;03;58;93.15;93.15;
2026;01;03;59;89.60;89.60;
2026;01;03;60;93.66;93.66;
2026;01;03;61;90.00;90.00;
2026;01;03;62;93.25;93.25;
2026;01;03;63;96.48;96.48;
2026;01;03;64;100.12;100.12;
2026;01;03;65;92.54;92.54;
2026;01;03;66;99.70;99.70;
2026;01;03;67;102.33;102.33;
2026;01;03;68;104.78;104.78;
2026;01;03;69;100.50;106.22;
2026;01;03;70;89.60;110.25;
2026;01;03;71;89.60;112.40;
2026;01;03;72;105.92;114.37;
2026;01;03;73;95.81;115.00;
2026;01;03;74;97.00;115.00;
2026;01;03;75;100.00;115.63;
2026;01;03;76;115.19;115.50;
2026;01;03;77;112.86;113.70;
2026;01;03;78;112.33;112.33;
2026;01;03;79;112.19;112.19;
2026;01;03;80;110.00;110.00;
2026;01;03;81;111.49;111.49;
2026;01;03;82;109.41;109.41;
2026;01;03;83;108.21;108.21;
2026;01;03;84;105.00;105.00;
2026;01;03;85;107.27;107.27;
2026;01;03;86;105.00;105.00;
2026;01;03;87;103.09;103.09;
2026;01;03;88;97.91;97.91;
2026;01;03;89;105.00;105.00;
2026;01;03;90;100.83;100.83;
2026;01;03;91;101.20;101.20;
2026;01;03;92;97.56;97.56;
2026;01;03;93;97.16;97.16;
2026;01;03;94;93.32;93.32;
2026;01;03;95;91.68;91.68;
2026;01;03;96;90.00;90.00;
*
