MARGINALPIBC;
2026;04;24;1;100.71;100.71;
2026;04;24;2;100.56;100.56;
2026;04;24;3;100.56;100.56;
2026;04;24;4;100.41;100.41;
2026;04;24;5;100.41;100.41;
2026;04;24;6;100.26;100.26;
2026;04;24;7;96.65;96.65;
2026;04;24;8;95.00;95.00;
2026;04;24;9;95.00;95.00;
2026;04;24;10;95.00;95.00;
2026;04;24;11;94.26;94.26;
2026;04;24;12;94.26;94.26;
2026;04;24;13;94.26;94.26;
2026;04;24;14;94.26;94.26;
2026;04;24;15;94.26;94.26;
2026;04;24;16;94.56;94.56;
2026;04;24;17;95.00;95.00;
2026;04;24;18;95.00;95.00;
2026;04;24;19;95.00;95.00;
2026;04;24;20;100.26;100.26;
2026;04;24;21;100.26;100.26;
2026;04;24;22;100.41;100.41;
2026;04;24;23;100.71;100.71;
2026;04;24;24;103.00;103.00;
2026;04;24;25;100.87;100.87;
2026;04;24;26;98.22;98.22;
2026;04;24;27;101.59;101.59;
2026;04;24;28;105.80;105.80;
2026;04;24;29;105.80;105.80;
2026;04;24;30;105.80;105.80;
2026;04;24;31;105.78;105.78;
2026;04;24;32;105.80;105.80;
2026;04;24;33;107.17;107.17;
2026;04;24;34;106.28;106.28;
2026;04;24;35;104.50;104.50;
2026;04;24;36;87.25;87.25;
2026;04;24;37;103.00;103.00;
2026;04;24;38;89.99;89.99;
2026;04;24;39;55.51;55.51;
2026;04;24;40;51.04;51.04;
2026;04;24;41;80.70;80.70;
2026;04;24;42;72.66;72.66;
2026;04;24;43;74.28;74.28;
2026;04;24;44;60.00;60.00;
2026;04;24;45;70.01;70.01;
2026;04;24;46;55.01;55.01;
2026;04;24;47;56.01;56.01;
2026;04;24;48;56.01;56.01;
2026;04;24;49;50.24;50.24;
2026;04;24;50;46.24;46.24;
2026;04;24;51;43.68;43.68;
2026;04;24;52;42.12;42.12;
2026;04;24;53;50.11;50.11;
2026;04;24;54;47.26;47.26;
2026;04;24;55;45.85;45.85;
2026;04;24;56;41.31;41.31;
2026;04;24;57;32.93;32.93;
2026;04;24;58;34.16;34.16;
2026;04;24;59;32.64;32.64;
2026;04;24;60;30.12;30.12;
2026;04;24;61;30.46;30.46;
2026;04;24;62;31.83;31.83;
2026;04;24;63;32.50;32.50;
2026;04;24;64;35.01;35.01;
2026;04;24;65;34.05;34.05;
2026;04;24;66;41.14;41.14;
2026;04;24;67;46.06;46.06;
2026;04;24;68;45.76;45.76;
2026;04;24;69;47.11;47.11;
2026;04;24;70;50.01;50.01;
2026;04;24;71;45.01;45.01;
2026;04;24;72;35.01;35.01;
2026;04;24;73;27.87;27.87;
2026;04;24;74;46.00;46.00;
2026;04;24;75;45.01;45.01;
2026;04;24;76;50.01;50.01;
2026;04;24;77;50.01;50.01;
2026;04;24;78;63.80;63.80;
2026;04;24;79;68.30;68.30;
2026;04;24;80;97.81;97.81;
2026;04;24;81;88.18;88.18;
2026;04;24;82;103.78;103.78;
2026;04;24;83;107.99;107.99;
2026;04;24;84;110.04;110.04;
2026;04;24;85;106.22;109.51;
2026;04;24;86;110.01;110.51;
2026;04;24;87;109.50;109.51;
2026;04;24;88;105.79;105.79;
2026;04;24;89;100.86;106.57;
2026;04;24;90;105.19;105.19;
2026;04;24;91;102.85;102.85;
2026;04;24;92;92.71;92.71;
2026;04;24;93;97.53;101.27;
2026;04;24;94;97.60;97.60;
2026;04;24;95;93.39;93.39;
2026;04;24;96;90.51;90.51;
*
