MARGINALPIBC;
2026;06;26;1;124.62;124.62;
2026;06;26;2;124.59;124.59;
2026;06;26;3;116.16;116.16;
2026;06;26;4;105.00;105.00;
2026;06;26;5;123.59;123.59;
2026;06;26;6;120.60;120.60;
2026;06;26;7;120.00;120.00;
2026;06;26;8;114.06;114.06;
2026;06;26;9;110.59;110.59;
2026;06;26;10;121.88;121.88;
2026;06;26;11;118.66;118.66;
2026;06;26;12;113.20;113.20;
2026;06;26;13;118.59;118.59;
2026;06;26;14;117.25;117.25;
2026;06;26;15;118.00;118.00;
2026;06;26;16;118.00;118.00;
2026;06;26;17;117.26;117.26;
2026;06;26;18;117.50;117.50;
2026;06;26;19;117.02;117.02;
2026;06;26;20;117.24;117.24;
2026;06;26;21;117.50;117.50;
2026;06;26;22;109.70;109.70;
2026;06;26;23;119.49;119.49;
2026;06;26;24;122.17;122.17;
2026;06;26;25;122.69;122.69;
2026;06;26;26;130.26;130.26;
2026;06;26;27;130.18;130.18;
2026;06;26;28;130.87;130.87;
2026;06;26;29;152.50;152.50;
2026;06;26;30;145.90;145.90;
2026;06;26;31;132.11;132.11;
2026;06;26;32;118.20;118.20;
2026;06;26;33;127.42;127.42;
2026;06;26;34;122.07;122.07;
2026;06;26;35;115.59;115.59;
2026;06;26;36;99.21;99.21;
2026;06;26;37;104.76;104.76;
2026;06;26;38;83.30;83.30;
2026;06;26;39;72.33;72.33;
2026;06;26;40;54.97;54.97;
2026;06;26;41;104.20;104.20;
2026;06;26;42;102.73;102.73;
2026;06;26;43;103.28;103.28;
2026;06;26;44;101.20;101.20;
2026;06;26;45;96.21;96.21;
2026;06;26;46;96.19;96.19;
2026;06;26;47;85.11;85.11;
2026;06;26;48;85.11;85.11;
2026;06;26;49;76.93;76.93;
2026;06;26;50;74.00;74.00;
2026;06;26;51;77.16;77.16;
2026;06;26;52;76.46;76.46;
2026;06;26;53;71.84;71.84;
2026;06;26;54;71.01;71.01;
2026;06;26;55;65.01;65.01;
2026;06;26;56;61.66;61.66;
2026;06;26;57;65.00;65.00;
2026;06;26;58;65.00;65.00;
2026;06;26;59;65.00;65.00;
2026;06;26;60;65.31;65.31;
2026;06;26;61;64.30;64.30;
2026;06;26;62;61.20;61.20;
2026;06;26;63;63.90;63.90;
2026;06;26;64;59.25;59.25;
2026;06;26;65;65.41;65.41;
2026;06;26;66;68.74;68.74;
2026;06;26;67;69.49;69.49;
2026;06;26;68;69.49;69.49;
2026;06;26;69;70.24;70.24;
2026;06;26;70;85.11;85.11;
2026;06;26;71;85.07;85.07;
2026;06;26;72;90.00;90.00;
2026;06;26;73;84.41;84.41;
2026;06;26;74;89.78;89.78;
2026;06;26;75;90.82;90.82;
2026;06;26;76;95.54;95.54;
2026;06;26;77;99.10;99.10;
2026;06;26;78;99.57;99.57;
2026;06;26;79;97.45;97.45;
2026;06;26;80;117.26;117.26;
2026;06;26;81;98.33;98.33;
2026;06;26;82;115.11;115.11;
2026;06;26;83;122.09;122.09;
2026;06;26;84;138.98;138.98;
2026;06;26;85;142.59;142.59;
2026;06;26;86;162.77;162.77;
2026;06;26;87;165.00;165.00;
2026;06;26;88;162.77;162.77;
2026;06;26;89;155.01;155.01;
2026;06;26;90;155.01;155.01;
2026;06;26;91;149.24;149.24;
2026;06;26;92;145.16;145.16;
2026;06;26;93;133.02;133.02;
2026;06;26;94;124.43;124.43;
2026;06;26;95;126.83;126.83;
2026;06;26;96;110.59;110.59;
*
