MARGINALPIBC;
2026;01;06;1;81.26;81.26;
2026;01;06;2;85.01;85.01;
2026;01;06;3;80.00;80.00;
2026;01;06;4;76.26;76.26;
2026;01;06;5;83.00;83.00;
2026;01;06;6;72.90;72.90;
2026;01;06;7;69.90;69.90;
2026;01;06;8;68.30;68.30;
2026;01;06;9;70.10;70.10;
2026;01;06;10;70.25;70.25;
2026;01;06;11;69.50;69.50;
2026;01;06;12;68.80;68.80;
2026;01;06;13;69.50;69.50;
2026;01;06;14;68.63;68.63;
2026;01;06;15;68.61;68.61;
2026;01;06;16;68.17;68.17;
2026;01;06;17;68.47;68.47;
2026;01;06;18;65.76;65.76;
2026;01;06;19;65.10;65.10;
2026;01;06;20;64.97;64.97;
2026;01;06;21;64.97;64.97;
2026;01;06;22;64.84;64.84;
2026;01;06;23;64.54;64.54;
2026;01;06;24;64.73;64.73;
2026;01;06;25;64.27;64.27;
2026;01;06;26;64.41;64.41;
2026;01;06;27;64.54;64.54;
2026;01;06;28;65.04;65.04;
2026;01;06;29;65.60;65.60;
2026;01;06;30;68.47;68.47;
2026;01;06;31;68.63;68.63;
2026;01;06;32;69.49;69.49;
2026;01;06;33;69.30;69.30;
2026;01;06;34;70.30;70.30;
2026;01;06;35;71.50;71.50;
2026;01;06;36;71.50;71.50;
2026;01;06;37;72.00;72.00;
2026;01;06;38;69.60;69.60;
2026;01;06;39;64.60;64.60;
2026;01;06;40;50.60;24.51;
2026;01;06;41;34.57;29.11;
2026;01;06;42;6.90;5.10;
2026;01;06;43;5.76;.26;
2026;01;06;44;4.68;.26;
2026;01;06;45;9.00;.26;
2026;01;06;46;11.00;.26;
2026;01;06;47;27.01;.26;
2026;01;06;48;27.01;.26;
2026;01;06;49;6.51;.26;
2026;01;06;50;6.51;-1.11;
2026;01;06;51;6.51;-1.59;
2026;01;06;52;6.52;.26;
2026;01;06;53;6.52;1.50;
2026;01;06;54;6.51;1.98;
2026;01;06;55;6.51;1.98;
2026;01;06;56;6.51;1.98;
2026;01;06;57;6.51;3.00;
2026;01;06;58;6.51;3.00;
2026;01;06;59;6.51;2.77;
2026;01;06;60;6.51;1.98;
2026;01;06;61;6.51;.00;
2026;01;06;62;6.51;.01;
2026;01;06;63;6.62;5.37;
2026;01;06;64;16.80;16.80;
2026;01;06;65;14.00;14.00;
2026;01;06;66;20.47;20.47;
2026;01;06;67;69.36;69.36;
2026;01;06;68;90.41;90.41;
2026;01;06;69;89.67;89.67;
2026;01;06;70;88.50;88.50;
2026;01;06;71;100.30;100.30;
2026;01;06;72;109.22;109.22;
2026;01;06;73;109.22;109.22;
2026;01;06;74;109.94;109.94;
2026;01;06;75;111.82;111.82;
2026;01;06;76;115.65;115.65;
2026;01;06;77;115.40;115.40;
2026;01;06;78;117.22;117.22;
2026;01;06;79;117.87;117.87;
2026;01;06;80;124.17;124.17;
2026;01;06;81;119.03;119.03;
2026;01;06;82;124.17;124.17;
2026;01;06;83;117.34;117.34;
2026;01;06;84;112.74;112.74;
2026;01;06;85;119.62;119.62;
2026;01;06;86;119.23;119.23;
2026;01;06;87;113.15;113.15;
2026;01;06;88;107.86;107.86;
2026;01;06;89;110.15;110.15;
2026;01;06;90;112.21;112.21;
2026;01;06;91;113.74;113.74;
2026;01;06;92;106.50;106.50;
2026;01;06;93;107.77;107.77;
2026;01;06;94;102.00;102.00;
2026;01;06;95;97.93;97.93;
2026;01;06;96;90.10;90.10;
*
