MARGINALPIBC;
2026;04;19;1;44.91;44.91;
2026;04;19;2;49.10;49.10;
2026;04;19;3;24.27;24.27;
2026;04;19;4;35.11;35.11;
2026;04;19;5;48.85;48.85;
2026;04;19;6;40.00;40.00;
2026;04;19;7;40.00;40.00;
2026;04;19;8;40.00;40.00;
2026;04;19;9;40.00;40.00;
2026;04;19;10;20.51;20.51;
2026;04;19;11;30.04;30.04;
2026;04;19;12;14.68;14.68;
2026;04;19;13;17.80;17.80;
2026;04;19;14;20.00;20.00;
2026;04;19;15;11.70;11.70;
2026;04;19;16;8.20;8.20;
2026;04;19;17;12.07;12.07;
2026;04;19;18;12.20;12.20;
2026;04;19;19;9.78;9.78;
2026;04;19;20;15.11;15.11;
2026;04;19;21;25.90;25.90;
2026;04;19;22;23.63;23.63;
2026;04;19;23;15.01;15.01;
2026;04;19;24;15.01;15.01;
2026;04;19;25;28.55;28.55;
2026;04;19;26;30.00;30.00;
2026;04;19;27;32.31;32.31;
2026;04;19;28;30.22;30.22;
2026;04;19;29;20.00;20.00;
2026;04;19;30;15.01;15.01;
2026;04;19;31;19.48;19.48;
2026;04;19;32;20.00;20.00;
2026;04;19;33;15.01;15.01;
2026;04;19;34;4.01;4.01;
2026;04;19;35;3.43;3.43;
2026;04;19;36;-0.95;-.95;
2026;04;19;37;20.00;20.00;
2026;04;19;38;21.56;-4.16;
2026;04;19;39;4.01;-8.86;
2026;04;19;40;3.51;-10.82;
2026;04;19;41;3.51;.00;
2026;04;19;42;3.51;.00;
2026;04;19;43;3.51;-.07;
2026;04;19;44;3.01;-.81;
2026;04;19;45;1.75;.00;
2026;04;19;46;1.45;.00;
2026;04;19;47;0.99;.00;
2026;04;19;48;0.90;.00;
2026;04;19;49;0.90;.00;
2026;04;19;50;0.90;.00;
2026;04;19;51;0.90;.00;
2026;04;19;52;0.90;.00;
2026;04;19;53;0.00;.00;
2026;04;19;54;0.00;.00;
2026;04;19;55;0.00;-.50;
2026;04;19;56;0.00;-1.10;
2026;04;19;57;1.75;-2.10;
2026;04;19;58;0.51;-1.51;
2026;04;19;59;0.00;-2.04;
2026;04;19;60;-1.00;-2.10;
2026;04;19;61;0.79;-2.21;
2026;04;19;62;1.20;-2.10;
2026;04;19;63;0.00;-2.10;
2026;04;19;64;0.00;-2.10;
2026;04;19;65;-1.49;-5.00;
2026;04;19;66;-1.00;-2.10;
2026;04;19;67;0.00;-1.50;
2026;04;19;68;0.00;-.81;
2026;04;19;69;0.00;-.50;
2026;04;19;70;0.00;.00;
2026;04;19;71;0.00;.00;
2026;04;19;72;1.03;.00;
2026;04;19;73;0.00;.00;
2026;04;19;74;0.00;.00;
2026;04;19;75;3.01;3.01;
2026;04;19;76;6.96;6.96;
2026;04;19;77;17.89;17.89;
2026;04;19;78;24.03;24.03;
2026;04;19;79;44.80;44.80;
2026;04;19;80;58.68;58.68;
2026;04;19;81;50.24;50.24;
2026;04;19;82;80.20;80.20;
2026;04;19;83;90.99;90.99;
2026;04;19;84;86.50;86.50;
2026;04;19;85;86.80;86.80;
2026;04;19;86;86.94;86.94;
2026;04;19;87;86.99;86.99;
2026;04;19;88;87.65;87.65;
2026;04;19;89;92.52;92.52;
2026;04;19;90;90.99;90.99;
2026;04;19;91;90.99;90.99;
2026;04;19;92;90.99;90.99;
2026;04;19;93;90.99;90.99;
2026;04;19;94;90.99;90.99;
2026;04;19;95;90.99;90.99;
2026;04;19;96;90.62;90.62;
*
