MARGINALPIBC;
2026;02;13;1;5.01;5.37;
2026;02;13;2;5.01;5.01;
2026;02;13;3;3.78;3.78;
2026;02;13;4;1.01;3.78;
2026;02;13;5;3.78;3.78;
2026;02;13;6;3.78;3.78;
2026;02;13;7;3.78;3.78;
2026;02;13;8;2.82;2.82;
2026;02;13;9;2.34;2.34;
2026;02;13;10;2.01;2.01;
2026;02;13;11;1.98;1.98;
2026;02;13;12;1.84;1.84;
2026;02;13;13;1.01;1.98;
2026;02;13;14;1.01;1.98;
2026;02;13;15;0.12;1.98;
2026;02;13;16;0.12;1.84;
2026;02;13;17;0.12;1.84;
2026;02;13;18;0.52;1.84;
2026;02;13;19;0.52;1.84;
2026;02;13;20;0.52;1.92;
2026;02;13;21;0.12;1.98;
2026;02;13;22;0.12;1.98;
2026;02;13;23;0.12;2.98;
2026;02;13;24;0.12;3.78;
2026;02;13;25;0.11;3.78;
2026;02;13;26;0.12;4.78;
2026;02;13;27;0.11;7.44;
2026;02;13;28;0.07;13.93;
2026;02;13;29;0.11;10.50;
2026;02;13;30;0.11;13.70;
2026;02;13;31;0.11;25.79;
2026;02;13;32;0.12;35.00;
2026;02;13;33;1.01;31.69;
2026;02;13;34;2.01;31.69;
2026;02;13;35;2.01;25.57;
2026;02;13;36;2.01;17.70;
2026;02;13;37;5.01;22.00;
2026;02;13;38;5.01;8.64;
2026;02;13;39;4.78;4.78;
2026;02;13;40;3.78;3.78;
2026;02;13;41;3.78;3.78;
2026;02;13;42;2.34;2.34;
2026;02;13;43;1.91;1.91;
2026;02;13;44;1.34;1.34;
2026;02;13;45;1.84;1.84;
2026;02;13;46;1.03;1.03;
2026;02;13;47;1.01;1.01;
2026;02;13;48;1.00;1.00;
2026;02;13;49;0.50;.50;
2026;02;13;50;0.51;.51;
2026;02;13;51;0.51;.51;
2026;02;13;52;0.51;.51;
2026;02;13;53;0.20;.20;
2026;02;13;54;0.12;.12;
2026;02;13;55;0.11;.11;
2026;02;13;56;0.02;.02;
2026;02;13;57;0.02;.02;
2026;02;13;58;0.01;.01;
2026;02;13;59;0.02;.02;
2026;02;13;60;0.01;.01;
2026;02;13;61;0.00;.00;
2026;02;13;62;0.00;.00;
2026;02;13;63;0.00;.00;
2026;02;13;64;0.00;.00;
2026;02;13;65;0.00;.00;
2026;02;13;66;0.01;.01;
2026;02;13;67;0.12;.12;
2026;02;13;68;0.54;.54;
2026;02;13;69;0.53;.53;
2026;02;13;70;0.54;.54;
2026;02;13;71;0.91;.91;
2026;02;13;72;1.01;1.84;
2026;02;13;73;1.01;2.00;
2026;02;13;74;0.11;3.78;
2026;02;13;75;0.14;3.78;
2026;02;13;76;0.18;3.78;
2026;02;13;77;0.80;5.37;
2026;02;13;78;1.01;6.92;
2026;02;13;79;2.06;7.64;
2026;02;13;80;2.34;8.81;
2026;02;13;81;6.00;10.00;
2026;02;13;82;6.00;11.27;
2026;02;13;83;10.79;11.27;
2026;02;13;84;8.00;8.00;
2026;02;13;85;6.00;7.64;
2026;02;13;86;6.00;7.16;
2026;02;13;87;5.37;5.37;
2026;02;13;88;3.78;3.78;
2026;02;13;89;2.34;3.78;
2026;02;13;90;0.92;3.78;
2026;02;13;91;0.80;2.00;
2026;02;13;92;0.42;1.98;
2026;02;13;93;-1.00;1.98;
2026;02;13;94;0.12;1.84;
2026;02;13;95;1.72;1.72;
2026;02;13;96;0.90;.90;
*
