MARGINALPIBC;
2026;06;06;1;120.10;120.10;
2026;06;06;2;126.16;126.16;
2026;06;06;3;132.00;132.00;
2026;06;06;4;133.54;133.54;
2026;06;06;5;128.28;128.28;
2026;06;06;6;122.42;122.42;
2026;06;06;7;119.67;119.67;
2026;06;06;8;116.93;116.93;
2026;06;06;9;115.45;115.45;
2026;06;06;10;115.81;115.81;
2026;06;06;11;114.74;114.74;
2026;06;06;12;114.36;114.36;
2026;06;06;13;113.58;113.58;
2026;06;06;14;113.92;113.92;
2026;06;06;15;113.93;113.93;
2026;06;06;16;113.92;113.92;
2026;06;06;17;113.98;113.98;
2026;06;06;18;114.64;114.64;
2026;06;06;19;115.43;115.43;
2026;06;06;20;115.45;115.45;
2026;06;06;21;114.39;114.39;
2026;06;06;22;115.00;115.00;
2026;06;06;23;112.64;112.64;
2026;06;06;24;110.24;110.24;
2026;06;06;25;115.15;115.15;
2026;06;06;26;117.50;117.50;
2026;06;06;27;119.08;119.08;
2026;06;06;28;124.99;124.99;
2026;06;06;29;116.18;116.18;
2026;06;06;30;110.24;110.24;
2026;06;06;31;108.06;108.06;
2026;06;06;32;109.52;109.52;
2026;06;06;33;93.13;93.13;
2026;06;06;34;101.84;101.84;
2026;06;06;35;106.60;106.60;
2026;06;06;36;61.03;61.03;
2026;06;06;37;66.00;66.00;
2026;06;06;38;46.80;46.80;
2026;06;06;39;18.39;18.39;
2026;06;06;40;14.90;14.90;
2026;06;06;41;13.21;13.21;
2026;06;06;42;11.34;11.34;
2026;06;06;43;4.17;.84;
2026;06;06;44;4.17;.84;
2026;06;06;45;9.47;.84;
2026;06;06;46;6.17;.84;
2026;06;06;47;4.17;.84;
2026;06;06;48;4.17;.84;
2026;06;06;49;4.17;.84;
2026;06;06;50;4.17;.84;
2026;06;06;51;4.17;.84;
2026;06;06;52;4.17;.84;
2026;06;06;53;4.17;.84;
2026;06;06;54;2.53;.61;
2026;06;06;55;2.32;.08;
2026;06;06;56;1.75;.00;
2026;06;06;57;0.00;.00;
2026;06;06;58;0.00;.00;
2026;06;06;59;0.00;.00;
2026;06;06;60;0.00;.00;
2026;06;06;61;-0.07;-.07;
2026;06;06;62;-0.07;-.07;
2026;06;06;63;-0.07;-.07;
2026;06;06;64;-0.07;-.07;
2026;06;06;65;0.00;.00;
2026;06;06;66;0.00;.00;
2026;06;06;67;0.00;.00;
2026;06;06;68;0.00;.00;
2026;06;06;69;0.00;.00;
2026;06;06;70;0.00;.00;
2026;06;06;71;0.00;.00;
2026;06;06;72;0.84;.84;
2026;06;06;73;1.21;1.21;
2026;06;06;74;2.32;.84;
2026;06;06;75;4.17;1.00;
2026;06;06;76;3.08;3.08;
2026;06;06;77;12.56;12.56;
2026;06;06;78;13.59;13.59;
2026;06;06;79;28.37;28.37;
2026;06;06;80;75.55;75.55;
2026;06;06;81;58.24;58.24;
2026;06;06;82;74.78;74.78;
2026;06;06;83;103.14;103.14;
2026;06;06;84;111.53;111.53;
2026;06;06;85;110.00;110.00;
2026;06;06;86;118.48;118.48;
2026;06;06;87;132.54;132.54;
2026;06;06;88;130.00;130.00;
2026;06;06;89;117.55;117.55;
2026;06;06;90;112.66;112.66;
2026;06;06;91;109.76;109.76;
2026;06;06;92;108.78;108.78;
2026;06;06;93;104.64;104.64;
2026;06;06;94;102.00;102.00;
2026;06;06;95;101.84;101.84;
2026;06;06;96;104.74;104.74;
*
