MARGINALPIBC;
2026;05;30;1;127.94;127.94;
2026;05;30;2;126.98;126.98;
2026;05;30;3;120.24;120.24;
2026;05;30;4;113.95;113.95;
2026;05;30;5;115.05;115.05;
2026;05;30;6;111.60;111.60;
2026;05;30;7;111.52;111.52;
2026;05;30;8;108.67;108.67;
2026;05;30;9;113.96;113.96;
2026;05;30;10;114.62;114.62;
2026;05;30;11;109.79;109.79;
2026;05;30;12;106.00;106.00;
2026;05;30;13;112.00;112.00;
2026;05;30;14;111.00;111.00;
2026;05;30;15;111.03;111.03;
2026;05;30;16;111.02;111.02;
2026;05;30;17;118.52;118.52;
2026;05;30;18;118.81;118.81;
2026;05;30;19;118.70;118.70;
2026;05;30;20;117.20;117.20;
2026;05;30;21;118.81;118.81;
2026;05;30;22;117.54;117.54;
2026;05;30;23;117.51;117.51;
2026;05;30;24;118.14;118.14;
2026;05;30;25;114.17;114.17;
2026;05;30;26;114.43;114.43;
2026;05;30;27;113.01;113.01;
2026;05;30;28;116.16;116.16;
2026;05;30;29;112.70;112.70;
2026;05;30;30;109.50;109.50;
2026;05;30;31;106.26;106.26;
2026;05;30;32;109.74;109.74;
2026;05;30;33;109.70;109.70;
2026;05;30;34;84.46;84.46;
2026;05;30;35;47.17;47.17;
2026;05;30;36;26.35;26.35;
2026;05;30;37;68.27;68.27;
2026;05;30;38;45.96;45.96;
2026;05;30;39;24.32;24.32;
2026;05;30;40;16.79;16.79;
2026;05;30;41;18.00;18.00;
2026;05;30;42;11.99;11.99;
2026;05;30;43;1.96;1.96;
2026;05;30;44;0.00;.00;
2026;05;30;45;0.01;.00;
2026;05;30;46;0.00;-1.11;
2026;05;30;47;0.79;.79;
2026;05;30;48;0.00;.00;
2026;05;30;49;0.00;-.01;
2026;05;30;50;0.00;-.56;
2026;05;30;51;0.00;-3.98;
2026;05;30;52;0.00;-4.54;
2026;05;30;53;0.00;-5.50;
2026;05;30;54;-0.01;-6.10;
2026;05;30;55;-0.01;-6.61;
2026;05;30;56;-0.11;-6.61;
2026;05;30;57;-0.10;-5.10;
2026;05;30;58;-0.11;-5.00;
2026;05;30;59;-0.10;-5.50;
2026;05;30;60;-0.11;-5.11;
2026;05;30;61;0.00;-3.26;
2026;05;30;62;0.00;-1.35;
2026;05;30;63;-0.01;-.01;
2026;05;30;64;0.00;-8.00;
2026;05;30;65;0.00;-6.81;
2026;05;30;66;0.00;.00;
2026;05;30;67;1.51;1.51;
2026;05;30;68;4.83;4.83;
2026;05;30;69;16.50;16.50;
2026;05;30;70;21.73;21.73;
2026;05;30;71;24.86;24.86;
2026;05;30;72;35.41;35.41;
2026;05;30;73;40.00;40.00;
2026;05;30;74;49.07;49.07;
2026;05;30;75;61.94;61.94;
2026;05;30;76;57.68;57.68;
2026;05;30;77;65.31;65.31;
2026;05;30;78;103.00;103.00;
2026;05;30;79;100.66;100.66;
2026;05;30;80;100.31;100.31;
2026;05;30;81;90.66;90.66;
2026;05;30;82;108.67;108.67;
2026;05;30;83;110.40;110.40;
2026;05;30;84;125.63;125.63;
2026;05;30;85;113.65;113.65;
2026;05;30;86;119.04;119.04;
2026;05;30;87;119.99;119.99;
2026;05;30;88;115.29;115.29;
2026;05;30;89;119.99;119.99;
2026;05;30;90;113.88;113.88;
2026;05;30;91;120.58;120.58;
2026;05;30;92;111.89;111.89;
2026;05;30;93;113.01;113.01;
2026;05;30;94;109.00;109.00;
2026;05;30;95;113.01;113.01;
2026;05;30;96;101.30;101.30;
*
