MARGINALPIBC;
2026;01;14;1;104.00;104.00;
2026;01;14;2;102.67;102.67;
2026;01;14;3;102.25;102.25;
2026;01;14;4;102.24;102.24;
2026;01;14;5;103.73;103.73;
2026;01;14;6;102.63;102.63;
2026;01;14;7;102.24;102.24;
2026;01;14;8;100.00;100.00;
2026;01;14;9;97.10;97.10;
2026;01;14;10;94.54;94.54;
2026;01;14;11;92.41;92.41;
2026;01;14;12;91.28;91.28;
2026;01;14;13;92.97;92.97;
2026;01;14;14;92.69;92.69;
2026;01;14;15;92.97;92.97;
2026;01;14;16;93.97;93.97;
2026;01;14;17;93.21;93.21;
2026;01;14;18;93.97;93.97;
2026;01;14;19;97.10;97.10;
2026;01;14;20;98.70;98.70;
2026;01;14;21;94.54;94.54;
2026;01;14;22;97.03;97.03;
2026;01;14;23;96.28;96.28;
2026;01;14;24;102.63;102.63;
2026;01;14;25;95.09;95.09;
2026;01;14;26;103.64;103.64;
2026;01;14;27;102.95;102.95;
2026;01;14;28;107.34;107.34;
2026;01;14;29;108.02;108.02;
2026;01;14;30;106.64;106.64;
2026;01;14;31;118.01;118.01;
2026;01;14;32;126.99;126.99;
2026;01;14;33;120.18;120.18;
2026;01;14;34;132.00;132.00;
2026;01;14;35;139.96;139.96;
2026;01;14;36;143.41;143.41;
2026;01;14;37;151.68;151.68;
2026;01;14;38;143.58;143.58;
2026;01;14;39;139.22;139.22;
2026;01;14;40;129.36;129.36;
2026;01;14;41;133.00;133.00;
2026;01;14;42;121.20;121.20;
2026;01;14;43;118.25;118.25;
2026;01;14;44;114.70;114.70;
2026;01;14;45;116.01;116.01;
2026;01;14;46;112.01;112.01;
2026;01;14;47;109.03;109.03;
2026;01;14;48;106.64;106.64;
2026;01;14;49;109.51;109.51;
2026;01;14;50;107.87;107.87;
2026;01;14;51;107.56;107.56;
2026;01;14;52;105.78;105.78;
2026;01;14;53;103.13;103.13;
2026;01;14;54;102.23;102.23;
2026;01;14;55;103.00;103.00;
2026;01;14;56;104.99;104.99;
2026;01;14;57;102.77;102.77;
2026;01;14;58;106.27;106.27;
2026;01;14;59;107.90;107.90;
2026;01;14;60;109.03;109.03;
2026;01;14;61;109.59;109.59;
2026;01;14;62;110.98;110.98;
2026;01;14;63;111.26;111.26;
2026;01;14;64;112.01;112.01;
2026;01;14;65;111.98;111.98;
2026;01;14;66;117.64;117.64;
2026;01;14;67;116.28;116.28;
2026;01;14;68;139.02;139.02;
2026;01;14;69;117.53;117.53;
2026;01;14;70;127.39;127.39;
2026;01;14;71;141.64;141.64;
2026;01;14;72;169.44;169.44;
2026;01;14;73;146.10;146.11;
2026;01;14;74;165.31;168.42;
2026;01;14;75;183.01;191.39;
2026;01;14;76;189.58;194.08;
2026;01;14;77;173.43;173.43;
2026;01;14;78;167.84;167.84;
2026;01;14;79;155.30;155.30;
2026;01;14;80;143.43;143.43;
2026;01;14;81;134.64;134.64;
2026;01;14;82;148.99;138.00;
2026;01;14;83;140.76;127.59;
2026;01;14;84;142.02;122.01;
2026;01;14;85;234.58;112.31;
2026;01;14;86;131.70;111.69;
2026;01;14;87;122.00;110.47;
2026;01;14;88;118.62;107.05;
2026;01;14;89;156.29;109.57;
2026;01;14;90;153.01;97.44;
2026;01;14;91;148.72;94.33;
2026;01;14;92;148.01;101.69;
2026;01;14;93;138.20;100.60;
2026;01;14;94;138.20;94.22;
2026;01;14;95;138.20;94.33;
2026;01;14;96;125.11;87.45;
*
