MARGINALPIBC;
2026;07;06;1;154.43;154.43;
2026;07;06;2;151.34;151.34;
2026;07;06;3;152.34;152.34;
2026;07;06;4;151.34;151.34;
2026;07;06;5;147.04;147.04;
2026;07;06;6;145.98;145.98;
2026;07;06;7;145.46;145.46;
2026;07;06;8;145.46;145.46;
2026;07;06;9;150.00;150.00;
2026;07;06;10;147.04;147.04;
2026;07;06;11;145.46;145.46;
2026;07;06;12;145.46;145.46;
2026;07;06;13;141.77;141.77;
2026;07;06;14;145.46;145.46;
2026;07;06;15;144.88;144.88;
2026;07;06;16;143.47;143.47;
2026;07;06;17;130.91;130.91;
2026;07;06;18;130.43;130.43;
2026;07;06;19;127.77;127.77;
2026;07;06;20;127.34;127.34;
2026;07;06;21;125.34;125.34;
2026;07;06;22;122.04;122.04;
2026;07;06;23;120.55;120.55;
2026;07;06;24;122.79;122.79;
2026;07;06;25;127.77;127.77;
2026;07;06;26;134.84;134.84;
2026;07;06;27;142.01;142.01;
2026;07;06;28;152.34;152.34;
2026;07;06;29;157.84;157.84;
2026;07;06;30;157.84;157.84;
2026;07;06;31;153.82;153.82;
2026;07;06;32;145.98;145.98;
2026;07;06;33;133.34;133.34;
2026;07;06;34;138.50;138.50;
2026;07;06;35;119.22;119.22;
2026;07;06;36;142.30;100.98;
2026;07;06;37;122.66;122.66;
2026;07;06;38;142.30;105.47;
2026;07;06;39;142.30;76.83;
2026;07;06;40;142.30;53.65;
2026;07;06;41;142.30;57.46;
2026;07;06;42;84.99;50.24;
2026;07;06;43;84.01;45.53;
2026;07;06;44;78.30;35.64;
2026;07;06;45;80.00;56.99;
2026;07;06;46;80.00;38.49;
2026;07;06;47;78.30;40.76;
2026;07;06;48;78.30;44.05;
2026;07;06;49;78.30;33.72;
2026;07;06;50;78.09;30.47;
2026;07;06;51;78.10;30.63;
2026;07;06;52;78.09;27.50;
2026;07;06;53;77.89;35.65;
2026;07;06;54;77.88;43.70;
2026;07;06;55;77.88;50.16;
2026;07;06;56;77.64;50.00;
2026;07;06;57;77.64;49.88;
2026;07;06;58;77.63;53.79;
2026;07;06;59;77.63;53.79;
2026;07;06;60;77.63;51.49;
2026;07;06;61;77.63;50.12;
2026;07;06;62;77.63;48.99;
2026;07;06;63;77.63;49.64;
2026;07;06;64;77.63;56.90;
2026;07;06;65;75.55;60.44;
2026;07;06;66;77.61;60.44;
2026;07;06;67;77.63;66.50;
2026;07;06;68;77.63;74.56;
2026;07;06;69;77.63;59.10;
2026;07;06;70;77.63;63.10;
2026;07;06;71;77.64;77.16;
2026;07;06;72;107.63;85.19;
2026;07;06;73;79.51;79.51;
2026;07;06;74;88.50;88.50;
2026;07;06;75;100.38;100.38;
2026;07;06;76;117.50;117.50;
2026;07;06;77;98.30;98.30;
2026;07;06;78;108.49;108.49;
2026;07;06;79;120.55;120.55;
2026;07;06;80;129.44;129.44;
2026;07;06;81;122.30;120.51;
2026;07;06;82;131.33;131.33;
2026;07;06;83;141.33;141.33;
2026;07;06;84;156.55;156.55;
2026;07;06;85;152.64;152.64;
2026;07;06;86;156.44;156.44;
2026;07;06;87;145.38;145.38;
2026;07;06;88;142.00;142.00;
2026;07;06;89;147.32;147.32;
2026;07;06;90;146.24;146.24;
2026;07;06;91;148.78;148.78;
2026;07;06;92;130.87;130.87;
2026;07;06;93;148.02;148.02;
2026;07;06;94;139.58;139.58;
2026;07;06;95;127.77;127.77;
2026;07;06;96;131.34;131.34;
*
