MARGINALPIBC;
2026;03;23;1;38.60;38.60;
2026;03;23;2;51.96;51.96;
2026;03;23;3;52.87;52.87;
2026;03;23;4;50.00;50.00;
2026;03;23;5;39.08;39.08;
2026;03;23;6;29.50;29.50;
2026;03;23;7;14.00;14.00;
2026;03;23;8;14.00;14.00;
2026;03;23;9;14.00;14.00;
2026;03;23;10;14.00;14.00;
2026;03;23;11;14.00;14.00;
2026;03;23;12;14.00;14.00;
2026;03;23;13;14.00;14.00;
2026;03;23;14;14.00;14.00;
2026;03;23;15;14.00;14.00;
2026;03;23;16;12.50;12.50;
2026;03;23;17;13.73;13.73;
2026;03;23;18;14.00;14.00;
2026;03;23;19;11.55;11.55;
2026;03;23;20;12.74;12.74;
2026;03;23;21;12.00;12.00;
2026;03;23;22;13.80;13.80;
2026;03;23;23;16.00;16.00;
2026;03;23;24;10.00;10.00;
2026;03;23;25;9.16;9.16;
2026;03;23;26;17.88;17.88;
2026;03;23;27;60.01;60.01;
2026;03;23;28;70.94;70.94;
2026;03;23;29;69.77;69.77;
2026;03;23;30;76.74;76.74;
2026;03;23;31;76.41;76.41;
2026;03;23;32;57.46;57.46;
2026;03;23;33;50.00;50.00;
2026;03;23;34;16.55;16.55;
2026;03;23;35;36.63;36.63;
2026;03;23;36;3.75;3.75;
2026;03;23;37;9.25;9.25;
2026;03;23;38;3.75;3.75;
2026;03;23;39;2.00;2.00;
2026;03;23;40;1.00;1.00;
2026;03;23;41;1.97;1.97;
2026;03;23;42;0.90;.90;
2026;03;23;43;0.01;.01;
2026;03;23;44;0.00;-.01;
2026;03;23;45;0.51;.21;
2026;03;23;46;0.51;.00;
2026;03;23;47;0.51;.00;
2026;03;23;48;0.51;.00;
2026;03;23;49;0.51;-.01;
2026;03;23;50;0.51;-.01;
2026;03;23;51;0.51;-.01;
2026;03;23;52;0.51;-.01;
2026;03;23;53;0.51;-.01;
2026;03;23;54;0.51;.00;
2026;03;23;55;0.00;.00;
2026;03;23;56;0.00;.00;
2026;03;23;57;0.90;.90;
2026;03;23;58;-0.01;-.01;
2026;03;23;59;-0.01;-.01;
2026;03;23;60;0.00;.00;
2026;03;23;61;0.00;.00;
2026;03;23;62;0.20;.20;
2026;03;23;63;0.90;.90;
2026;03;23;64;1.97;1.97;
2026;03;23;65;1.75;1.75;
2026;03;23;66;0.90;.90;
2026;03;23;67;2.00;2.00;
2026;03;23;68;2.01;2.01;
2026;03;23;69;-0.01;-.01;
2026;03;23;70;1.56;1.56;
2026;03;23;71;5.00;5.00;
2026;03;23;72;25.30;25.30;
2026;03;23;73;10.00;10.00;
2026;03;23;74;18.83;18.83;
2026;03;23;75;50.40;50.40;
2026;03;23;76;72.50;72.50;
2026;03;23;77;74.00;74.00;
2026;03;23;78;97.99;100.10;
2026;03;23;79;114.36;120.66;
2026;03;23;80;132.49;134.14;
2026;03;23;81;146.60;146.60;
2026;03;23;82;45.01;154.28;
2026;03;23;83;140.05;140.05;
2026;03;23;84;131.01;131.01;
2026;03;23;85;133.00;133.00;
2026;03;23;86;125.17;126.67;
2026;03;23;87;111.22;111.22;
2026;03;23;88;86.73;86.73;
2026;03;23;89;110.00;112.50;
2026;03;23;90;89.41;89.41;
2026;03;23;91;91.34;91.34;
2026;03;23;92;78.27;78.27;
2026;03;23;93;71.73;71.73;
2026;03;23;94;61.95;61.95;
2026;03;23;95;66.07;66.07;
2026;03;23;96;63.20;63.20;
*
