MARGINALPIBC;
2026;03;28;1;5.01;5.01;
2026;03;28;2;5.01;5.01;
2026;03;28;3;5.28;5.28;
2026;03;28;4;5.01;5.01;
2026;03;28;5;4.87;4.87;
2026;03;28;6;6.34;6.34;
2026;03;28;7;8.22;8.22;
2026;03;28;8;2.51;2.51;
2026;03;28;9;7.72;7.72;
2026;03;28;10;5.51;5.51;
2026;03;28;11;5.28;5.28;
2026;03;28;12;3.00;3.00;
2026;03;28;13;5.39;5.39;
2026;03;28;14;4.00;4.00;
2026;03;28;15;4.10;4.10;
2026;03;28;16;2.51;2.51;
2026;03;28;17;5.22;5.22;
2026;03;28;18;5.17;5.17;
2026;03;28;19;5.00;5.00;
2026;03;28;20;5.00;5.00;
2026;03;28;21;5.01;5.01;
2026;03;28;22;5.28;5.28;
2026;03;28;23;5.01;5.01;
2026;03;28;24;5.01;5.01;
2026;03;28;25;8.50;8.50;
2026;03;28;26;8.56;8.56;
2026;03;28;27;8.72;8.72;
2026;03;28;28;9.54;9.54;
2026;03;28;29;5.91;5.91;
2026;03;28;30;5.15;5.15;
2026;03;28;31;5.00;5.00;
2026;03;28;32;-0.07;-.07;
2026;03;28;33;2.00;2.00;
2026;03;28;34;0.84;.84;
2026;03;28;35;0.01;.01;
2026;03;28;36;-0.07;-.07;
2026;03;28;37;-0.50;-.50;
2026;03;28;38;-0.81;-.81;
2026;03;28;39;-0.81;-.81;
2026;03;28;40;-1.10;-1.10;
2026;03;28;41;-0.81;-.81;
2026;03;28;42;-1.10;-1.10;
2026;03;28;43;-2.00;-2.00;
2026;03;28;44;-2.01;-2.01;
2026;03;28;45;-1.50;-2.10;
2026;03;28;46;-2.00;-2.10;
2026;03;28;47;-2.00;-2.10;
2026;03;28;48;-2.00;-3.00;
2026;03;28;49;-2.01;-2.10;
2026;03;28;50;-3.00;-3.84;
2026;03;28;51;-3.00;-3.10;
2026;03;28;52;-3.00;-4.00;
2026;03;28;53;-2.99;-2.99;
2026;03;28;54;-2.99;-3.00;
2026;03;28;55;-2.99;-3.00;
2026;03;28;56;-2.99;-3.00;
2026;03;28;57;-3.50;-4.00;
2026;03;28;58;-3.50;-3.84;
2026;03;28;59;-3.50;-3.50;
2026;03;28;60;-3.50;-4.00;
2026;03;28;61;-3.50;-4.00;
2026;03;28;62;-3.50;-4.00;
2026;03;28;63;-3.50;-4.00;
2026;03;28;64;-3.50;-4.00;
2026;03;28;65;-3.50;-4.00;
2026;03;28;66;-3.50;-4.00;
2026;03;28;67;-2.99;-3.01;
2026;03;28;68;-2.99;-3.00;
2026;03;28;69;-1.23;-1.23;
2026;03;28;70;-0.82;-.82;
2026;03;28;71;-0.81;-.81;
2026;03;28;72;0.00;-.07;
2026;03;28;73;0.00;.00;
2026;03;28;74;0.01;.01;
2026;03;28;75;3.08;3.08;
2026;03;28;76;5.41;5.41;
2026;03;28;77;3.28;3.28;
2026;03;28;78;4.78;4.78;
2026;03;28;79;6.50;6.50;
2026;03;28;80;6.80;6.80;
2026;03;28;81;5.41;5.41;
2026;03;28;82;7.06;7.06;
2026;03;28;83;7.75;7.75;
2026;03;28;84;9.06;9.06;
2026;03;28;85;8.84;8.84;
2026;03;28;86;9.06;9.06;
2026;03;28;87;8.58;8.58;
2026;03;28;88;8.58;8.58;
2026;03;28;89;8.82;8.82;
2026;03;28;90;8.82;8.82;
2026;03;28;91;7.56;7.56;
2026;03;28;92;5.59;5.59;
2026;03;28;93;5.41;5.41;
2026;03;28;94;5.41;5.41;
2026;03;28;95;5.41;5.41;
2026;03;28;96;5.00;5.00;
*
