MARGINALPIBC;
2026;01;28;1;5.37;5.37;
2026;01;28;2;3.78;3.78;
2026;01;28;3;3.78;3.78;
2026;01;28;4;3.78;3.78;
2026;01;28;5;3.78;3.78;
2026;01;28;6;3.78;3.78;
2026;01;28;7;3.78;3.78;
2026;01;28;8;3.78;3.78;
2026;01;28;9;2.52;2.52;
2026;01;28;10;1.97;1.97;
2026;01;28;11;1.97;1.97;
2026;01;28;12;1.97;1.97;
2026;01;28;13;1.98;1.98;
2026;01;28;14;1.98;1.98;
2026;01;28;15;1.98;1.98;
2026;01;28;16;1.98;1.98;
2026;01;28;17;1.98;1.98;
2026;01;28;18;2.18;2.18;
2026;01;28;19;3.78;3.78;
2026;01;28;20;3.78;3.78;
2026;01;28;21;3.78;3.78;
2026;01;28;22;3.78;3.78;
2026;01;28;23;3.78;3.78;
2026;01;28;24;8.41;8.41;
2026;01;28;25;5.37;5.37;
2026;01;28;26;12.34;12.34;
2026;01;28;27;14.95;14.95;
2026;01;28;28;24.30;24.30;
2026;01;28;29;18.03;23.53;
2026;01;28;30;26.50;43.10;
2026;01;28;31;34.99;40.99;
2026;01;28;32;50.10;50.10;
2026;01;28;33;45.80;115.40;
2026;01;28;34;55.94;114.50;
2026;01;28;35;64.44;118.11;
2026;01;28;36;65.65;118.09;
2026;01;28;37;35.01;116.30;
2026;01;28;38;21.81;115.40;
2026;01;28;39;20.42;112.55;
2026;01;28;40;20.42;110.18;
2026;01;28;41;7.41;112.73;
2026;01;28;42;7.41;108.11;
2026;01;28;43;10.11;75.85;
2026;01;28;44;30.42;63.50;
2026;01;28;45;28.85;68.87;
2026;01;28;46;25.78;54.53;
2026;01;28;47;20.50;45.00;
2026;01;28;48;14.81;22.21;
2026;01;28;49;21.86;21.86;
2026;01;28;50;16.32;16.32;
2026;01;28;51;12.78;12.78;
2026;01;28;52;14.91;14.91;
2026;01;28;53;12.04;12.04;
2026;01;28;54;10.22;10.22;
2026;01;28;55;6.01;6.01;
2026;01;28;56;5.22;5.22;
2026;01;28;57;3.98;3.98;
2026;01;28;58;3.98;3.98;
2026;01;28;59;3.88;3.88;
2026;01;28;60;3.88;3.88;
2026;01;28;61;3.78;3.78;
2026;01;28;62;3.78;3.78;
2026;01;28;63;3.78;3.78;
2026;01;28;64;7.77;7.77;
2026;01;28;65;4.21;4.21;
2026;01;28;66;8.50;8.50;
2026;01;28;67;11.95;11.95;
2026;01;28;68;16.32;16.32;
2026;01;28;69;12.04;12.04;
2026;01;28;70;20.17;20.17;
2026;01;28;71;28.40;28.40;
2026;01;28;72;39.28;39.28;
2026;01;28;73;35.43;35.43;
2026;01;28;74;42.00;44.00;
2026;01;28;75;60.00;60.00;
2026;01;28;76;75.00;75.00;
2026;01;28;77;69.74;69.74;
2026;01;28;78;72.00;72.00;
2026;01;28;79;75.10;75.10;
2026;01;28;80;77.00;77.00;
2026;01;28;81;82.60;82.60;
2026;01;28;82;90.00;90.00;
2026;01;28;83;86.99;86.99;
2026;01;28;84;79.50;79.50;
2026;01;28;85;69.76;69.76;
2026;01;28;86;70.47;70.47;
2026;01;28;87;62.28;62.28;
2026;01;28;88;52.50;52.50;
2026;01;28;89;49.58;55.60;
2026;01;28;90;28.94;40.10;
2026;01;28;91;27.35;27.35;
2026;01;28;92;4.20;28.20;
2026;01;28;93;24.05;29.10;
2026;01;28;94;-7.41;16.18;
2026;01;28;95;0.00;8.50;
2026;01;28;96;4.69;4.70;
*
