MARGINALPIBC;
2026;05;17;1;96.63;96.63;
2026;05;17;2;91.21;91.21;
2026;05;17;3;88.92;88.92;
2026;05;17;4;78.44;78.44;
2026;05;17;5;82.87;82.87;
2026;05;17;6;75.04;75.04;
2026;05;17;7;77.64;77.64;
2026;05;17;8;72.45;72.45;
2026;05;17;9;81.03;81.03;
2026;05;17;10;63.90;63.90;
2026;05;17;11;53.38;53.38;
2026;05;17;12;58.22;58.22;
2026;05;17;13;63.46;63.46;
2026;05;17;14;54.12;54.12;
2026;05;17;15;60.99;60.99;
2026;05;17;16;55.42;55.42;
2026;05;17;17;59.78;59.78;
2026;05;17;18;57.83;57.83;
2026;05;17;19;58.42;58.42;
2026;05;17;20;59.18;59.18;
2026;05;17;21;60.55;60.55;
2026;05;17;22;64.02;64.02;
2026;05;17;23;63.05;63.05;
2026;05;17;24;62.70;62.70;
2026;05;17;25;64.43;64.43;
2026;05;17;26;68.95;68.95;
2026;05;17;27;73.30;73.30;
2026;05;17;28;74.13;74.13;
2026;05;17;29;63.75;63.75;
2026;05;17;30;45.41;45.41;
2026;05;17;31;40.90;40.90;
2026;05;17;32;30.99;30.99;
2026;05;17;33;48.34;48.34;
2026;05;17;34;41.98;41.98;
2026;05;17;35;35.00;35.00;
2026;05;17;36;7.22;7.22;
2026;05;17;37;25.01;25.01;
2026;05;17;38;19.42;19.42;
2026;05;17;39;16.30;16.30;
2026;05;17;40;15.15;15.15;
2026;05;17;41;15.10;15.10;
2026;05;17;42;13.55;13.55;
2026;05;17;43;6.91;6.91;
2026;05;17;44;9.88;9.88;
2026;05;17;45;3.24;3.24;
2026;05;17;46;3.00;3.00;
2026;05;17;47;2.00;2.00;
2026;05;17;48;2.00;2.00;
2026;05;17;49;3.60;3.60;
2026;05;17;50;3.97;3.97;
2026;05;17;51;4.00;4.00;
2026;05;17;52;2.76;2.76;
2026;05;17;53;3.97;3.97;
2026;05;17;54;1.75;1.75;
2026;05;17;55;1.74;1.18;
2026;05;17;56;1.74;.84;
2026;05;17;57;1.74;1.21;
2026;05;17;58;1.74;1.03;
2026;05;17;59;0.84;.84;
2026;05;17;60;0.84;.84;
2026;05;17;61;1.50;.84;
2026;05;17;62;1.74;.84;
2026;05;17;63;1.73;.84;
2026;05;17;64;1.73;1.26;
2026;05;17;65;0.84;.84;
2026;05;17;66;0.84;.84;
2026;05;17;67;0.84;.84;
2026;05;17;68;1.50;1.50;
2026;05;17;69;2.00;2.00;
2026;05;17;70;0.84;.84;
2026;05;17;71;5.00;5.00;
2026;05;17;72;14.74;14.74;
2026;05;17;73;24.11;24.11;
2026;05;17;74;35.00;35.00;
2026;05;17;75;40.11;40.11;
2026;05;17;76;55.90;55.90;
2026;05;17;77;43.17;43.17;
2026;05;17;78;34.67;34.67;
2026;05;17;79;41.37;41.37;
2026;05;17;80;65.43;65.43;
2026;05;17;81;72.50;72.50;
2026;05;17;82;80.10;86.76;
2026;05;17;83;68.43;99.05;
2026;05;17;84;94.03;114.89;
2026;05;17;85;94.03;113.00;
2026;05;17;86;100.00;115.00;
2026;05;17;87;102.85;117.56;
2026;05;17;88;101.02;114.74;
2026;05;17;89;105.00;118.51;
2026;05;17;90;104.00;117.04;
2026;05;17;91;105.67;118.24;
2026;05;17;92;101.35;116.53;
2026;05;17;93;71.24;113.98;
2026;05;17;94;93.00;108.00;
2026;05;17;95;91.94;110.05;
2026;05;17;96;83.75;92.40;
*
