MARGINALPIBC;
2026;03;15;1;-0.63;-.63;
2026;03;15;2;-0.49;-.49;
2026;03;15;3;0.01;.01;
2026;03;15;4;0.00;.00;
2026;03;15;5;0.00;.00;
2026;03;15;6;0.00;.00;
2026;03;15;7;0.00;.00;
2026;03;15;8;0.00;.00;
2026;03;15;9;1.00;1.00;
2026;03;15;10;1.00;1.00;
2026;03;15;11;1.00;1.00;
2026;03;15;12;3.53;3.53;
2026;03;15;13;2.00;2.00;
2026;03;15;14;1.72;1.72;
2026;03;15;15;0.00;.00;
2026;03;15;16;0.00;.00;
2026;03;15;17;0.00;.00;
2026;03;15;18;-0.81;-.81;
2026;03;15;19;-0.99;-.99;
2026;03;15;20;-0.99;-.99;
2026;03;15;21;-0.99;-.99;
2026;03;15;22;-0.99;-.99;
2026;03;15;23;-0.99;-.99;
2026;03;15;24;-0.92;-.92;
2026;03;15;25;-0.09;-.09;
2026;03;15;26;0.00;.00;
2026;03;15;27;0.99;.99;
2026;03;15;28;0.00;.00;
2026;03;15;29;0.00;.00;
2026;03;15;30;0.00;.00;
2026;03;15;31;-0.81;-.81;
2026;03;15;32;-0.99;-.99;
2026;03;15;33;-0.99;-.99;
2026;03;15;34;-0.92;-.92;
2026;03;15;35;-1.01;-1.01;
2026;03;15;36;-6.49;-6.49;
2026;03;15;37;-2.10;-2.10;
2026;03;15;38;-6.00;-6.00;
2026;03;15;39;-1.43;-1.43;
2026;03;15;40;-7.00;-7.00;
2026;03;15;41;-3.81;-3.81;
2026;03;15;42;-2.71;-2.71;
2026;03;15;43;-6.13;-6.13;
2026;03;15;44;-12.00;-14.00;
2026;03;15;45;-5.10;-5.10;
2026;03;15;46;-6.13;-6.13;
2026;03;15;47;-10.00;-10.00;
2026;03;15;48;-10.00;-10.00;
2026;03;15;49;-8.10;-8.10;
2026;03;15;50;-10.00;-10.00;
2026;03;15;51;-10.00;-10.82;
2026;03;15;52;-8.10;-9.60;
2026;03;15;53;-8.10;-14.00;
2026;03;15;54;-8.10;-13.53;
2026;03;15;55;-8.10;-14.00;
2026;03;15;56;-10.00;-14.00;
2026;03;15;57;-8.10;-14.00;
2026;03;15;58;-10.00;-14.00;
2026;03;15;59;-12.20;-14.00;
2026;03;15;60;-14.00;-14.00;
2026;03;15;61;-8.10;-14.00;
2026;03;15;62;-8.10;-14.00;
2026;03;15;63;-8.10;-14.00;
2026;03;15;64;-8.10;-14.00;
2026;03;15;65;-8.10;-14.00;
2026;03;15;66;-8.10;-14.00;
2026;03;15;67;-12.10;-12.10;
2026;03;15;68;-8.10;-8.10;
2026;03;15;69;-6.13;-6.13;
2026;03;15;70;-5.01;-5.01;
2026;03;15;71;-3.69;-3.69;
2026;03;15;72;-1.71;-1.71;
2026;03;15;73;-0.01;-.01;
2026;03;15;74;-0.99;-.99;
2026;03;15;75;0.00;.00;
2026;03;15;76;9.62;9.62;
2026;03;15;77;2.60;2.60;
2026;03;15;78;12.50;12.50;
2026;03;15;79;22.11;22.11;
2026;03;15;80;24.10;24.10;
2026;03;15;81;25.77;25.77;
2026;03;15;82;29.00;29.00;
2026;03;15;83;29.50;29.50;
2026;03;15;84;29.77;29.77;
2026;03;15;85;30.77;30.77;
2026;03;15;86;30.77;30.77;
2026;03;15;87;31.77;31.77;
2026;03;15;88;30.77;30.77;
2026;03;15;89;30.77;30.77;
2026;03;15;90;30.00;30.00;
2026;03;15;91;30.00;30.00;
2026;03;15;92;25.33;25.33;
2026;03;15;93;23.16;23.16;
2026;03;15;94;21.91;21.91;
2026;03;15;95;20.58;20.58;
2026;03;15;96;15.23;15.23;
*
