MARGINALPIBC;
2026;04;17;1;102.53;102.53;
2026;04;17;2;103.41;103.41;
2026;04;17;3;102.61;102.61;
2026;04;17;4;101.70;101.70;
2026;04;17;5;101.42;101.42;
2026;04;17;6;101.77;101.77;
2026;04;17;7;101.95;101.95;
2026;04;17;8;102.77;102.77;
2026;04;17;9;101.49;101.49;
2026;04;17;10;104.27;104.27;
2026;04;17;11;105.13;105.13;
2026;04;17;12;103.93;103.93;
2026;04;17;13;102.86;102.86;
2026;04;17;14;101.42;101.42;
2026;04;17;15;101.77;101.77;
2026;04;17;16;101.85;101.85;
2026;04;17;17;101.42;101.42;
2026;04;17;18;101.37;101.37;
2026;04;17;19;101.35;101.35;
2026;04;17;20;101.06;101.06;
2026;04;17;21;100.92;100.92;
2026;04;17;22;100.92;100.92;
2026;04;17;23;100.04;100.04;
2026;04;17;24;99.23;99.23;
2026;04;17;25;100.00;100.00;
2026;04;17;26;99.00;99.00;
2026;04;17;27;101.66;101.66;
2026;04;17;28;104.31;104.31;
2026;04;17;29;104.37;104.37;
2026;04;17;30;105.19;105.19;
2026;04;17;31;105.78;105.78;
2026;04;17;32;105.78;105.78;
2026;04;17;33;132.20;132.20;
2026;04;17;34;110.29;110.29;
2026;04;17;35;107.27;107.27;
2026;04;17;36;97.33;97.33;
2026;04;17;37;101.77;101.77;
2026;04;17;38;91.33;91.33;
2026;04;17;39;80.54;80.54;
2026;04;17;40;16.10;16.10;
2026;04;17;41;40.24;40.24;
2026;04;17;42;22.60;22.60;
2026;04;17;43;10.00;10.00;
2026;04;17;44;5.40;5.40;
2026;04;17;45;3.08;3.08;
2026;04;17;46;7.98;7.98;
2026;04;17;47;2.00;1.50;
2026;04;17;48;2.00;.84;
2026;04;17;49;3.08;3.08;
2026;04;17;50;5.11;5.11;
2026;04;17;51;3.08;3.08;
2026;04;17;52;2.00;2.00;
2026;04;17;53;1.75;.84;
2026;04;17;54;0.84;.84;
2026;04;17;55;0.00;-.50;
2026;04;17;56;0.00;-2.00;
2026;04;17;57;0.00;.00;
2026;04;17;58;0.00;.00;
2026;04;17;59;0.00;-.81;
2026;04;17;60;0.00;-1.00;
2026;04;17;61;0.00;-1.25;
2026;04;17;62;0.00;-2.17;
2026;04;17;63;0.00;-2.50;
2026;04;17;64;0.00;-3.50;
2026;04;17;65;0.00;-5.50;
2026;04;17;66;0.00;-3.01;
2026;04;17;67;0.00;-2.76;
2026;04;17;68;0.15;.00;
2026;04;17;69;0.84;.84;
2026;04;17;70;0.84;.84;
2026;04;17;71;5.11;5.11;
2026;04;17;72;3.08;3.08;
2026;04;17;73;16.39;16.39;
2026;04;17;74;37.25;37.25;
2026;04;17;75;47.51;47.51;
2026;04;17;76;60.29;60.29;
2026;04;17;77;60.00;60.00;
2026;04;17;78;61.86;61.86;
2026;04;17;79;85.91;85.91;
2026;04;17;80;101.66;101.66;
2026;04;17;81;100.04;100.04;
2026;04;17;82;107.77;107.77;
2026;04;17;83;110.10;110.10;
2026;04;17;84;125.18;125.18;
2026;04;17;85;123.63;123.63;
2026;04;17;86;123.63;123.63;
2026;04;17;87;114.70;114.70;
2026;04;17;88;108.05;108.05;
2026;04;17;89;107.51;107.51;
2026;04;17;90;106.77;106.77;
2026;04;17;91;110.01;110.01;
2026;04;17;92;109.50;109.50;
2026;04;17;93;103.48;103.48;
2026;04;17;94;103.00;103.00;
2026;04;17;95;103.00;103.00;
2026;04;17;96;98.63;98.63;
*
