MARGINALPIBC;
2026;04;11;1;91.00;91.00;
2026;04;11;2;84.00;84.00;
2026;04;11;3;85.55;85.55;
2026;04;11;4;72.77;72.77;
2026;04;11;5;71.48;71.48;
2026;04;11;6;70.21;70.21;
2026;04;11;7;66.45;66.45;
2026;04;11;8;61.00;61.00;
2026;04;11;9;67.90;67.90;
2026;04;11;10;65.55;65.55;
2026;04;11;11;61.17;61.17;
2026;04;11;12;60.26;60.26;
2026;04;11;13;64.45;64.45;
2026;04;11;14;64.45;64.45;
2026;04;11;15;60.00;60.00;
2026;04;11;16;55.55;55.55;
2026;04;11;17;59.57;59.57;
2026;04;11;18;55.55;55.55;
2026;04;11;19;57.00;57.00;
2026;04;11;20;55.55;55.55;
2026;04;11;21;56.20;56.20;
2026;04;11;22;56.00;56.00;
2026;04;11;23;56.00;56.00;
2026;04;11;24;56.00;56.00;
2026;04;11;25;61.46;61.46;
2026;04;11;26;63.30;63.30;
2026;04;11;27;60.68;60.68;
2026;04;11;28;63.02;63.02;
2026;04;11;29;62.78;62.78;
2026;04;11;30;62.42;62.42;
2026;04;11;31;64.02;64.02;
2026;04;11;32;61.11;61.11;
2026;04;11;33;58.35;58.35;
2026;04;11;34;57.40;57.40;
2026;04;11;35;49.26;49.26;
2026;04;11;36;48.78;48.78;
2026;04;11;37;57.60;57.60;
2026;04;11;38;51.11;51.11;
2026;04;11;39;46.57;46.57;
2026;04;11;40;39.80;39.80;
2026;04;11;41;38.85;38.85;
2026;04;11;42;30.50;30.50;
2026;04;11;43;21.44;21.44;
2026;04;11;44;15.91;15.91;
2026;04;11;45;13.58;13.58;
2026;04;11;46;5.59;5.59;
2026;04;11;47;3.50;3.50;
2026;04;11;48;3.08;3.08;
2026;04;11;49;2.00;2.00;
2026;04;11;50;2.55;.84;
2026;04;11;51;2.55;.84;
2026;04;11;52;2.55;.84;
2026;04;11;53;2.65;.84;
2026;04;11;54;2.65;.84;
2026;04;11;55;2.44;.84;
2026;04;11;56;2.03;.84;
2026;04;11;57;2.00;.00;
2026;04;11;58;1.86;.84;
2026;04;11;59;1.74;.00;
2026;04;11;60;0.19;.00;
2026;04;11;61;1.67;-.07;
2026;04;11;62;1.66;-.50;
2026;04;11;63;0.79;-.50;
2026;04;11;64;0.55;-.50;
2026;04;11;65;0.00;-.81;
2026;04;11;66;0.00;-.81;
2026;04;11;67;0.01;-.07;
2026;04;11;68;1.00;.84;
2026;04;11;69;1.85;-.07;
2026;04;11;70;2.00;.50;
2026;04;11;71;2.00;.84;
2026;04;11;72;2.55;1.00;
2026;04;11;73;3.08;3.08;
2026;04;11;74;5.41;5.41;
2026;04;11;75;5.59;5.59;
2026;04;11;76;14.00;14.00;
2026;04;11;77;25.71;25.71;
2026;04;11;78;40.12;40.12;
2026;04;11;79;43.29;43.29;
2026;04;11;80;48.52;48.52;
2026;04;11;81;34.37;34.37;
2026;04;11;82;45.00;45.00;
2026;04;11;83;49.82;49.82;
2026;04;11;84;41.11;52.12;
2026;04;11;85;34.21;54.26;
2026;04;11;86;35.74;53.53;
2026;04;11;87;34.69;50.04;
2026;04;11;88;33.76;45.96;
2026;04;11;89;33.28;48.30;
2026;04;11;90;41.88;41.88;
2026;04;11;91;33.73;51.36;
2026;04;11;92;41.11;41.11;
2026;04;11;93;36.30;36.30;
2026;04;11;94;28.07;28.07;
2026;04;11;95;40.43;40.43;
2026;04;11;96;26.27;26.27;
*
