MARGINALPIBC;
2026;04;08;1;87.17;87.17;
2026;04;08;2;85.00;85.00;
2026;04;08;3;62.47;62.47;
2026;04;08;4;54.50;54.50;
2026;04;08;5;61.00;61.00;
2026;04;08;6;60.49;60.49;
2026;04;08;7;57.40;57.40;
2026;04;08;8;55.91;55.91;
2026;04;08;9;69.78;69.78;
2026;04;08;10;58.22;58.22;
2026;04;08;11;54.00;54.00;
2026;04;08;12;50.00;50.00;
2026;04;08;13;56.90;56.90;
2026;04;08;14;54.83;54.83;
2026;04;08;15;48.27;48.27;
2026;04;08;16;42.76;42.76;
2026;04;08;17;43.40;43.40;
2026;04;08;18;46.86;46.86;
2026;04;08;19;50.00;50.00;
2026;04;08;20;50.00;50.00;
2026;04;08;21;50.24;50.24;
2026;04;08;22;51.16;51.16;
2026;04;08;23;50.34;50.34;
2026;04;08;24;63.08;63.08;
2026;04;08;25;52.10;52.10;
2026;04;08;26;62.91;62.91;
2026;04;08;27;70.92;70.92;
2026;04;08;28;75.84;75.84;
2026;04;08;29;49.51;67.58;
2026;04;08;30;61.52;83.14;
2026;04;08;31;75.50;96.78;
2026;04;08;32;80.00;102.30;
2026;04;08;33;83.91;105.48;
2026;04;08;34;83.91;111.21;
2026;04;08;35;76.34;86.99;
2026;04;08;36;54.78;54.78;
2026;04;08;37;59.51;59.51;
2026;04;08;38;68.40;68.40;
2026;04;08;39;53.51;53.51;
2026;04;08;40;30.00;30.00;
2026;04;08;41;37.54;37.54;
2026;04;08;42;20.00;20.00;
2026;04;08;43;21.94;21.94;
2026;04;08;44;20.00;20.00;
2026;04;08;45;25.00;25.00;
2026;04;08;46;20.18;20.18;
2026;04;08;47;16.14;16.14;
2026;04;08;48;15.00;15.00;
2026;04;08;49;18.50;18.50;
2026;04;08;50;18.95;18.95;
2026;04;08;51;14.30;14.30;
2026;04;08;52;12.17;12.17;
2026;04;08;53;9.89;9.89;
2026;04;08;54;8.41;8.41;
2026;04;08;55;5.41;5.41;
2026;04;08;56;5.41;5.41;
2026;04;08;57;3.39;3.39;
2026;04;08;58;2.55;2.09;
2026;04;08;59;6.01;.51;
2026;04;08;60;8.00;-.07;
2026;04;08;61;7.20;.61;
2026;04;08;62;7.09;.00;
2026;04;08;63;7.09;.00;
2026;04;08;64;7.09;.00;
2026;04;08;65;7.00;2.09;
2026;04;08;66;9.49;2.49;
2026;04;08;67;8.01;5.41;
2026;04;08;68;10.41;10.41;
2026;04;08;69;10.41;10.41;
2026;04;08;70;12.28;12.28;
2026;04;08;71;15.13;15.13;
2026;04;08;72;20.00;20.00;
2026;04;08;73;21.51;21.51;
2026;04;08;74;15.00;15.00;
2026;04;08;75;38.70;38.70;
2026;04;08;76;40.49;40.49;
2026;04;08;77;29.55;29.55;
2026;04;08;78;37.54;37.54;
2026;04;08;79;69.51;85.27;
2026;04;08;80;71.01;97.47;
2026;04;08;81;69.51;100.76;
2026;04;08;82;71.01;114.14;
2026;04;08;83;89.15;130.23;
2026;04;08;84;105.95;125.04;
2026;04;08;85;115.00;148.81;
2026;04;08;86;121.80;121.80;
2026;04;08;87;110.18;110.18;
2026;04;08;88;98.11;98.11;
2026;04;08;89;101.66;101.66;
2026;04;08;90;100.99;100.99;
2026;04;08;91;102.85;102.85;
2026;04;08;92;93.02;93.02;
2026;04;08;93;73.02;97.53;
2026;04;08;94;91.50;91.50;
2026;04;08;95;89.95;89.95;
2026;04;08;96;76.62;76.62;
*
