MARGINALPIBC;
2026;06;01;1;100.60;100.60;
2026;06;01;2;84.48;84.48;
2026;06;01;3;72.66;72.66;
2026;06;01;4;71.27;71.27;
2026;06;01;5;69.99;69.99;
2026;06;01;6;63.66;63.66;
2026;06;01;7;63.66;63.66;
2026;06;01;8;63.66;63.66;
2026;06;01;9;70.00;70.00;
2026;06;01;10;70.00;70.00;
2026;06;01;11;70.00;70.00;
2026;06;01;12;70.00;70.00;
2026;06;01;13;70.00;70.00;
2026;06;01;14;69.99;69.99;
2026;06;01;15;63.66;63.66;
2026;06;01;16;70.00;70.00;
2026;06;01;17;64.76;64.76;
2026;06;01;18;69.99;69.99;
2026;06;01;19;66.18;66.18;
2026;06;01;20;67.74;67.74;
2026;06;01;21;66.27;66.27;
2026;06;01;22;65.76;65.76;
2026;06;01;23;67.57;67.57;
2026;06;01;24;71.42;71.42;
2026;06;01;25;77.01;77.01;
2026;06;01;26;75.01;75.01;
2026;06;01;27;90.00;90.00;
2026;06;01;28;93.87;93.87;
2026;06;01;29;109.91;109.91;
2026;06;01;30;113.17;113.17;
2026;06;01;31;108.32;108.32;
2026;06;01;32;98.92;98.92;
2026;06;01;33;134.01;134.01;
2026;06;01;34;115.22;115.22;
2026;06;01;35;100.38;100.38;
2026;06;01;36;88.55;88.55;
2026;06;01;37;74.96;74.96;
2026;06;01;38;27.10;27.10;
2026;06;01;39;18.01;18.01;
2026;06;01;40;17.01;17.01;
2026;06;01;41;29.57;29.57;
2026;06;01;42;26.51;26.51;
2026;06;01;43;19.13;19.13;
2026;06;01;44;18.07;18.07;
2026;06;01;45;36.97;36.97;
2026;06;01;46;23.06;23.06;
2026;06;01;47;27.69;27.69;
2026;06;01;48;26.01;26.01;
2026;06;01;49;42.00;42.00;
2026;06;01;50;33.00;33.00;
2026;06;01;51;39.60;39.60;
2026;06;01;52;25.40;25.40;
2026;06;01;53;22.00;22.00;
2026;06;01;54;26.89;26.89;
2026;06;01;55;18.00;18.00;
2026;06;01;56;20.00;20.00;
2026;06;01;57;18.16;18.16;
2026;06;01;58;15.35;15.35;
2026;06;01;59;17.95;17.95;
2026;06;01;60;16.51;16.51;
2026;06;01;61;12.77;12.77;
2026;06;01;62;15.52;15.52;
2026;06;01;63;11.71;11.71;
2026;06;01;64;12.80;12.80;
2026;06;01;65;13.24;13.24;
2026;06;01;66;13.62;13.62;
2026;06;01;67;14.71;14.71;
2026;06;01;68;19.59;19.59;
2026;06;01;69;20.99;20.99;
2026;06;01;70;30.01;30.01;
2026;06;01;71;38.99;38.99;
2026;06;01;72;39.89;39.89;
2026;06;01;73;40.11;40.11;
2026;06;01;74;50.24;50.24;
2026;06;01;75;51.00;51.00;
2026;06;01;76;62.50;62.50;
2026;06;01;77;55.57;55.57;
2026;06;01;78;89.01;89.01;
2026;06;01;79;95.00;95.00;
2026;06;01;80;112.18;112.18;
2026;06;01;81;100.00;100.00;
2026;06;01;82;105.58;105.58;
2026;06;01;83;123.00;123.00;
2026;06;01;84;132.01;132.01;
2026;06;01;85;131.67;131.67;
2026;06;01;86;136.59;136.59;
2026;06;01;87;143.23;143.23;
2026;06;01;88;130.01;130.01;
2026;06;01;89;142.43;142.43;
2026;06;01;90;130.01;130.01;
2026;06;01;91;136.68;136.68;
2026;06;01;92;124.90;124.90;
2026;06;01;93;119.90;119.90;
2026;06;01;94;117.07;117.07;
2026;06;01;95;129.46;129.46;
2026;06;01;96;116.80;116.80;
*
