MARGINALPIBC;
2026;02;26;1;23.97;28.97;
2026;02;26;2;19.94;35.61;
2026;02;26;3;16.78;26.72;
2026;02;26;4;14.34;15.18;
2026;02;26;5;29.82;34.67;
2026;02;26;6;30.10;30.10;
2026;02;26;7;27.00;30.34;
2026;02;26;8;25.55;30.10;
2026;02;26;9;32.00;32.00;
2026;02;26;10;29.07;29.07;
2026;02;26;11;25.00;25.00;
2026;02;26;12;23.78;23.78;
2026;02;26;13;27.88;27.88;
2026;02;26;14;26.66;26.66;
2026;02;26;15;21.80;21.80;
2026;02;26;16;21.07;21.07;
2026;02;26;17;21.62;21.62;
2026;02;26;18;21.62;21.62;
2026;02;26;19;25.80;25.80;
2026;02;26;20;29.01;29.01;
2026;02;26;21;29.20;29.20;
2026;02;26;22;29.20;29.20;
2026;02;26;23;29.20;29.20;
2026;02;26;24;28.19;28.19;
2026;02;26;25;5.55;5.55;
2026;02;26;26;15.20;15.20;
2026;02;26;27;19.00;19.00;
2026;02;26;28;24.47;25.47;
2026;02;26;29;39.61;42.91;
2026;02;26;30;5.55;74.11;
2026;02;26;31;5.55;80.86;
2026;02;26;32;73.00;81.19;
2026;02;26;33;73.00;83.00;
2026;02;26;34;55.90;70.65;
2026;02;26;35;49.19;49.19;
2026;02;26;36;19.42;19.42;
2026;02;26;37;30.82;30.82;
2026;02;26;38;50.60;50.60;
2026;02;26;39;37.00;37.00;
2026;02;26;40;15.91;15.91;
2026;02;26;41;27.88;27.88;
2026;02;26;42;7.77;3.78;
2026;02;26;43;5.53;1.98;
2026;02;26;44;5.20;.61;
2026;02;26;45;3.11;.02;
2026;02;26;46;3.11;.00;
2026;02;26;47;2.76;.00;
2026;02;26;48;2.33;.00;
2026;02;26;49;2.00;-.81;
2026;02;26;50;2.00;-.81;
2026;02;26;51;2.00;-2.10;
2026;02;26;52;2.00;-2.10;
2026;02;26;53;2.00;-.81;
2026;02;26;54;1.75;-.81;
2026;02;26;55;1.44;-1.09;
2026;02;26;56;1.44;-2.00;
2026;02;26;57;1.44;-9.58;
2026;02;26;58;1.44;-10.00;
2026;02;26;59;1.44;-10.42;
2026;02;26;60;1.44;-10.00;
2026;02;26;61;1.44;-.81;
2026;02;26;62;1.46;-1.60;
2026;02;26;63;1.75;-2.10;
2026;02;26;64;2.00;-.81;
2026;02;26;65;2.00;.00;
2026;02;26;66;2.00;.00;
2026;02;26;67;2.33;.00;
2026;02;26;68;3.11;.00;
2026;02;26;69;5.55;3.00;
2026;02;26;70;5.00;5.00;
2026;02;26;71;7.33;7.33;
2026;02;26;72;16.12;16.12;
2026;02;26;73;3.90;3.90;
2026;02;26;74;11.56;11.56;
2026;02;26;75;0.89;40.10;
2026;02;26;76;0.89;78.82;
2026;02;26;77;0.89;81.97;
2026;02;26;78;0.89;91.64;
2026;02;26;79;5.00;84.03;
2026;02;26;80;71.54;77.89;
2026;02;26;81;0.89;75.87;
2026;02;26;82;0.89;82.93;
2026;02;26;83;0.89;85.00;
2026;02;26;84;0.89;71.53;
2026;02;26;85;0.89;60.01;
2026;02;26;86;0.89;46.59;
2026;02;26;87;0.89;60.00;
2026;02;26;88;15.00;15.00;
2026;02;26;89;21.76;32.25;
2026;02;26;90;7.04;7.04;
2026;02;26;91;4.99;4.99;
2026;02;26;92;5.00;5.00;
2026;02;26;93;20.30;20.30;
2026;02;26;94;9.59;9.59;
2026;02;26;95;18.56;18.56;
2026;02;26;96;1.41;1.41;
*
