MARGINALPIBC;
2026;05;19;1;116.04;116.04;
2026;05;19;2;114.29;114.29;
2026;05;19;3;107.69;107.69;
2026;05;19;4;104.23;104.23;
2026;05;19;5;107.37;107.37;
2026;05;19;6;81.17;81.17;
2026;05;19;7;80.17;80.17;
2026;05;19;8;61.01;61.01;
2026;05;19;9;101.20;101.20;
2026;05;19;10;78.36;78.36;
2026;05;19;11;78.36;78.36;
2026;05;19;12;65.39;65.39;
2026;05;19;13;78.36;78.36;
2026;05;19;14;75.80;75.80;
2026;05;19;15;71.04;71.04;
2026;05;19;16;54.77;54.77;
2026;05;19;17;55.28;55.28;
2026;05;19;18;50.95;50.95;
2026;05;19;19;52.69;52.69;
2026;05;19;20;50.24;50.24;
2026;05;19;21;56.44;56.44;
2026;05;19;22;64.90;64.90;
2026;05;19;23;50.00;50.00;
2026;05;19;24;64.58;64.58;
2026;05;19;25;50.00;50.00;
2026;05;19;26;52.99;52.99;
2026;05;19;27;65.35;65.35;
2026;05;19;28;75.13;75.13;
2026;05;19;29;83.41;83.41;
2026;05;19;30;95.60;95.60;
2026;05;19;31;69.50;69.50;
2026;05;19;32;50.00;50.00;
2026;05;19;33;85.24;85.24;
2026;05;19;34;74.00;74.00;
2026;05;19;35;53.91;53.91;
2026;05;19;36;13.47;13.47;
2026;05;19;37;30.25;30.25;
2026;05;19;38;29.94;29.94;
2026;05;19;39;25.00;25.00;
2026;05;19;40;27.01;1.20;
2026;05;19;41;50.00;50.00;
2026;05;19;42;45.48;45.48;
2026;05;19;43;27.01;20.80;
2026;05;19;44;27.01;5.00;
2026;05;19;45;27.00;11.34;
2026;05;19;46;26.75;4.34;
2026;05;19;47;20.33;1.67;
2026;05;19;48;21.56;.84;
2026;05;19;49;6.23;.84;
2026;05;19;50;6.23;.84;
2026;05;19;51;6.23;.84;
2026;05;19;52;6.21;-.07;
2026;05;19;53;6.21;-5.00;
2026;05;19;54;5.00;-6.99;
2026;05;19;55;5.46;-3.00;
2026;05;19;56;5.46;-4.24;
2026;05;19;57;5.46;-5.00;
2026;05;19;58;5.46;-4.99;
2026;05;19;59;3.00;-7.00;
2026;05;19;60;3.00;-10.82;
2026;05;19;61;2.32;-16.10;
2026;05;19;62;3.00;-17.23;
2026;05;19;63;3.00;-20.00;
2026;05;19;64;3.00;-20.00;
2026;05;19;65;1.00;-20.00;
2026;05;19;66;1.50;-20.00;
2026;05;19;67;1.50;-17.23;
2026;05;19;68;1.75;-15.00;
2026;05;19;69;1.75;-16.10;
2026;05;19;70;1.75;-13.04;
2026;05;19;71;2.32;-7.76;
2026;05;19;72;5.10;-4.91;
2026;05;19;73;5.84;-8.30;
2026;05;19;74;6.81;-.98;
2026;05;19;75;0.06;.06;
2026;05;19;76;4.51;4.51;
2026;05;19;77;12.91;12.91;
2026;05;19;78;24.41;24.41;
2026;05;19;79;41.28;41.28;
2026;05;19;80;53.12;53.12;
2026;05;19;81;34.51;34.51;
2026;05;19;82;58.87;58.87;
2026;05;19;83;81.98;81.98;
2026;05;19;84;96.64;96.64;
2026;05;19;85;97.29;97.29;
2026;05;19;86;108.55;108.55;
2026;05;19;87;108.05;108.05;
2026;05;19;88;106.04;106.04;
2026;05;19;89;108.54;108.54;
2026;05;19;90;103.04;103.04;
2026;05;19;91;106.30;106.30;
2026;05;19;92;106.30;106.30;
2026;05;19;93;105.00;105.00;
2026;05;19;94;102.07;102.07;
2026;05;19;95;101.25;101.25;
2026;05;19;96;90.66;90.66;
*
