MARGINALPIBC;
2026;02;15;1;14.00;14.00;
2026;02;15;2;5.37;5.37;
2026;02;15;3;1.53;1.53;
2026;02;15;4;1.53;1.89;
2026;02;15;5;1.53;1.53;
2026;02;15;6;2.00;2.00;
2026;02;15;7;1.98;1.98;
2026;02;15;8;1.53;1.53;
2026;02;15;9;1.53;1.53;
2026;02;15;10;1.53;1.53;
2026;02;15;11;1.53;1.53;
2026;02;15;12;1.00;1.00;
2026;02;15;13;0.57;.57;
2026;02;15;14;0.57;.57;
2026;02;15;15;0.41;.41;
2026;02;15;16;0.41;.41;
2026;02;15;17;0.41;.41;
2026;02;15;18;0.41;.41;
2026;02;15;19;0.41;.41;
2026;02;15;20;0.41;.41;
2026;02;15;21;0.41;.41;
2026;02;15;22;0.41;.41;
2026;02;15;23;0.41;.41;
2026;02;15;24;0.57;.57;
2026;02;15;25;0.41;.41;
2026;02;15;26;0.41;.41;
2026;02;15;27;0.57;.57;
2026;02;15;28;0.41;.41;
2026;02;15;29;0.41;.41;
2026;02;15;30;0.57;.57;
2026;02;15;31;0.99;.99;
2026;02;15;32;0.41;.41;
2026;02;15;33;0.99;.99;
2026;02;15;34;0.57;.57;
2026;02;15;35;0.41;.41;
2026;02;15;36;0.00;.00;
2026;02;15;37;0.00;.00;
2026;02;15;38;-0.42;-.42;
2026;02;15;39;-0.54;-.54;
2026;02;15;40;-0.81;-.81;
2026;02;15;41;-0.81;-.81;
2026;02;15;42;-0.81;-.81;
2026;02;15;43;-0.54;-.54;
2026;02;15;44;-0.81;-.81;
2026;02;15;45;0.00;-.81;
2026;02;15;46;0.00;-.81;
2026;02;15;47;0.00;-.81;
2026;02;15;48;0.00;-.81;
2026;02;15;49;-1.75;-2.10;
2026;02;15;50;-2.10;-2.10;
2026;02;15;51;-2.10;-2.10;
2026;02;15;52;-2.10;-2.10;
2026;02;15;53;-2.10;-2.10;
2026;02;15;54;-2.10;-2.10;
2026;02;15;55;-2.10;-2.10;
2026;02;15;56;-2.10;-2.10;
2026;02;15;57;-2.10;-2.10;
2026;02;15;58;-2.10;-2.10;
2026;02;15;59;-2.10;-2.10;
2026;02;15;60;-2.10;-2.10;
2026;02;15;61;-2.26;-2.26;
2026;02;15;62;-2.26;-2.26;
2026;02;15;63;-2.10;-2.10;
2026;02;15;64;-2.10;-2.10;
2026;02;15;65;-2.10;-2.10;
2026;02;15;66;-0.81;-.81;
2026;02;15;67;-0.81;-.81;
2026;02;15;68;-0.81;-.81;
2026;02;15;69;-0.81;-.81;
2026;02;15;70;-0.27;-.27;
2026;02;15;71;-0.14;-.14;
2026;02;15;72;0.00;.00;
2026;02;15;73;-10.14;.77;
2026;02;15;74;-10.14;3.78;
2026;02;15;75;0.08;3.78;
2026;02;15;76;0.08;14.00;
2026;02;15;77;0.08;14.00;
2026;02;15;78;0.35;22.24;
2026;02;15;79;0.08;20.20;
2026;02;15;80;0.08;20.77;
2026;02;15;81;0.08;18.44;
2026;02;15;82;0.08;17.59;
2026;02;15;83;1.10;14.00;
2026;02;15;84;0.08;14.00;
2026;02;15;85;0.08;14.00;
2026;02;15;86;0.08;14.00;
2026;02;15;87;0.08;15.45;
2026;02;15;88;0.08;12.01;
2026;02;15;89;0.08;12.00;
2026;02;15;90;0.08;10.00;
2026;02;15;91;0.08;9.22;
2026;02;15;92;0.08;3.28;
2026;02;15;93;-5.00;3.50;
2026;02;15;94;0.30;.77;
2026;02;15;95;0.57;.83;
2026;02;15;96;0.09;.09;
*
