MARGINALPIBC;
2026;05;14;1;73.01;73.01;
2026;05;14;2;60.42;60.42;
2026;05;14;3;52.56;52.56;
2026;05;14;4;49.00;49.00;
2026;05;14;5;65.01;65.01;
2026;05;14;6;60.42;60.42;
2026;05;14;7;58.68;58.68;
2026;05;14;8;50.42;50.42;
2026;05;14;9;60.42;60.42;
2026;05;14;10;50.42;50.42;
2026;05;14;11;48.56;48.56;
2026;05;14;12;45.92;45.92;
2026;05;14;13;46.72;46.72;
2026;05;14;14;45.00;45.00;
2026;05;14;15;44.87;44.87;
2026;05;14;16;44.87;44.87;
2026;05;14;17;32.00;32.00;
2026;05;14;18;35.83;35.83;
2026;05;14;19;40.00;40.00;
2026;05;14;20;40.56;40.56;
2026;05;14;21;40.56;40.56;
2026;05;14;22;40.56;40.56;
2026;05;14;23;40.56;40.56;
2026;05;14;24;50.42;50.42;
2026;05;14;25;53.20;53.20;
2026;05;14;26;60.42;60.42;
2026;05;14;27;73.01;73.01;
2026;05;14;28;83.01;83.01;
2026;05;14;29;101.51;101.51;
2026;05;14;30;87.00;87.00;
2026;05;14;31;97.99;97.99;
2026;05;14;32;91.47;91.47;
2026;05;14;33;108.38;108.38;
2026;05;14;34;103.98;103.98;
2026;05;14;35;81.78;81.78;
2026;05;14;36;50.00;50.00;
2026;05;14;37;40.48;40.48;
2026;05;14;38;24.11;24.11;
2026;05;14;39;15.01;15.01;
2026;05;14;40;11.10;1.20;
2026;05;14;41;14.10;14.10;
2026;05;14;42;7.01;7.01;
2026;05;14;43;5.41;5.41;
2026;05;14;44;3.08;3.08;
2026;05;14;45;5.41;5.41;
2026;05;14;46;5.41;5.41;
2026;05;14;47;5.00;5.00;
2026;05;14;48;5.41;5.41;
2026;05;14;49;8.24;8.24;
2026;05;14;50;5.70;5.70;
2026;05;14;51;5.41;5.41;
2026;05;14;52;5.41;5.41;
2026;05;14;53;3.08;3.08;
2026;05;14;54;3.82;3.82;
2026;05;14;55;2.09;2.09;
2026;05;14;56;1.25;1.25;
2026;05;14;57;5.01;1.55;
2026;05;14;58;3.00;1.00;
2026;05;14;59;2.00;.84;
2026;05;14;60;2.00;.84;
2026;05;14;61;0.10;-3.99;
2026;05;14;62;0.15;-4.50;
2026;05;14;63;0.10;-5.50;
2026;05;14;64;0.15;-5.50;
2026;05;14;65;0.14;.00;
2026;05;14;66;0.14;.00;
2026;05;14;67;0.00;.00;
2026;05;14;68;0.00;-6.16;
2026;05;14;69;0.00;.00;
2026;05;14;70;0.00;-1.16;
2026;05;14;71;0.00;-.07;
2026;05;14;72;0.84;.84;
2026;05;14;73;3.08;3.08;
2026;05;14;74;3.08;3.08;
2026;05;14;75;3.08;3.08;
2026;05;14;76;5.41;5.41;
2026;05;14;77;6.00;6.00;
2026;05;14;78;20.95;20.95;
2026;05;14;79;22.01;22.01;
2026;05;14;80;50.24;50.24;
2026;05;14;81;59.35;59.35;
2026;05;14;82;88.60;88.60;
2026;05;14;83;89.69;89.69;
2026;05;14;84;98.00;98.00;
2026;05;14;85;99.61;99.61;
2026;05;14;86;103.04;103.04;
2026;05;14;87;105.88;105.88;
2026;05;14;88;99.47;99.47;
2026;05;14;89;104.20;104.20;
2026;05;14;90;99.10;99.10;
2026;05;14;91;99.68;105.50;
2026;05;14;92;98.00;98.00;
2026;05;14;93;98.00;98.00;
2026;05;14;94;94.47;94.47;
2026;05;14;95;92.62;92.62;
2026;05;14;96;88.10;88.10;
*
