MARGINALPIBC;
2026;05;28;1;121.15;121.15;
2026;05;28;2;121.24;121.24;
2026;05;28;3;116.20;116.20;
2026;05;28;4;116.20;116.20;
2026;05;28;5;115.34;115.34;
2026;05;28;6;113.81;113.81;
2026;05;28;7;113.61;113.61;
2026;05;28;8;109.70;109.70;
2026;05;28;9;110.76;110.76;
2026;05;28;10;111.65;111.65;
2026;05;28;11;112.84;112.84;
2026;05;28;12;113.85;113.85;
2026;05;28;13;115.72;115.72;
2026;05;28;14;115.72;115.72;
2026;05;28;15;115.72;115.72;
2026;05;28;16;115.72;115.72;
2026;05;28;17;111.35;111.35;
2026;05;28;18;110.91;110.91;
2026;05;28;19;111.74;111.74;
2026;05;28;20;112.27;112.27;
2026;05;28;21;108.60;108.60;
2026;05;28;22;110.88;110.88;
2026;05;28;23;112.75;112.75;
2026;05;28;24;113.85;113.85;
2026;05;28;25;115.77;115.77;
2026;05;28;26;122.02;122.02;
2026;05;28;27;121.70;121.70;
2026;05;28;28;128.10;128.10;
2026;05;28;29;123.67;123.67;
2026;05;28;30;124.99;124.99;
2026;05;28;31;118.28;118.28;
2026;05;28;32;107.26;107.26;
2026;05;28;33;121.00;121.00;
2026;05;28;34;116.12;116.12;
2026;05;28;35;106.12;106.12;
2026;05;28;36;82.85;82.85;
2026;05;28;37;105.96;105.96;
2026;05;28;38;67.75;67.75;
2026;05;28;39;50.00;50.00;
2026;05;28;40;26.57;26.57;
2026;05;28;41;50.16;50.16;
2026;05;28;42;36.90;36.90;
2026;05;28;43;16.33;16.33;
2026;05;28;44;11.24;11.24;
2026;05;28;45;11.94;11.94;
2026;05;28;46;9.43;1.28;
2026;05;28;47;6.15;.36;
2026;05;28;48;3.83;-.07;
2026;05;28;49;6.18;.11;
2026;05;28;50;3.83;.00;
2026;05;28;51;3.83;.00;
2026;05;28;52;3.83;-.07;
2026;05;28;53;3.84;-.07;
2026;05;28;54;2.24;-.07;
2026;05;28;55;2.23;-.07;
2026;05;28;56;2.23;-.07;
2026;05;28;57;2.23;-.07;
2026;05;28;58;2.23;-.07;
2026;05;28;59;2.00;-.07;
2026;05;28;60;3.85;.59;
2026;05;28;61;3.84;.01;
2026;05;28;62;3.84;2.54;
2026;05;28;63;7.28;7.28;
2026;05;28;64;11.45;11.45;
2026;05;28;65;15.43;15.43;
2026;05;28;66;18.24;18.24;
2026;05;28;67;26.49;26.49;
2026;05;28;68;28.30;28.30;
2026;05;28;69;28.65;28.65;
2026;05;28;70;31.52;31.52;
2026;05;28;71;40.40;40.40;
2026;05;28;72;49.65;49.65;
2026;05;28;73;49.50;49.50;
2026;05;28;74;66.33;66.33;
2026;05;28;75;73.28;73.28;
2026;05;28;76;75.81;75.81;
2026;05;28;77;85.81;85.81;
2026;05;28;78;87.30;87.30;
2026;05;28;79;100.54;100.54;
2026;05;28;80;106.46;106.46;
2026;05;28;81;93.51;93.51;
2026;05;28;82;105.91;105.91;
2026;05;28;83;114.60;114.60;
2026;05;28;84;140.41;140.41;
2026;05;28;85;140.53;140.53;
2026;05;28;86;154.13;154.13;
2026;05;28;87;165.71;165.71;
2026;05;28;88;150.03;150.03;
2026;05;28;89;167.98;167.98;
2026;05;28;90;143.60;143.60;
2026;05;28;91;151.49;151.49;
2026;05;28;92;134.90;134.90;
2026;05;28;93;141.68;141.68;
2026;05;28;94;125.82;125.82;
2026;05;28;95;124.69;124.69;
2026;05;28;96;122.93;122.93;
*
