MARGINALPIBC;
2026;07;04;1;127.16;127.16;
2026;07;04;2;123.96;123.96;
2026;07;04;3;121.11;121.11;
2026;07;04;4;119.68;119.68;
2026;07;04;5;119.40;119.40;
2026;07;04;6;115.40;115.40;
2026;07;04;7;114.09;114.09;
2026;07;04;8;108.90;108.90;
2026;07;04;9;109.15;109.15;
2026;07;04;10;104.98;104.98;
2026;07;04;11;84.73;84.73;
2026;07;04;12;81.30;81.30;
2026;07;04;13;76.84;76.84;
2026;07;04;14;76.84;76.84;
2026;07;04;15;77.19;77.19;
2026;07;04;16;77.19;77.19;
2026;07;04;17;77.19;77.19;
2026;07;04;18;76.54;76.54;
2026;07;04;19;76.54;76.54;
2026;07;04;20;76.24;76.24;
2026;07;04;21;78.14;78.14;
2026;07;04;22;78.14;78.14;
2026;07;04;23;78.14;78.14;
2026;07;04;24;76.54;76.54;
2026;07;04;25;76.54;76.54;
2026;07;04;26;76.66;76.66;
2026;07;04;27;82.83;82.83;
2026;07;04;28;70.53;70.53;
2026;07;04;29;94.13;94.13;
2026;07;04;30;80.44;80.44;
2026;07;04;31;90.00;90.00;
2026;07;04;32;76.26;76.26;
2026;07;04;33;64.68;64.68;
2026;07;04;34;23.52;23.52;
2026;07;04;35;16.58;16.58;
2026;07;04;36;3.43;3.43;
2026;07;04;37;0.17;.17;
2026;07;04;38;-0.67;-.67;
2026;07;04;39;0.00;-.67;
2026;07;04;40;0.00;.00;
2026;07;04;41;0.00;.00;
2026;07;04;42;-0.44;-.44;
2026;07;04;43;-2.00;-2.00;
2026;07;04;44;-5.00;-5.00;
2026;07;04;45;0.00;.00;
2026;07;04;46;0.10;.10;
2026;07;04;47;0.00;.00;
2026;07;04;48;0.00;.00;
2026;07;04;49;0.17;.17;
2026;07;04;50;0.17;.17;
2026;07;04;51;0.17;.17;
2026;07;04;52;0.39;.39;
2026;07;04;53;1.00;1.00;
2026;07;04;54;1.08;1.08;
2026;07;04;55;1.08;1.08;
2026;07;04;56;1.08;1.08;
2026;07;04;57;0.17;.17;
2026;07;04;58;0.17;.17;
2026;07;04;59;0.17;.17;
2026;07;04;60;0.17;.17;
2026;07;04;61;0.17;.17;
2026;07;04;62;0.17;.17;
2026;07;04;63;0.17;.17;
2026;07;04;64;0.17;.17;
2026;07;04;65;1.00;1.00;
2026;07;04;66;1.08;1.08;
2026;07;04;67;1.08;1.08;
2026;07;04;68;1.00;1.00;
2026;07;04;69;1.00;1.00;
2026;07;04;70;1.00;1.00;
2026;07;04;71;1.43;1.43;
2026;07;04;72;6.79;6.79;
2026;07;04;73;1.50;1.50;
2026;07;04;74;5.18;5.18;
2026;07;04;75;15.48;15.48;
2026;07;04;76;60.00;60.00;
2026;07;04;77;42.51;42.51;
2026;07;04;78;70.30;70.30;
2026;07;04;79;60.31;60.31;
2026;07;04;80;70.18;70.18;
2026;07;04;81;71.74;71.74;
2026;07;04;82;87.13;87.13;
2026;07;04;83;109.27;109.27;
2026;07;04;84;125.48;125.48;
2026;07;04;85;114.32;114.32;
2026;07;04;86;119.69;119.69;
2026;07;04;87;123.58;123.58;
2026;07;04;88;123.61;123.61;
2026;07;04;89;128.84;128.84;
2026;07;04;90;124.04;124.04;
2026;07;04;91;126.11;126.11;
2026;07;04;92;119.63;119.63;
2026;07;04;93;120.40;120.40;
2026;07;04;94;116.15;116.15;
2026;07;04;95;115.13;115.13;
2026;07;04;96;110.43;110.43;
*
