MARGINALPIBC;
2026;06;25;1;126.69;126.69;
2026;06;25;2;127.33;127.33;
2026;06;25;3;123.09;123.09;
2026;06;25;4;113.19;113.19;
2026;06;25;5;111.69;111.69;
2026;06;25;6;111.69;111.69;
2026;06;25;7;111.69;111.69;
2026;06;25;8;111.69;111.69;
2026;06;25;9;114.60;114.60;
2026;06;25;10;118.23;118.23;
2026;06;25;11;119.66;119.66;
2026;06;25;12;116.50;116.50;
2026;06;25;13;118.23;118.23;
2026;06;25;14;116.50;116.50;
2026;06;25;15;116.50;116.50;
2026;06;25;16;116.26;116.26;
2026;06;25;17;116.50;116.50;
2026;06;25;18;116.50;116.50;
2026;06;25;19;117.46;117.46;
2026;06;25;20;117.85;117.85;
2026;06;25;21;115.30;115.30;
2026;06;25;22;115.78;115.78;
2026;06;25;23;114.99;114.99;
2026;06;25;24;115.90;115.90;
2026;06;25;25;116.50;116.50;
2026;06;25;26;118.79;118.79;
2026;06;25;27;125.85;125.85;
2026;06;25;28;127.17;127.17;
2026;06;25;29;128.00;128.00;
2026;06;25;30;129.69;129.69;
2026;06;25;31;126.83;126.83;
2026;06;25;32;115.78;115.78;
2026;06;25;33;119.01;119.01;
2026;06;25;34;109.15;109.15;
2026;06;25;35;99.00;99.00;
2026;06;25;36;77.30;77.30;
2026;06;25;37;87.80;87.80;
2026;06;25;38;79.98;79.98;
2026;06;25;39;66.00;66.00;
2026;06;25;40;66.14;66.14;
2026;06;25;41;66.03;66.03;
2026;06;25;42;53.87;53.87;
2026;06;25;43;43.53;43.53;
2026;06;25;44;35.00;35.00;
2026;06;25;45;66.63;66.63;
2026;06;25;46;50.24;50.24;
2026;06;25;47;45.98;45.98;
2026;06;25;48;29.07;29.07;
2026;06;25;49;5.00;5.00;
2026;06;25;50;0.84;.84;
2026;06;25;51;1.14;1.14;
2026;06;25;52;3.08;3.08;
2026;06;25;53;3.01;3.01;
2026;06;25;54;2.20;2.20;
2026;06;25;55;1.83;1.83;
2026;06;25;56;1.50;1.50;
2026;06;25;57;1.65;1.65;
2026;06;25;58;1.51;1.51;
2026;06;25;59;1.61;1.61;
2026;06;25;60;1.35;1.35;
2026;06;25;61;1.01;1.01;
2026;06;25;62;1.01;1.01;
2026;06;25;63;1.16;1.16;
2026;06;25;64;1.00;1.00;
2026;06;25;65;0.01;.01;
2026;06;25;66;0.00;.00;
2026;06;25;67;0.58;.58;
2026;06;25;68;1.00;1.00;
2026;06;25;69;2.57;2.57;
2026;06;25;70;12.00;12.00;
2026;06;25;71;28.70;28.70;
2026;06;25;72;67.45;67.45;
2026;06;25;73;65.11;65.11;
2026;06;25;74;70.00;70.00;
2026;06;25;75;70.00;70.00;
2026;06;25;76;73.70;73.70;
2026;06;25;77;56.00;56.00;
2026;06;25;78;93.67;93.67;
2026;06;25;79;99.53;99.53;
2026;06;25;80;107.60;107.60;
2026;06;25;81;93.99;93.99;
2026;06;25;82;115.54;115.54;
2026;06;25;83;130.44;130.44;
2026;06;25;84;141.35;141.35;
2026;06;25;85;152.19;152.19;
2026;06;25;86;148.19;148.19;
2026;06;25;87;153.02;153.02;
2026;06;25;88;155.76;155.76;
2026;06;25;89;156.02;156.02;
2026;06;25;90;159.00;159.00;
2026;06;25;91;150.62;150.62;
2026;06;25;92;146.72;146.72;
2026;06;25;93;146.69;146.69;
2026;06;25;94;134.93;134.93;
2026;06;25;95;135.40;135.40;
2026;06;25;96;131.19;131.19;
*
