MARGINALPIBC;
2026;01;13;1;97.87;97.87;
2026;01;13;2;95.40;95.40;
2026;01;13;3;90.08;90.08;
2026;01;13;4;87.99;87.99;
2026;01;13;5;92.16;92.16;
2026;01;13;6;90.00;90.00;
2026;01;13;7;87.26;87.26;
2026;01;13;8;85.86;85.86;
2026;01;13;9;86.29;86.29;
2026;01;13;10;87.93;87.93;
2026;01;13;11;83.00;83.00;
2026;01;13;12;82.32;82.32;
2026;01;13;13;83.00;83.00;
2026;01;13;14;83.00;83.00;
2026;01;13;15;80.00;80.00;
2026;01;13;16;78.23;78.23;
2026;01;13;17;77.80;77.80;
2026;01;13;18;76.60;76.60;
2026;01;13;19;77.24;77.24;
2026;01;13;20;79.05;79.05;
2026;01;13;21;83.00;83.00;
2026;01;13;22;87.24;87.24;
2026;01;13;23;94.95;94.95;
2026;01;13;24;93.33;93.33;
2026;01;13;25;99.48;99.48;
2026;01;13;26;100.24;100.24;
2026;01;13;27;104.00;104.00;
2026;01;13;28;105.98;105.98;
2026;01;13;29;99.22;99.22;
2026;01;13;30;101.39;101.39;
2026;01;13;31;104.97;104.97;
2026;01;13;32;105.69;105.69;
2026;01;13;33;112.06;112.06;
2026;01;13;34;111.11;111.11;
2026;01;13;35;113.87;113.87;
2026;01;13;36;109.29;109.29;
2026;01;13;37;118.50;118.50;
2026;01;13;38;105.67;105.67;
2026;01;13;39;101.93;101.93;
2026;01;13;40;96.55;96.55;
2026;01;13;41;103.20;103.20;
2026;01;13;42;97.19;97.19;
2026;01;13;43;98.95;98.95;
2026;01;13;44;94.99;94.99;
2026;01;13;45;95.73;95.73;
2026;01;13;46;93.25;93.25;
2026;01;13;47;94.63;94.63;
2026;01;13;48;92.39;92.39;
2026;01;13;49;85.30;85.30;
2026;01;13;50;85.72;85.72;
2026;01;13;51;86.64;86.64;
2026;01;13;52;85.00;85.00;
2026;01;13;53;82.76;82.76;
2026;01;13;54;82.19;82.19;
2026;01;13;55;78.19;78.19;
2026;01;13;56;80.44;80.44;
2026;01;13;57;79.91;79.91;
2026;01;13;58;82.32;82.32;
2026;01;13;59;83.99;83.99;
2026;01;13;60;85.00;85.00;
2026;01;13;61;85.14;85.14;
2026;01;13;62;86.82;86.82;
2026;01;13;63;90.60;90.60;
2026;01;13;64;95.44;95.44;
2026;01;13;65;83.80;83.80;
2026;01;13;66;90.92;90.92;
2026;01;13;67;93.29;93.29;
2026;01;13;68;99.88;99.88;
2026;01;13;69;98.68;98.68;
2026;01;13;70;96.21;96.21;
2026;01;13;71;103.83;103.83;
2026;01;13;72;112.80;112.80;
2026;01;13;73;111.50;111.50;
2026;01;13;74;111.27;111.27;
2026;01;13;75;115.10;115.10;
2026;01;13;76;118.12;118.12;
2026;01;13;77;116.00;116.00;
2026;01;13;78;111.55;111.55;
2026;01;13;79;110.39;110.39;
2026;01;13;80;115.02;115.02;
2026;01;13;81;124.24;124.24;
2026;01;13;82;125.00;125.00;
2026;01;13;83;130.97;130.97;
2026;01;13;84;131.64;131.64;
2026;01;13;85;136.02;136.02;
2026;01;13;86;117.91;117.91;
2026;01;13;87;115.10;115.10;
2026;01;13;88;104.30;104.30;
2026;01;13;89;105.64;105.64;
2026;01;13;90;96.15;96.15;
2026;01;13;91;92.73;92.73;
2026;01;13;92;95.52;95.52;
2026;01;13;93;98.68;98.68;
2026;01;13;94;96.56;96.56;
2026;01;13;95;90.35;90.35;
2026;01;13;96;90.00;90.00;
*
