MARGINALPIBC;
2026;06;30;1;138.75;138.75;
2026;06;30;2;128.43;128.43;
2026;06;30;3;110.02;110.02;
2026;06;30;4;109.52;109.52;
2026;06;30;5;138.13;138.13;
2026;06;30;6;120.41;120.41;
2026;06;30;7;119.34;119.34;
2026;06;30;8;110.84;110.84;
2026;06;30;9;125.67;125.67;
2026;06;30;10;121.26;121.26;
2026;06;30;11;119.02;119.02;
2026;06;30;12;115.48;115.48;
2026;06;30;13;115.73;115.73;
2026;06;30;14;115.30;115.30;
2026;06;30;15;115.42;115.42;
2026;06;30;16;115.50;115.50;
2026;06;30;17;115.88;115.88;
2026;06;30;18;116.12;116.12;
2026;06;30;19;117.33;117.33;
2026;06;30;20;121.50;121.50;
2026;06;30;21;116.02;116.02;
2026;06;30;22;117.85;117.85;
2026;06;30;23;120.74;120.74;
2026;06;30;24;125.47;125.47;
2026;06;30;25;105.30;105.30;
2026;06;30;26;120.75;120.75;
2026;06;30;27;125.35;125.35;
2026;06;30;28;132.84;132.84;
2026;06;30;29;136.75;136.75;
2026;06;30;30;139.75;139.75;
2026;06;30;31;136.25;136.25;
2026;06;30;32;123.75;123.75;
2026;06;30;33;138.75;138.75;
2026;06;30;34;124.18;124.18;
2026;06;30;35;95.21;95.21;
2026;06;30;36;80.27;80.27;
2026;06;30;37;94.87;94.87;
2026;06;30;38;94.84;94.84;
2026;06;30;39;93.59;93.59;
2026;06;30;40;91.53;91.53;
2026;06;30;41;90.56;90.56;
2026;06;30;42;85.38;85.38;
2026;06;30;43;87.20;87.20;
2026;06;30;44;83.00;83.00;
2026;06;30;45;72.02;72.02;
2026;06;30;46;73.00;73.00;
2026;06;30;47;73.00;73.00;
2026;06;30;48;73.00;73.00;
2026;06;30;49;73.00;73.00;
2026;06;30;50;73.00;73.00;
2026;06;30;51;73.00;73.00;
2026;06;30;52;71.22;71.22;
2026;06;30;53;72.90;72.90;
2026;06;30;54;70.23;70.23;
2026;06;30;55;70.23;70.23;
2026;06;30;56;73.00;73.00;
2026;06;30;57;73.00;73.00;
2026;06;30;58;73.00;73.00;
2026;06;30;59;73.00;73.00;
2026;06;30;60;69.75;69.75;
2026;06;30;61;63.90;63.90;
2026;06;30;62;63.00;63.00;
2026;06;30;63;62.19;62.19;
2026;06;30;64;62.19;62.19;
2026;06;30;65;60.01;60.01;
2026;06;30;66;60.00;60.00;
2026;06;30;67;60.00;60.00;
2026;06;30;68;60.23;60.23;
2026;06;30;69;58.72;58.72;
2026;06;30;70;61.13;61.13;
2026;06;30;71;64.10;64.10;
2026;06;30;72;69.55;69.55;
2026;06;30;73;40.00;40.00;
2026;06;30;74;45.38;45.38;
2026;06;30;75;53.37;53.37;
2026;06;30;76;65.00;65.00;
2026;06;30;77;50.82;50.82;
2026;06;30;78;74.65;74.65;
2026;06;30;79;89.35;89.35;
2026;06;30;80;87.99;87.99;
2026;06;30;81;90.56;90.56;
2026;06;30;82;109.30;109.30;
2026;06;30;83;126.01;126.01;
2026;06;30;84;138.09;138.09;
2026;06;30;85;138.19;138.19;
2026;06;30;86;142.72;142.72;
2026;06;30;87;146.75;146.75;
2026;06;30;88;140.87;140.87;
2026;06;30;89;140.00;140.00;
2026;06;30;90;139.41;139.41;
2026;06;30;91;134.87;134.87;
2026;06;30;92;131.92;131.92;
2026;06;30;93;133.52;133.52;
2026;06;30;94;129.78;129.78;
2026;06;30;95;134.12;134.12;
2026;06;30;96;121.79;121.79;
*
