MARGINALPIBC;
2026;05;01;1;84.54;84.54;
2026;05;01;2;67.96;67.96;
2026;05;01;3;74.80;74.80;
2026;05;01;4;61.50;61.50;
2026;05;01;5;79.54;79.54;
2026;05;01;6;65.55;65.55;
2026;05;01;7;69.84;69.84;
2026;05;01;8;66.72;66.72;
2026;05;01;9;60.00;60.00;
2026;05;01;10;60.00;60.00;
2026;05;01;11;60.00;60.00;
2026;05;01;12;60.00;60.00;
2026;05;01;13;70.06;70.06;
2026;05;01;14;69.87;69.87;
2026;05;01;15;62.72;62.72;
2026;05;01;16;60.00;60.00;
2026;05;01;17;60.00;60.00;
2026;05;01;18;60.00;60.00;
2026;05;01;19;60.00;60.00;
2026;05;01;20;60.00;60.00;
2026;05;01;21;60.00;60.00;
2026;05;01;22;60.00;60.00;
2026;05;01;23;60.00;60.00;
2026;05;01;24;60.00;60.00;
2026;05;01;25;60.00;60.00;
2026;05;01;26;65.55;65.55;
2026;05;01;27;60.00;60.00;
2026;05;01;28;60.00;60.00;
2026;05;01;29;60.00;60.00;
2026;05;01;30;60.00;60.00;
2026;05;01;31;60.00;60.00;
2026;05;01;32;60.00;60.00;
2026;05;01;33;67.00;67.00;
2026;05;01;34;60.00;60.00;
2026;05;01;35;40.55;40.55;
2026;05;01;36;30.55;30.55;
2026;05;01;37;30.71;30.71;
2026;05;01;38;31.00;5.41;
2026;05;01;39;18.28;.62;
2026;05;01;40;3.97;1.00;
2026;05;01;41;2.00;.00;
2026;05;01;42;2.00;.84;
2026;05;01;43;1.75;.00;
2026;05;01;44;2.00;.00;
2026;05;01;45;2.00;-.07;
2026;05;01;46;3.00;-.01;
2026;05;01;47;2.00;-.71;
2026;05;01;48;1.75;-.71;
2026;05;01;49;2.00;-.81;
2026;05;01;50;3.00;-.99;
2026;05;01;51;1.75;-1.00;
2026;05;01;52;2.00;-1.01;
2026;05;01;53;1.75;-1.01;
2026;05;01;54;1.75;-1.01;
2026;05;01;55;1.50;-1.01;
2026;05;01;56;1.48;-1.50;
2026;05;01;57;1.48;-1.11;
2026;05;01;58;1.48;-1.50;
2026;05;01;59;0.00;-2.10;
2026;05;01;60;0.00;-2.10;
2026;05;01;61;0.00;-2.10;
2026;05;01;62;0.00;-2.10;
2026;05;01;63;0.00;-2.10;
2026;05;01;64;0.00;-2.10;
2026;05;01;65;-1.00;-2.00;
2026;05;01;66;-1.95;-1.95;
2026;05;01;67;-1.11;-1.11;
2026;05;01;68;-0.80;-.80;
2026;05;01;69;0.00;-.50;
2026;05;01;70;0.20;.20;
2026;05;01;71;2.00;1.50;
2026;05;01;72;5.55;5.55;
2026;05;01;73;5.41;5.41;
2026;05;01;74;8.88;8.88;
2026;05;01;75;21.09;21.09;
2026;05;01;76;38.21;38.21;
2026;05;01;77;39.54;39.54;
2026;05;01;78;53.67;53.67;
2026;05;01;79;70.60;70.60;
2026;05;01;80;99.03;99.03;
2026;05;01;81;94.50;94.50;
2026;05;01;82;105.20;105.20;
2026;05;01;83;109.70;109.70;
2026;05;01;84;111.70;111.70;
2026;05;01;85;111.86;111.86;
2026;05;01;86;111.24;111.24;
2026;05;01;87;110.23;110.23;
2026;05;01;88;109.77;109.77;
2026;05;01;89;108.40;108.40;
2026;05;01;90;108.36;108.36;
2026;05;01;91;108.73;108.73;
2026;05;01;92;108.36;108.36;
2026;05;01;93;106.78;106.78;
2026;05;01;94;102.63;102.63;
2026;05;01;95;98.16;98.16;
2026;05;01;96;95.22;95.22;
*
