MARGINALPIBC;
2026;05;03;1;100.10;100.10;
2026;05;03;2;76.00;76.00;
2026;05;03;3;76.00;76.00;
2026;05;03;4;76.00;76.00;
2026;05;03;5;76.00;76.00;
2026;05;03;6;76.00;76.00;
2026;05;03;7;72.40;72.40;
2026;05;03;8;69.00;69.00;
2026;05;03;9;55.11;55.11;
2026;05;03;10;50.24;50.24;
2026;05;03;11;55.11;55.11;
2026;05;03;12;50.24;50.24;
2026;05;03;13;50.22;50.22;
2026;05;03;14;56.57;56.57;
2026;05;03;15;60.00;60.00;
2026;05;03;16;60.00;60.00;
2026;05;03;17;72.48;72.48;
2026;05;03;18;83.47;83.47;
2026;05;03;19;76.45;76.45;
2026;05;03;20;69.28;69.28;
2026;05;03;21;52.10;52.10;
2026;05;03;22;62.82;62.82;
2026;05;03;23;66.50;66.50;
2026;05;03;24;66.50;66.50;
2026;05;03;25;65.38;65.38;
2026;05;03;26;80.91;80.91;
2026;05;03;27;82.62;82.62;
2026;05;03;28;77.06;77.06;
2026;05;03;29;78.95;78.95;
2026;05;03;30;59.64;59.64;
2026;05;03;31;75.20;75.20;
2026;05;03;32;50.00;50.00;
2026;05;03;33;30.01;30.01;
2026;05;03;34;35.01;35.01;
2026;05;03;35;30.01;30.01;
2026;05;03;36;27.60;27.60;
2026;05;03;37;54.90;54.90;
2026;05;03;38;50.52;50.52;
2026;05;03;39;35.98;35.98;
2026;05;03;40;8.05;8.05;
2026;05;03;41;12.07;12.07;
2026;05;03;42;4.76;4.76;
2026;05;03;43;2.09;2.09;
2026;05;03;44;1.20;1.20;
2026;05;03;45;0.75;.75;
2026;05;03;46;0.60;.60;
2026;05;03;47;0.84;.84;
2026;05;03;48;0.84;.84;
2026;05;03;49;0.84;.84;
2026;05;03;50;0.55;.00;
2026;05;03;51;1.00;-.82;
2026;05;03;52;1.00;-1.11;
2026;05;03;53;2.21;-.01;
2026;05;03;54;1.75;.00;
2026;05;03;55;0.54;-.07;
2026;05;03;56;0.54;-.07;
2026;05;03;57;6.98;.00;
2026;05;03;58;6.98;.00;
2026;05;03;59;0.99;.00;
2026;05;03;60;0.53;.00;
2026;05;03;61;1.50;.00;
2026;05;03;62;6.98;.00;
2026;05;03;63;1.75;-.07;
2026;05;03;64;1.00;.00;
2026;05;03;65;6.98;.00;
2026;05;03;66;6.98;.00;
2026;05;03;67;0.55;-3.51;
2026;05;03;68;0.00;-.07;
2026;05;03;69;0.56;-1.50;
2026;05;03;70;1.39;-1.82;
2026;05;03;71;3.55;-.07;
2026;05;03;72;9.65;-.07;
2026;05;03;73;2.07;2.07;
2026;05;03;74;10.39;10.39;
2026;05;03;75;19.60;19.60;
2026;05;03;76;40.01;40.01;
2026;05;03;77;42.17;42.17;
2026;05;03;78;51.67;51.67;
2026;05;03;79;80.35;80.35;
2026;05;03;80;84.05;84.05;
2026;05;03;81;81.98;81.98;
2026;05;03;82;88.20;88.20;
2026;05;03;83;99.50;99.50;
2026;05;03;84;109.78;109.78;
2026;05;03;85;105.55;105.55;
2026;05;03;86;108.85;108.85;
2026;05;03;87;109.78;109.78;
2026;05;03;88;105.73;105.73;
2026;05;03;89;108.73;108.73;
2026;05;03;90;109.19;109.19;
2026;05;03;91;110.98;110.98;
2026;05;03;92;108.99;108.99;
2026;05;03;93;113.31;113.31;
2026;05;03;94;110.69;110.69;
2026;05;03;95;107.75;107.75;
2026;05;03;96;101.71;101.71;
*
