MARGINALPIBC;
2026;02;07;1;0.98;1.20;
2026;02;07;2;0.41;.41;
2026;02;07;3;0.01;.01;
2026;02;07;4;0.01;.01;
2026;02;07;5;0.01;.01;
2026;02;07;6;0.00;.00;
2026;02;07;7;0.00;.00;
2026;02;07;8;0.00;.00;
2026;02;07;9;0.00;.00;
2026;02;07;10;0.00;.00;
2026;02;07;11;0.00;.00;
2026;02;07;12;0.00;.00;
2026;02;07;13;0.00;.00;
2026;02;07;14;0.00;.00;
2026;02;07;15;0.00;.00;
2026;02;07;16;0.00;.00;
2026;02;07;17;0.00;.00;
2026;02;07;18;0.00;.00;
2026;02;07;19;0.00;.00;
2026;02;07;20;0.00;.00;
2026;02;07;21;0.00;.00;
2026;02;07;22;0.00;.00;
2026;02;07;23;0.00;.00;
2026;02;07;24;0.00;.00;
2026;02;07;25;0.00;.00;
2026;02;07;26;0.00;.00;
2026;02;07;27;0.00;.00;
2026;02;07;28;0.00;.00;
2026;02;07;29;0.00;.00;
2026;02;07;30;0.00;.00;
2026;02;07;31;0.00;.00;
2026;02;07;32;0.00;.00;
2026;02;07;33;0.00;.00;
2026;02;07;34;0.00;.00;
2026;02;07;35;0.00;.00;
2026;02;07;36;0.01;.01;
2026;02;07;37;0.03;.03;
2026;02;07;38;0.01;.01;
2026;02;07;39;0.00;.00;
2026;02;07;40;0.00;.00;
2026;02;07;41;0.00;.00;
2026;02;07;42;0.00;.00;
2026;02;07;43;0.00;.00;
2026;02;07;44;0.00;.00;
2026;02;07;45;0.00;.00;
2026;02;07;46;0.00;.00;
2026;02;07;47;0.00;.00;
2026;02;07;48;0.00;.00;
2026;02;07;49;0.00;.00;
2026;02;07;50;0.00;.00;
2026;02;07;51;0.00;.00;
2026;02;07;52;0.00;.00;
2026;02;07;53;0.00;.00;
2026;02;07;54;0.00;.00;
2026;02;07;55;0.00;.00;
2026;02;07;56;0.00;.00;
2026;02;07;57;0.00;.00;
2026;02;07;58;0.00;.00;
2026;02;07;59;0.00;.00;
2026;02;07;60;0.00;.00;
2026;02;07;61;0.00;.00;
2026;02;07;62;0.00;.00;
2026;02;07;63;-4.95;.00;
2026;02;07;64;-4.41;.90;
2026;02;07;65;-4.41;.00;
2026;02;07;66;-4.41;.91;
2026;02;07;67;-4.41;1.98;
2026;02;07;68;-4.41;2.48;
2026;02;07;69;-4.98;.00;
2026;02;07;70;-4.98;.00;
2026;02;07;71;-4.97;.00;
2026;02;07;72;-4.41;.00;
2026;02;07;73;-4.98;2.97;
2026;02;07;74;-4.97;20.25;
2026;02;07;75;-4.41;31.00;
2026;02;07;76;-3.90;42.23;
2026;02;07;77;-3.90;46.72;
2026;02;07;78;-3.44;57.30;
2026;02;07;79;-3.44;69.71;
2026;02;07;80;-3.02;72.60;
2026;02;07;81;-2.67;60.51;
2026;02;07;82;-1.66;73.26;
2026;02;07;83;-1.66;72.05;
2026;02;07;84;-1.66;59.02;
2026;02;07;85;-1.66;82.52;
2026;02;07;86;-0.72;82.52;
2026;02;07;87;-0.72;60.50;
2026;02;07;88;-1.66;40.71;
2026;02;07;89;-2.67;33.22;
2026;02;07;90;-2.67;31.25;
2026;02;07;91;-2.67;11.71;
2026;02;07;92;-3.02;10.99;
2026;02;07;93;-4.10;5.59;
2026;02;07;94;-4.10;3.78;
2026;02;07;95;-4.10;3.78;
2026;02;07;96;-4.10;3.78;
*
