MARGINALPIBC;
2026;03;20;1;51.60;51.60;
2026;03;20;2;52.21;52.21;
2026;03;20;3;30.06;30.06;
2026;03;20;4;12.54;12.54;
2026;03;20;5;63.19;63.19;
2026;03;20;6;45.00;45.00;
2026;03;20;7;48.90;48.90;
2026;03;20;8;31.92;31.92;
2026;03;20;9;53.25;53.25;
2026;03;20;10;36.33;36.33;
2026;03;20;11;30.06;30.06;
2026;03;20;12;26.18;26.18;
2026;03;20;13;29.78;29.78;
2026;03;20;14;27.30;27.30;
2026;03;20;15;27.80;27.80;
2026;03;20;16;28.06;28.06;
2026;03;20;17;29.22;29.22;
2026;03;20;18;24.56;24.56;
2026;03;20;19;27.26;27.26;
2026;03;20;20;38.96;38.96;
2026;03;20;21;41.00;41.00;
2026;03;20;22;49.07;49.07;
2026;03;20;23;55.55;55.55;
2026;03;20;24;58.84;58.84;
2026;03;20;25;45.00;45.00;
2026;03;20;26;45.30;50.30;
2026;03;20;27;60.20;69.40;
2026;03;20;28;61.16;79.00;
2026;03;20;29;66.55;70.76;
2026;03;20;30;66.55;105.80;
2026;03;20;31;68.88;115.00;
2026;03;20;32;70.00;97.63;
2026;03;20;33;78.88;84.45;
2026;03;20;34;70.40;70.40;
2026;03;20;35;55.01;55.01;
2026;03;20;36;45.00;45.00;
2026;03;20;37;45.65;45.65;
2026;03;20;38;45.70;45.70;
2026;03;20;39;19.50;19.50;
2026;03;20;40;9.15;9.15;
2026;03;20;41;23.38;23.38;
2026;03;20;42;13.50;13.50;
2026;03;20;43;5.60;5.60;
2026;03;20;44;5.32;5.32;
2026;03;20;45;7.48;7.48;
2026;03;20;46;7.01;4.31;
2026;03;20;47;7.01;7.01;
2026;03;20;48;7.01;3.78;
2026;03;20;49;10.00;10.00;
2026;03;20;50;7.01;7.01;
2026;03;20;51;6.99;6.99;
2026;03;20;52;3.78;3.78;
2026;03;20;53;3.78;3.78;
2026;03;20;54;1.98;1.98;
2026;03;20;55;3.78;3.78;
2026;03;20;56;1.98;1.98;
2026;03;20;57;3.78;3.78;
2026;03;20;58;3.78;3.78;
2026;03;20;59;3.78;3.78;
2026;03;20;60;4.66;4.66;
2026;03;20;61;5.37;5.37;
2026;03;20;62;6.99;5.76;
2026;03;20;63;6.99;6.99;
2026;03;20;64;9.28;9.28;
2026;03;20;65;11.03;11.03;
2026;03;20;66;12.58;12.58;
2026;03;20;67;13.06;13.06;
2026;03;20;68;24.54;24.54;
2026;03;20;69;26.00;26.00;
2026;03;20;70;30.06;30.06;
2026;03;20;71;41.00;41.00;
2026;03;20;72;50.00;50.00;
2026;03;20;73;49.99;49.99;
2026;03;20;74;50.10;50.10;
2026;03;20;75;55.79;55.79;
2026;03;20;76;81.36;81.36;
2026;03;20;77;87.33;87.33;
2026;03;20;78;93.92;112.10;
2026;03;20;79;98.08;123.62;
2026;03;20;80;100.00;112.40;
2026;03;20;81;95.39;98.39;
2026;03;20;82;93.20;93.20;
2026;03;20;83;86.35;86.35;
2026;03;20;84;86.07;86.07;
2026;03;20;85;83.78;83.78;
2026;03;20;86;77.00;77.00;
2026;03;20;87;77.00;77.00;
2026;03;20;88;60.00;60.00;
2026;03;20;89;78.15;78.15;
2026;03;20;90;70.00;70.00;
2026;03;20;91;83.85;83.85;
2026;03;20;92;70.00;70.00;
2026;03;20;93;75.00;75.00;
2026;03;20;94;60.00;60.00;
2026;03;20;95;50.00;50.00;
2026;03;20;96;49.16;49.16;
*
