MARGINALPIBC;
2026;05;26;1;120.23;120.23;
2026;05;26;2;120.01;120.01;
2026;05;26;3;109.19;109.19;
2026;05;26;4;103.32;103.32;
2026;05;26;5;112.00;112.00;
2026;05;26;6;109.43;109.43;
2026;05;26;7;109.55;109.55;
2026;05;26;8;105.70;105.70;
2026;05;26;9;107.72;107.72;
2026;05;26;10;105.62;105.62;
2026;05;26;11;105.44;105.44;
2026;05;26;12;95.20;95.20;
2026;05;26;13;91.16;91.16;
2026;05;26;14;92.88;92.88;
2026;05;26;15;92.88;92.88;
2026;05;26;16;91.16;91.16;
2026;05;26;17;90.63;90.63;
2026;05;26;18;91.16;91.16;
2026;05;26;19;91.16;91.16;
2026;05;26;20;90.32;90.32;
2026;05;26;21;91.16;91.16;
2026;05;26;22;92.30;92.30;
2026;05;26;23;93.76;93.76;
2026;05;26;24;103.32;103.32;
2026;05;26;25;106.86;106.86;
2026;05;26;26;108.35;108.35;
2026;05;26;27;115.11;115.11;
2026;05;26;28;115.54;115.54;
2026;05;26;29;115.38;115.38;
2026;05;26;30;115.48;115.48;
2026;05;26;31;114.94;114.94;
2026;05;26;32;105.62;105.62;
2026;05;26;33;103.85;103.85;
2026;05;26;34;105.62;105.62;
2026;05;26;35;85.82;85.82;
2026;05;26;36;32.50;32.50;
2026;05;26;37;42.00;42.00;
2026;05;26;38;19.39;19.39;
2026;05;26;39;68.01;-6.99;
2026;05;26;40;62.50;-11.38;
2026;05;26;41;62.99;-2.50;
2026;05;26;42;27.01;-10.82;
2026;05;26;43;15.55;-.81;
2026;05;26;44;4.62;-5.75;
2026;05;26;45;15.39;.84;
2026;05;26;46;13.00;-.07;
2026;05;26;47;13.00;.84;
2026;05;26;48;12.99;.84;
2026;05;26;49;4.99;.84;
2026;05;26;50;4.00;.84;
2026;05;26;51;2.99;.84;
2026;05;26;52;4.99;.84;
2026;05;26;53;4.99;.84;
2026;05;26;54;4.99;.84;
2026;05;26;55;4.89;.84;
2026;05;26;56;2.89;.84;
2026;05;26;57;2.32;.84;
2026;05;26;58;2.99;.84;
2026;05;26;59;2.99;.84;
2026;05;26;60;2.99;.84;
2026;05;26;61;4.99;.84;
2026;05;26;62;4.99;.99;
2026;05;26;63;4.99;3.08;
2026;05;26;64;5.41;5.41;
2026;05;26;65;5.00;.84;
2026;05;26;66;5.00;.84;
2026;05;26;67;5.00;.90;
2026;05;26;68;5.01;1.00;
2026;05;26;69;20.00;20.00;
2026;05;26;70;17.90;17.90;
2026;05;26;71;40.54;40.54;
2026;05;26;72;52.00;52.00;
2026;05;26;73;46.40;46.40;
2026;05;26;74;50.24;50.24;
2026;05;26;75;40.71;40.71;
2026;05;26;76;40.51;40.51;
2026;05;26;77;35.51;30.00;
2026;05;26;78;33.99;33.99;
2026;05;26;79;87.36;87.36;
2026;05;26;80;103.09;103.09;
2026;05;26;81;104.00;104.00;
2026;05;26;82;111.37;111.37;
2026;05;26;83;130.90;130.90;
2026;05;26;84;147.60;147.60;
2026;05;26;85;147.25;147.25;
2026;05;26;86;159.04;159.04;
2026;05;26;87;167.50;167.50;
2026;05;26;88;153.51;153.51;
2026;05;26;89;172.20;172.20;
2026;05;26;90;151.98;151.98;
2026;05;26;91;150.77;150.77;
2026;05;26;92;135.68;135.68;
2026;05;26;93;141.88;141.88;
2026;05;26;94;131.90;131.90;
2026;05;26;95;129.78;129.78;
2026;05;26;96;116.38;116.38;
*
