MARGINALPIBC;
2026;02;03;1;3.78;3.78;
2026;02;03;2;3.78;3.78;
2026;02;03;3;0.00;3.78;
2026;02;03;4;0.00;3.78;
2026;02;03;5;3.78;3.78;
2026;02;03;6;2.00;2.00;
2026;02;03;7;1.98;1.98;
2026;02;03;8;1.98;1.98;
2026;02;03;9;1.98;1.98;
2026;02;03;10;1.98;1.98;
2026;02;03;11;0.99;.99;
2026;02;03;12;0.90;.90;
2026;02;03;13;1.98;1.98;
2026;02;03;14;1.72;1.72;
2026;02;03;15;1.72;1.72;
2026;02;03;16;1.98;1.98;
2026;02;03;17;0.00;1.98;
2026;02;03;18;0.00;1.98;
2026;02;03;19;0.00;2.00;
2026;02;03;20;0.00;3.78;
2026;02;03;21;0.00;3.78;
2026;02;03;22;0.00;3.78;
2026;02;03;23;0.00;3.78;
2026;02;03;24;0.00;3.78;
2026;02;03;25;-0.10;3.78;
2026;02;03;26;-0.10;3.78;
2026;02;03;27;-0.10;41.88;
2026;02;03;28;-0.10;49.49;
2026;02;03;29;0.00;28.23;
2026;02;03;30;0.00;63.42;
2026;02;03;31;0.00;77.00;
2026;02;03;32;0.00;94.14;
2026;02;03;33;0.00;92.21;
2026;02;03;34;0.01;102.09;
2026;02;03;35;0.05;105.01;
2026;02;03;36;0.10;99.90;
2026;02;03;37;0.00;94.34;
2026;02;03;38;0.00;72.00;
2026;02;03;39;0.00;39.50;
2026;02;03;40;0.00;23.16;
2026;02;03;41;0.00;25.30;
2026;02;03;42;0.00;14.96;
2026;02;03;43;0.00;.00;
2026;02;03;44;-0.80;-.80;
2026;02;03;45;0.00;.88;
2026;02;03;46;0.00;3.78;
2026;02;03;47;0.00;3.78;
2026;02;03;48;0.91;1.98;
2026;02;03;49;0.00;1.98;
2026;02;03;50;0.76;1.98;
2026;02;03;51;0.91;1.00;
2026;02;03;52;0.91;.91;
2026;02;03;53;0.91;.91;
2026;02;03;54;0.91;.91;
2026;02;03;55;0.33;.33;
2026;02;03;56;0.00;.00;
2026;02;03;57;0.57;.91;
2026;02;03;58;0.00;.75;
2026;02;03;59;0.00;.00;
2026;02;03;60;0.00;.00;
2026;02;03;61;0.00;.00;
2026;02;03;62;0.91;.91;
2026;02;03;63;0.91;1.72;
2026;02;03;64;0.00;1.11;
2026;02;03;65;0.03;1.98;
2026;02;03;66;0.00;.00;
2026;02;03;67;0.00;.00;
2026;02;03;68;0.00;6.08;
2026;02;03;69;0.00;1.63;
2026;02;03;70;0.00;23.57;
2026;02;03;71;0.00;40.69;
2026;02;03;72;0.00;53.02;
2026;02;03;73;0.00;47.00;
2026;02;03;74;0.00;69.23;
2026;02;03;75;0.00;87.68;
2026;02;03;76;0.00;96.47;
2026;02;03;77;6.66;117.51;
2026;02;03;78;16.66;117.72;
2026;02;03;79;16.66;121.35;
2026;02;03;80;16.66;116.49;
2026;02;03;81;16.66;116.86;
2026;02;03;82;16.66;115.36;
2026;02;03;83;16.66;111.17;
2026;02;03;84;16.66;101.50;
2026;02;03;85;6.66;95.00;
2026;02;03;86;6.66;95.29;
2026;02;03;87;10.26;94.14;
2026;02;03;88;4.76;73.57;
2026;02;03;89;1.08;63.00;
2026;02;03;90;0.07;68.69;
2026;02;03;91;0.00;61.98;
2026;02;03;92;0.57;36.79;
2026;02;03;93;0.57;71.55;
2026;02;03;94;0.10;28.91;
2026;02;03;95;0.09;17.51;
2026;02;03;96;0.01;14.80;
*
