MARGINALPIBC;
2026;04;03;1;30.44;30.44;
2026;04;03;2;19.00;19.00;
2026;04;03;3;14.00;14.00;
2026;04;03;4;14.00;14.00;
2026;04;03;5;12.30;12.30;
2026;04;03;6;12.20;12.20;
2026;04;03;7;11.82;11.82;
2026;04;03;8;11.58;11.58;
2026;04;03;9;11.82;11.82;
2026;04;03;10;11.58;11.58;
2026;04;03;11;11.58;11.58;
2026;04;03;12;11.82;11.82;
2026;04;03;13;13.93;13.93;
2026;04;03;14;12.54;12.54;
2026;04;03;15;12.54;12.54;
2026;04;03;16;12.54;12.54;
2026;04;03;17;14.00;14.00;
2026;04;03;18;14.00;14.00;
2026;04;03;19;14.00;14.00;
2026;04;03;20;14.00;14.00;
2026;04;03;21;14.00;14.00;
2026;04;03;22;14.00;14.00;
2026;04;03;23;28.15;28.15;
2026;04;03;24;28.15;28.15;
2026;04;03;25;14.00;14.00;
2026;04;03;26;19.20;19.20;
2026;04;03;27;30.44;30.44;
2026;04;03;28;30.44;30.44;
2026;04;03;29;34.21;34.21;
2026;04;03;30;44.67;44.67;
2026;04;03;31;51.37;51.37;
2026;04;03;32;56.97;56.97;
2026;04;03;33;16.82;16.82;
2026;04;03;34;47.42;47.42;
2026;04;03;35;18.37;18.37;
2026;04;03;36;5.41;5.41;
2026;04;03;37;5.41;5.41;
2026;04;03;38;0.84;.84;
2026;04;03;39;0.00;.00;
2026;04;03;40;-0.23;-.23;
2026;04;03;41;-0.23;-.23;
2026;04;03;42;-0.81;-.81;
2026;04;03;43;-0.81;-.81;
2026;04;03;44;-1.06;-1.06;
2026;04;03;45;-1.15;-1.15;
2026;04;03;46;-1.15;-1.15;
2026;04;03;47;-2.10;-2.10;
2026;04;03;48;-2.10;-2.10;
2026;04;03;49;-2.10;-2.10;
2026;04;03;50;-2.10;-2.10;
2026;04;03;51;-2.10;-2.10;
2026;04;03;52;-2.10;-2.10;
2026;04;03;53;-2.10;-2.10;
2026;04;03;54;-2.10;-2.10;
2026;04;03;55;-2.45;-2.45;
2026;04;03;56;-2.82;-2.82;
2026;04;03;57;-3.00;-3.00;
2026;04;03;58;-3.75;-3.75;
2026;04;03;59;-3.75;-3.75;
2026;04;03;60;-4.00;-4.00;
2026;04;03;61;-4.00;-4.00;
2026;04;03;62;-4.00;-4.00;
2026;04;03;63;-4.00;-4.00;
2026;04;03;64;-4.00;-4.00;
2026;04;03;65;-4.56;-4.56;
2026;04;03;66;-4.75;-4.75;
2026;04;03;67;-4.56;-4.56;
2026;04;03;68;-4.56;-4.56;
2026;04;03;69;-2.10;-2.10;
2026;04;03;70;-2.10;-2.10;
2026;04;03;71;-1.15;-1.15;
2026;04;03;72;-1.15;-1.15;
2026;04;03;73;-0.81;-.81;
2026;04;03;74;-0.50;-.50;
2026;04;03;75;-0.01;-.01;
2026;04;03;76;0.00;.00;
2026;04;03;77;0.84;.84;
2026;04;03;78;3.08;3.08;
2026;04;03;79;11.58;11.58;
2026;04;03;80;55.00;55.00;
2026;04;03;81;12.79;12.79;
2026;04;03;82;60.20;60.20;
2026;04;03;83;71.78;71.78;
2026;04;03;84;80.13;81.02;
2026;04;03;85;80.90;80.90;
2026;04;03;86;84.86;84.86;
2026;04;03;87;74.06;74.06;
2026;04;03;88;67.83;67.83;
2026;04;03;89;76.04;76.04;
2026;04;03;90;74.02;74.02;
2026;04;03;91;74.52;74.52;
2026;04;03;92;71.02;71.02;
2026;04;03;93;69.52;69.52;
2026;04;03;94;46.35;46.35;
2026;04;03;95;47.10;47.10;
2026;04;03;96;37.03;37.03;
*
