MARGINALPIBC;
2026;07;10;1;131.00;131.00;
2026;07;10;2;130.20;130.20;
2026;07;10;3;128.04;128.04;
2026;07;10;4;125.49;125.49;
2026;07;10;5;133.42;133.42;
2026;07;10;6;131.58;131.58;
2026;07;10;7;130.12;130.12;
2026;07;10;8;124.88;124.88;
2026;07;10;9;142.33;142.33;
2026;07;10;10;140.28;140.28;
2026;07;10;11;135.39;135.39;
2026;07;10;12;130.20;130.20;
2026;07;10;13;132.21;132.21;
2026;07;10;14;135.49;135.49;
2026;07;10;15;135.00;135.00;
2026;07;10;16;133.30;133.30;
2026;07;10;17;132.84;132.84;
2026;07;10;18;130.20;130.20;
2026;07;10;19;130.20;130.20;
2026;07;10;20;130.20;130.20;
2026;07;10;21;118.58;118.58;
2026;07;10;22;118.59;118.59;
2026;07;10;23;125.45;125.45;
2026;07;10;24;122.22;122.22;
2026;07;10;25;124.88;124.88;
2026;07;10;26;130.32;130.32;
2026;07;10;27;147.92;147.92;
2026;07;10;28;149.08;149.08;
2026;07;10;29;157.71;157.71;
2026;07;10;30;160.30;160.30;
2026;07;10;31;154.96;154.96;
2026;07;10;32;134.77;134.77;
2026;07;10;33;156.59;156.59;
2026;07;10;34;144.98;144.98;
2026;07;10;35;132.50;132.50;
2026;07;10;36;113.37;113.37;
2026;07;10;37;132.46;132.46;
2026;07;10;38;127.65;127.65;
2026;07;10;39;116.40;116.40;
2026;07;10;40;112.73;112.73;
2026;07;10;41;116.94;116.94;
2026;07;10;42;115.50;115.50;
2026;07;10;43;114.32;114.32;
2026;07;10;44;99.71;99.71;
2026;07;10;45;98.97;98.97;
2026;07;10;46;85.11;85.11;
2026;07;10;47;80.29;80.29;
2026;07;10;48;72.20;72.20;
2026;07;10;49;76.16;76.16;
2026;07;10;50;67.70;63.18;
2026;07;10;51;70.50;57.38;
2026;07;10;52;67.70;47.12;
2026;07;10;53;67.70;51.44;
2026;07;10;54;67.70;45.20;
2026;07;10;55;64.00;44.40;
2026;07;10;56;43.75;38.61;
2026;07;10;57;43.56;42.95;
2026;07;10;58;43.75;43.75;
2026;07;10;59;50.24;50.24;
2026;07;10;60;51.07;51.07;
2026;07;10;61;64.00;56.22;
2026;07;10;62;68.54;68.54;
2026;07;10;63;69.15;69.15;
2026;07;10;64;74.10;74.10;
2026;07;10;65;67.70;66.56;
2026;07;10;66;70.50;70.50;
2026;07;10;67;70.51;70.51;
2026;07;10;68;74.89;74.89;
2026;07;10;69;73.50;73.50;
2026;07;10;70;79.10;79.10;
2026;07;10;71;74.34;74.34;
2026;07;10;72;74.71;74.71;
2026;07;10;73;80.79;80.79;
2026;07;10;74;86.14;86.14;
2026;07;10;75;95.63;95.63;
2026;07;10;76;106.23;106.23;
2026;07;10;77;88.00;88.00;
2026;07;10;78;98.50;98.50;
2026;07;10;79;115.58;115.58;
2026;07;10;80;138.50;138.50;
2026;07;10;81;134.78;134.78;
2026;07;10;82;148.30;148.30;
2026;07;10;83;163.50;163.50;
2026;07;10;84;173.00;173.00;
2026;07;10;85;168.01;168.01;
2026;07;10;86;178.39;178.39;
2026;07;10;87;171.87;171.87;
2026;07;10;88;165.87;165.87;
2026;07;10;89;152.14;171.70;
2026;07;10;90;168.28;168.28;
2026;07;10;91;166.54;166.54;
2026;07;10;92;161.49;161.49;
2026;07;10;93;163.10;163.10;
2026;07;10;94;157.44;157.44;
2026;07;10;95;154.03;154.03;
2026;07;10;96;146.48;146.48;
*
