MARGINALPIBC;
2026;02;14;1;0.24;1.98;
2026;02;14;2;0.24;1.98;
2026;02;14;3;0.24;1.98;
2026;02;14;4;0.00;1.98;
2026;02;14;5;0.01;.01;
2026;02;14;6;0.00;.00;
2026;02;14;7;0.00;.00;
2026;02;14;8;0.00;.00;
2026;02;14;9;0.00;.00;
2026;02;14;10;0.00;.00;
2026;02;14;11;0.00;.00;
2026;02;14;12;0.00;.00;
2026;02;14;13;0.00;.00;
2026;02;14;14;0.00;.00;
2026;02;14;15;-0.04;-.04;
2026;02;14;16;-0.04;-.04;
2026;02;14;17;0.00;.00;
2026;02;14;18;0.00;.00;
2026;02;14;19;-0.04;-.04;
2026;02;14;20;-0.04;-.04;
2026;02;14;21;0.00;.00;
2026;02;14;22;0.00;.00;
2026;02;14;23;0.00;.00;
2026;02;14;24;0.00;.00;
2026;02;14;25;0.00;.00;
2026;02;14;26;-0.04;-.04;
2026;02;14;27;0.00;.00;
2026;02;14;28;0.00;.00;
2026;02;14;29;0.00;.00;
2026;02;14;30;0.00;.00;
2026;02;14;31;0.00;.00;
2026;02;14;32;0.00;.00;
2026;02;14;33;0.00;.00;
2026;02;14;34;0.00;.00;
2026;02;14;35;0.00;.00;
2026;02;14;36;0.00;.00;
2026;02;14;37;0.00;.00;
2026;02;14;38;-0.04;-.04;
2026;02;14;39;0.00;-8.00;
2026;02;14;40;0.00;-6.79;
2026;02;14;41;0.00;-1.90;
2026;02;14;42;0.00;-2.10;
2026;02;14;43;0.00;-6.00;
2026;02;14;44;0.00;-8.00;
2026;02;14;45;0.00;-4.20;
2026;02;14;46;0.00;-4.30;
2026;02;14;47;0.00;-4.75;
2026;02;14;48;0.00;-15.40;
2026;02;14;49;-0.05;-15.30;
2026;02;14;50;-2.00;-15.00;
2026;02;14;51;-2.00;-15.30;
2026;02;14;52;-0.05;-15.40;
2026;02;14;53;-2.00;-11.55;
2026;02;14;54;-2.00;-12.92;
2026;02;14;55;-2.00;-11.55;
2026;02;14;56;-2.00;-11.55;
2026;02;14;57;-2.00;-10.92;
2026;02;14;58;-2.00;-10.92;
2026;02;14;59;-2.00;-10.00;
2026;02;14;60;-2.00;-10.00;
2026;02;14;61;-9.50;-9.50;
2026;02;14;62;-9.50;-9.50;
2026;02;14;63;-9.00;-9.00;
2026;02;14;64;0.00;-10.00;
2026;02;14;65;0.00;-12.80;
2026;02;14;66;0.00;-7.50;
2026;02;14;67;-2.90;-2.90;
2026;02;14;68;-2.10;-2.10;
2026;02;14;69;0.00;-.81;
2026;02;14;70;-0.81;-.81;
2026;02;14;71;-0.04;-.04;
2026;02;14;72;-0.02;-.02;
2026;02;14;73;0.00;1.98;
2026;02;14;74;0.03;3.78;
2026;02;14;75;0.51;3.78;
2026;02;14;76;2.01;31.84;
2026;02;14;77;7.00;14.00;
2026;02;14;78;1.30;14.00;
2026;02;14;79;2.00;12.08;
2026;02;14;80;1.30;12.01;
2026;02;14;81;2.00;26.00;
2026;02;14;82;2.00;17.17;
2026;02;14;83;2.50;13.70;
2026;02;14;84;2.50;17.98;
2026;02;14;85;2.50;29.91;
2026;02;14;86;2.50;25.41;
2026;02;14;87;2.00;31.00;
2026;02;14;88;1.30;32.16;
2026;02;14;89;2.00;33.33;
2026;02;14;90;2.30;20.00;
2026;02;14;91;1.30;14.00;
2026;02;14;92;3.50;18.28;
2026;02;14;93;-3.14;14.00;
2026;02;14;94;3.50;14.00;
2026;02;14;95;3.50;5.37;
2026;02;14;96;3.50;3.78;
*
