MARGINALPIBC;
2026;02;20;1;45.20;45.20;
2026;02;20;2;36.57;36.57;
2026;02;20;3;24.00;24.00;
2026;02;20;4;22.88;22.88;
2026;02;20;5;19.50;19.50;
2026;02;20;6;25.01;25.01;
2026;02;20;7;31.12;31.12;
2026;02;20;8;34.03;34.03;
2026;02;20;9;25.00;25.00;
2026;02;20;10;18.99;18.99;
2026;02;20;11;16.82;16.82;
2026;02;20;12;15.00;15.00;
2026;02;20;13;18.85;18.85;
2026;02;20;14;18.40;18.40;
2026;02;20;15;15.00;15.00;
2026;02;20;16;14.00;14.00;
2026;02;20;17;16.65;16.65;
2026;02;20;18;16.65;16.65;
2026;02;20;19;15.25;15.25;
2026;02;20;20;17.20;17.20;
2026;02;20;21;18.11;18.11;
2026;02;20;22;25.01;25.01;
2026;02;20;23;25.01;25.01;
2026;02;20;24;37.10;37.10;
2026;02;20;25;36.12;36.12;
2026;02;20;26;34.20;34.20;
2026;02;20;27;34.00;34.00;
2026;02;20;28;25.01;31.00;
2026;02;20;29;14.06;14.06;
2026;02;20;30;18.94;36.20;
2026;02;20;31;22.63;75.50;
2026;02;20;32;53.85;80.00;
2026;02;20;33;75.00;75.00;
2026;02;20;34;58.07;58.07;
2026;02;20;35;20.04;20.04;
2026;02;20;36;0.00;.00;
2026;02;20;37;33.00;33.00;
2026;02;20;38;25.60;25.60;
2026;02;20;39;7.99;3.78;
2026;02;20;40;7.85;2.00;
2026;02;20;41;7.25;2.00;
2026;02;20;42;11.99;.91;
2026;02;20;43;10.01;.91;
2026;02;20;44;10.01;.00;
2026;02;20;45;6.94;.00;
2026;02;20;46;10.01;.00;
2026;02;20;47;6.94;.00;
2026;02;20;48;6.94;.00;
2026;02;20;49;7.90;.00;
2026;02;20;50;6.94;.00;
2026;02;20;51;6.94;.00;
2026;02;20;52;6.83;-.01;
2026;02;20;53;6.83;.00;
2026;02;20;54;6.83;.00;
2026;02;20;55;6.58;.00;
2026;02;20;56;6.58;-.02;
2026;02;20;57;6.58;-.01;
2026;02;20;58;6.54;.00;
2026;02;20;59;6.58;.00;
2026;02;20;60;6.58;.00;
2026;02;20;61;6.58;-.01;
2026;02;20;62;6.69;.00;
2026;02;20;63;6.83;.00;
2026;02;20;64;6.83;.00;
2026;02;20;65;6.83;.00;
2026;02;20;66;6.89;.00;
2026;02;20;67;6.89;.91;
2026;02;20;68;6.89;.91;
2026;02;20;69;7.04;1.00;
2026;02;20;70;7.20;2.94;
2026;02;20;71;13.71;13.71;
2026;02;20;72;23.00;23.00;
2026;02;20;73;21.14;21.14;
2026;02;20;74;33.99;38.49;
2026;02;20;75;44.00;50.24;
2026;02;20;76;57.57;57.57;
2026;02;20;77;60.00;81.01;
2026;02;20;78;66.79;81.57;
2026;02;20;79;68.95;68.95;
2026;02;20;80;66.02;66.02;
2026;02;20;81;60.78;60.78;
2026;02;20;82;56.34;56.34;
2026;02;20;83;58.28;58.28;
2026;02;20;84;55.30;55.30;
2026;02;20;85;52.80;52.80;
2026;02;20;86;48.68;48.68;
2026;02;20;87;46.66;46.66;
2026;02;20;88;36.72;36.72;
2026;02;20;89;30.60;30.60;
2026;02;20;90;38.48;38.48;
2026;02;20;91;46.73;46.73;
2026;02;20;92;35.11;35.11;
2026;02;20;93;26.75;26.75;
2026;02;20;94;31.19;31.19;
2026;02;20;95;31.07;31.07;
2026;02;20;96;21.87;21.87;
*
