MARGINALPIBC;
2026;01;22;1;38.47;38.47;
2026;01;22;2;44.06;44.06;
2026;01;22;3;32.08;32.08;
2026;01;22;4;26.26;26.26;
2026;01;22;5;52.00;52.00;
2026;01;22;6;35.10;35.10;
2026;01;22;7;33.00;33.00;
2026;01;22;8;30.00;30.00;
2026;01;22;9;35.10;35.10;
2026;01;22;10;17.30;17.30;
2026;01;22;11;10.40;10.40;
2026;01;22;12;10.00;10.00;
2026;01;22;13;10.40;10.40;
2026;01;22;14;0.00;.00;
2026;01;22;15;-0.50;-.50;
2026;01;22;16;-0.50;-.50;
2026;01;22;17;-2.90;-2.90;
2026;01;22;18;-1.88;-1.88;
2026;01;22;19;4.75;4.75;
2026;01;22;20;4.18;4.18;
2026;01;22;21;0.00;.00;
2026;01;22;22;5.11;5.11;
2026;01;22;23;27.29;27.29;
2026;01;22;24;31.69;31.69;
2026;01;22;25;33.50;33.50;
2026;01;22;26;0.00;.00;
2026;01;22;27;1.07;1.07;
2026;01;22;28;25.22;25.22;
2026;01;22;29;13.90;13.90;
2026;01;22;30;55.17;55.17;
2026;01;22;31;63.37;63.37;
2026;01;22;32;64.87;64.87;
2026;01;22;33;59.20;59.20;
2026;01;22;34;15.78;68.78;
2026;01;22;35;69.70;69.70;
2026;01;22;36;41.20;41.20;
2026;01;22;37;32.00;99.59;
2026;01;22;38;67.15;67.15;
2026;01;22;39;43.37;43.37;
2026;01;22;40;45.42;45.42;
2026;01;22;41;0.00;.00;
2026;01;22;42;0.00;.00;
2026;01;22;43;0.00;.00;
2026;01;22;44;0.00;.00;
2026;01;22;45;3.95;3.95;
2026;01;22;46;0.00;.00;
2026;01;22;47;0.00;.00;
2026;01;22;48;0.00;.00;
2026;01;22;49;18.47;18.47;
2026;01;22;50;8.30;8.30;
2026;01;22;51;2.21;2.21;
2026;01;22;52;0.00;.00;
2026;01;22;53;1.50;1.50;
2026;01;22;54;3.21;3.21;
2026;01;22;55;1.24;1.24;
2026;01;22;56;1.50;1.50;
2026;01;22;57;0.00;.00;
2026;01;22;58;4.47;4.47;
2026;01;22;59;18.00;18.00;
2026;01;22;60;11.84;11.84;
2026;01;22;61;5.15;5.15;
2026;01;22;62;-0.01;-.01;
2026;01;22;63;0.00;.00;
2026;01;22;64;1.75;1.75;
2026;01;22;65;-0.50;-.50;
2026;01;22;66;-0.50;-.50;
2026;01;22;67;0.00;.00;
2026;01;22;68;0.00;.00;
2026;01;22;69;19.20;19.20;
2026;01;22;70;35.66;35.66;
2026;01;22;71;42.15;42.15;
2026;01;22;72;47.25;50.00;
2026;01;22;73;50.35;50.35;
2026;01;22;74;57.69;57.69;
2026;01;22;75;45.74;63.59;
2026;01;22;76;45.54;71.07;
2026;01;22;77;43.42;75.51;
2026;01;22;78;45.23;80.63;
2026;01;22;79;46.11;83.67;
2026;01;22;80;50.49;80.70;
2026;01;22;81;43.00;83.34;
2026;01;22;82;44.48;83.75;
2026;01;22;83;44.48;83.45;
2026;01;22;84;43.34;75.41;
2026;01;22;85;43.42;75.51;
2026;01;22;86;42.09;59.66;
2026;01;22;87;50.35;50.35;
2026;01;22;88;48.78;48.78;
2026;01;22;89;50.78;50.78;
2026;01;22;90;42.00;42.00;
2026;01;22;91;31.35;31.35;
2026;01;22;92;30.11;30.11;
2026;01;22;93;49.07;49.07;
2026;01;22;94;34.72;34.72;
2026;01;22;95;19.89;19.89;
2026;01;22;96;10.75;10.75;
*
