MARGINALPIBC;
2026;06;20;1;118.45;118.45;
2026;06;20;2;118.45;118.45;
2026;06;20;3;110.00;110.00;
2026;06;20;4;107.95;107.95;
2026;06;20;5;113.60;113.60;
2026;06;20;6;110.99;110.99;
2026;06;20;7;110.05;110.05;
2026;06;20;8;110.00;110.00;
2026;06;20;9;111.16;111.16;
2026;06;20;10;111.45;111.45;
2026;06;20;11;110.00;110.00;
2026;06;20;12;104.20;104.20;
2026;06;20;13;106.45;106.45;
2026;06;20;14;109.20;109.20;
2026;06;20;15;106.48;106.48;
2026;06;20;16;106.48;106.48;
2026;06;20;17;109.20;109.20;
2026;06;20;18;110.86;110.86;
2026;06;20;19;110.60;110.60;
2026;06;20;20;110.60;110.60;
2026;06;20;21;107.50;107.50;
2026;06;20;22;110.00;110.00;
2026;06;20;23;110.00;110.00;
2026;06;20;24;110.00;110.00;
2026;06;20;25;110.50;110.50;
2026;06;20;26;111.00;111.00;
2026;06;20;27;108.10;108.10;
2026;06;20;28;106.01;106.01;
2026;06;20;29;107.95;107.95;
2026;06;20;30;90.00;90.00;
2026;06;20;31;100.78;100.78;
2026;06;20;32;82.01;82.01;
2026;06;20;33;102.61;102.61;
2026;06;20;34;98.24;98.24;
2026;06;20;35;50.24;50.24;
2026;06;20;36;38.63;38.63;
2026;06;20;37;50.01;50.01;
2026;06;20;38;28.16;28.16;
2026;06;20;39;20.83;20.83;
2026;06;20;40;6.44;6.44;
2026;06;20;41;5.41;5.41;
2026;06;20;42;1.96;1.96;
2026;06;20;43;0.84;.84;
2026;06;20;44;-0.07;-.07;
2026;06;20;45;19.98;.00;
2026;06;20;46;15.58;-1.23;
2026;06;20;47;15.58;-2.10;
2026;06;20;48;11.45;.30;
2026;06;20;49;11.45;.99;
2026;06;20;50;15.45;.00;
2026;06;20;51;11.45;.00;
2026;06;20;52;10.59;.00;
2026;06;20;53;7.77;-.01;
2026;06;20;54;7.33;-.07;
2026;06;20;55;7.00;-.07;
2026;06;20;56;5.00;-.50;
2026;06;20;57;3.27;-.16;
2026;06;20;58;2.44;.00;
2026;06;20;59;2.00;.00;
2026;06;20;60;2.00;.00;
2026;06;20;61;-3.24;-3.24;
2026;06;20;62;-0.07;-.07;
2026;06;20;63;-0.01;-.01;
2026;06;20;64;0.00;.00;
2026;06;20;65;0.00;.00;
2026;06;20;66;0.00;.00;
2026;06;20;67;0.00;.00;
2026;06;20;68;0.00;.00;
2026;06;20;69;0.00;.00;
2026;06;20;70;0.84;.84;
2026;06;20;71;0.84;.84;
2026;06;20;72;1.75;1.75;
2026;06;20;73;3.34;3.34;
2026;06;20;74;5.44;5.44;
2026;06;20;75;8.78;8.78;
2026;06;20;76;27.01;27.01;
2026;06;20;77;55.20;55.20;
2026;06;20;78;76.68;76.68;
2026;06;20;79;73.09;73.09;
2026;06;20;80;92.66;92.66;
2026;06;20;81;80.10;80.10;
2026;06;20;82;100.60;100.60;
2026;06;20;83;114.34;114.34;
2026;06;20;84;129.02;129.02;
2026;06;20;85;126.65;126.65;
2026;06;20;86;134.99;134.99;
2026;06;20;87;136.29;136.29;
2026;06;20;88;129.81;129.81;
2026;06;20;89;136.02;136.02;
2026;06;20;90;130.67;130.67;
2026;06;20;91;134.72;134.72;
2026;06;20;92;129.13;129.13;
2026;06;20;93;131.94;131.94;
2026;06;20;94;124.65;124.65;
2026;06;20;95;125.72;125.72;
2026;06;20;96;120.50;120.50;
*
