MARGINALPIBC;
2026;07;13;1;130.85;130.85;
2026;07;13;2;128.69;128.69;
2026;07;13;3;127.30;127.30;
2026;07;13;4;123.94;123.94;
2026;07;13;5;127.12;127.12;
2026;07;13;6;123.74;123.74;
2026;07;13;7;118.90;118.90;
2026;07;13;8;113.12;113.12;
2026;07;13;9;119.70;119.70;
2026;07;13;10;118.40;118.40;
2026;07;13;11;116.20;116.20;
2026;07;13;12;119.24;119.24;
2026;07;13;13;118.57;118.57;
2026;07;13;14;117.90;117.90;
2026;07;13;15;122.15;122.15;
2026;07;13;16;120.00;120.00;
2026;07;13;17;119.56;119.56;
2026;07;13;18;118.57;118.57;
2026;07;13;19;118.57;118.57;
2026;07;13;20;117.94;117.94;
2026;07;13;21;112.69;112.69;
2026;07;13;22;108.14;108.14;
2026;07;13;23;112.40;112.40;
2026;07;13;24;117.15;117.15;
2026;07;13;25;126.47;126.47;
2026;07;13;26;133.08;133.08;
2026;07;13;27;126.96;126.96;
2026;07;13;28;131.97;131.97;
2026;07;13;29;127.82;127.82;
2026;07;13;30;133.00;133.00;
2026;07;13;31;127.19;127.19;
2026;07;13;32;114.42;114.42;
2026;07;13;33;145.45;145.45;
2026;07;13;34;132.36;132.36;
2026;07;13;35;116.04;116.04;
2026;07;13;36;110.13;110.13;
2026;07;13;37;124.71;124.71;
2026;07;13;38;104.07;104.07;
2026;07;13;39;108.52;108.52;
2026;07;13;40;91.00;91.00;
2026;07;13;41;114.36;114.36;
2026;07;13;42;100.57;100.57;
2026;07;13;43;93.30;93.30;
2026;07;13;44;80.31;80.31;
2026;07;13;45;87.92;87.92;
2026;07;13;46;78.61;78.61;
2026;07;13;47;73.51;73.51;
2026;07;13;48;65.24;62.00;
2026;07;13;49;66.65;66.65;
2026;07;13;50;71.60;71.60;
2026;07;13;51;67.10;67.10;
2026;07;13;52;66.65;66.65;
2026;07;13;53;60.81;49.04;
2026;07;13;54;60.81;49.20;
2026;07;13;55;60.81;50.44;
2026;07;13;56;60.81;47.58;
2026;07;13;57;62.57;62.57;
2026;07;13;58;63.96;63.96;
2026;07;13;59;71.66;71.66;
2026;07;13;60;83.77;83.77;
2026;07;13;61;90.22;90.22;
2026;07;13;62;95.11;95.11;
2026;07;13;63;98.37;98.37;
2026;07;13;64;99.66;99.66;
2026;07;13;65;101.24;101.24;
2026;07;13;66;104.35;104.35;
2026;07;13;67;101.43;101.43;
2026;07;13;68;107.21;107.21;
2026;07;13;69;100.93;100.93;
2026;07;13;70;114.57;114.57;
2026;07;13;71;119.68;119.68;
2026;07;13;72;119.86;119.86;
2026;07;13;73;115.88;115.88;
2026;07;13;74;120.15;120.15;
2026;07;13;75;124.59;124.59;
2026;07;13;76;130.00;130.00;
2026;07;13;77;118.90;118.90;
2026;07;13;78;124.30;124.30;
2026;07;13;79;125.78;125.78;
2026;07;13;80;126.42;126.42;
2026;07;13;81;98.50;98.50;
2026;07;13;82;129.15;129.15;
2026;07;13;83;147.01;147.01;
2026;07;13;84;173.88;173.88;
2026;07;13;85;169.67;169.67;
2026;07;13;86;184.54;184.54;
2026;07;13;87;197.01;197.01;
2026;07;13;88;205.57;205.57;
2026;07;13;89;199.30;199.30;
2026;07;13;90;186.32;186.32;
2026;07;13;91;170.00;170.00;
2026;07;13;92;160.64;160.64;
2026;07;13;93;165.52;165.52;
2026;07;13;94;161.93;161.93;
2026;07;13;95;150.89;150.89;
2026;07;13;96;144.42;144.42;
*
