MARGINALPIBC;
2026;05;05;1;118.87;118.87;
2026;05;05;2;116.66;116.66;
2026;05;05;3;112.01;112.01;
2026;05;05;4;109.18;109.18;
2026;05;05;5;111.91;111.91;
2026;05;05;6;109.24;109.24;
2026;05;05;7;109.00;109.00;
2026;05;05;8;107.50;107.50;
2026;05;05;9;112.46;112.46;
2026;05;05;10;113.30;113.30;
2026;05;05;11;112.92;112.92;
2026;05;05;12;111.37;111.37;
2026;05;05;13;111.37;111.37;
2026;05;05;14;111.00;111.00;
2026;05;05;15;111.91;111.91;
2026;05;05;16;110.71;110.71;
2026;05;05;17;109.52;109.52;
2026;05;05;18;109.18;109.18;
2026;05;05;19;109.76;109.76;
2026;05;05;20;109.24;109.24;
2026;05;05;21;106.28;106.28;
2026;05;05;22;106.20;106.20;
2026;05;05;23;106.52;106.52;
2026;05;05;24;105.78;105.78;
2026;05;05;25;104.16;104.16;
2026;05;05;26;102.12;102.12;
2026;05;05;27;101.64;101.64;
2026;05;05;28;106.40;106.40;
2026;05;05;29;111.35;111.35;
2026;05;05;30;112.60;112.60;
2026;05;05;31;113.85;113.85;
2026;05;05;32;113.00;113.00;
2026;05;05;33;102.84;102.84;
2026;05;05;34;100.56;100.56;
2026;05;05;35;105.70;105.70;
2026;05;05;36;100.97;100.97;
2026;05;05;37;106.40;106.40;
2026;05;05;38;97.79;97.79;
2026;05;05;39;60.84;60.84;
2026;05;05;40;38.00;38.00;
2026;05;05;41;40.01;40.01;
2026;05;05;42;37.35;37.35;
2026;05;05;43;26.70;26.70;
2026;05;05;44;24.41;24.41;
2026;05;05;45;13.79;13.79;
2026;05;05;46;11.49;11.40;
2026;05;05;47;14.50;14.50;
2026;05;05;48;11.84;11.84;
2026;05;05;49;10.83;10.83;
2026;05;05;50;10.19;10.19;
2026;05;05;51;10.83;10.48;
2026;05;05;52;10.83;9.77;
2026;05;05;53;10.83;6.59;
2026;05;05;54;10.83;6.54;
2026;05;05;55;6.76;6.54;
2026;05;05;56;6.52;6.52;
2026;05;05;57;10.50;5.41;
2026;05;05;58;10.50;5.41;
2026;05;05;59;10.50;3.40;
2026;05;05;60;10.00;5.41;
2026;05;05;61;24.11;5.41;
2026;05;05;62;24.11;4.02;
2026;05;05;63;10.00;5.09;
2026;05;05;64;10.00;5.01;
2026;05;05;65;6.02;3.08;
2026;05;05;66;6.02;3.08;
2026;05;05;67;5.01;3.08;
2026;05;05;68;5.49;3.08;
2026;05;05;69;7.50;7.50;
2026;05;05;70;7.45;7.45;
2026;05;05;71;8.58;8.58;
2026;05;05;72;13.07;13.07;
2026;05;05;73;19.55;19.55;
2026;05;05;74;30.84;30.84;
2026;05;05;75;35.17;35.17;
2026;05;05;76;44.17;44.17;
2026;05;05;77;35.01;35.01;
2026;05;05;78;61.91;61.91;
2026;05;05;79;66.69;66.69;
2026;05;05;80;72.00;72.00;
2026;05;05;81;102.78;102.78;
2026;05;05;82;104.93;104.93;
2026;05;05;83;110.53;110.53;
2026;05;05;84;117.01;117.01;
2026;05;05;85;115.00;115.00;
2026;05;05;86;117.01;117.01;
2026;05;05;87;117.69;117.69;
2026;05;05;88;113.00;113.00;
2026;05;05;89;119.55;119.55;
2026;05;05;90;114.94;114.94;
2026;05;05;91;115.01;115.01;
2026;05;05;92;115.84;115.84;
2026;05;05;93;114.96;114.96;
2026;05;05;94;112.01;112.01;
2026;05;05;95;113.00;113.00;
2026;05;05;96;107.00;107.00;
*
