MARGINALPIBC;
2026;01;12;1;76.53;76.53;
2026;01;12;2;69.49;69.49;
2026;01;12;3;66.00;66.00;
2026;01;12;4;60.22;60.22;
2026;01;12;5;79.50;79.50;
2026;01;12;6;74.81;74.81;
2026;01;12;7;76.50;76.50;
2026;01;12;8;73.19;73.19;
2026;01;12;9;75.40;75.40;
2026;01;12;10;68.54;68.54;
2026;01;12;11;62.94;62.94;
2026;01;12;12;65.12;65.12;
2026;01;12;13;61.50;61.50;
2026;01;12;14;60.86;60.86;
2026;01;12;15;63.10;63.10;
2026;01;12;16;64.66;64.66;
2026;01;12;17;62.00;62.00;
2026;01;12;18;62.00;62.00;
2026;01;12;19;58.20;58.20;
2026;01;12;20;62.51;62.51;
2026;01;12;21;64.31;64.31;
2026;01;12;22;59.12;59.12;
2026;01;12;23;60.68;60.68;
2026;01;12;24;73.14;73.14;
2026;01;12;25;61.89;61.89;
2026;01;12;26;65.73;65.73;
2026;01;12;27;77.87;77.87;
2026;01;12;28;82.51;82.51;
2026;01;12;29;89.74;89.74;
2026;01;12;30;93.64;93.64;
2026;01;12;31;96.32;96.32;
2026;01;12;32;95.30;95.30;
2026;01;12;33;96.86;96.86;
2026;01;12;34;100.26;100.26;
2026;01;12;35;100.30;100.30;
2026;01;12;36;99.42;99.42;
2026;01;12;37;107.97;107.97;
2026;01;12;38;101.27;101.27;
2026;01;12;39;94.53;94.53;
2026;01;12;40;85.41;85.41;
2026;01;12;41;92.51;92.51;
2026;01;12;42;92.34;92.34;
2026;01;12;43;89.81;89.81;
2026;01;12;44;70.75;70.75;
2026;01;12;45;82.51;82.51;
2026;01;12;46;72.52;72.52;
2026;01;12;47;65.53;65.53;
2026;01;12;48;60.01;60.01;
2026;01;12;49;61.51;61.51;
2026;01;12;50;67.14;67.14;
2026;01;12;51;64.40;64.40;
2026;01;12;52;60.01;60.01;
2026;01;12;53;67.11;67.11;
2026;01;12;54;66.35;66.35;
2026;01;12;55;70.12;70.12;
2026;01;12;56;64.47;64.47;
2026;01;12;57;65.71;65.71;
2026;01;12;58;71.00;71.00;
2026;01;12;59;65.43;65.43;
2026;01;12;60;68.94;68.94;
2026;01;12;61;60.01;60.01;
2026;01;12;62;71.01;71.01;
2026;01;12;63;69.65;69.65;
2026;01;12;64;82.01;82.01;
2026;01;12;65;67.25;67.25;
2026;01;12;66;79.17;79.17;
2026;01;12;67;87.46;87.46;
2026;01;12;68;96.12;96.12;
2026;01;12;69;92.96;92.96;
2026;01;12;70;100.38;100.38;
2026;01;12;71;103.90;103.90;
2026;01;12;72;110.23;110.23;
2026;01;12;73;108.88;108.88;
2026;01;12;74;111.24;111.24;
2026;01;12;75;119.61;119.61;
2026;01;12;76;129.29;129.29;
2026;01;12;77;108.98;108.98;
2026;01;12;78;110.68;110.68;
2026;01;12;79;108.28;108.28;
2026;01;12;80;102.93;102.93;
2026;01;12;81;111.37;111.37;
2026;01;12;82;109.71;109.71;
2026;01;12;83;107.01;107.01;
2026;01;12;84;104.25;104.25;
2026;01;12;85;107.01;107.01;
2026;01;12;86;111.56;111.56;
2026;01;12;87;108.29;108.29;
2026;01;12;88;100.09;100.09;
2026;01;12;89;112.20;112.50;
2026;01;12;90;103.84;103.84;
2026;01;12;91;100.80;100.80;
2026;01;12;92;96.18;96.18;
2026;01;12;93;100.84;100.84;
2026;01;12;94;92.22;92.22;
2026;01;12;95;87.94;87.94;
2026;01;12;96;82.52;82.52;
*
