MARGINALPIBC;
2026;07;03;1;106.47;106.47;
2026;07;03;2;104.53;104.53;
2026;07;03;3;94.50;94.50;
2026;07;03;4;90.72;90.72;
2026;07;03;5;89.09;89.09;
2026;07;03;6;82.88;82.88;
2026;07;03;7;85.78;85.78;
2026;07;03;8;78.13;78.13;
2026;07;03;9;77.89;77.89;
2026;07;03;10;77.89;77.89;
2026;07;03;11;76.37;76.37;
2026;07;03;12;76.24;76.24;
2026;07;03;13;78.71;78.71;
2026;07;03;14;77.89;77.89;
2026;07;03;15;76.44;76.44;
2026;07;03;16;76.24;76.24;
2026;07;03;17;77.89;77.89;
2026;07;03;18;76.44;76.44;
2026;07;03;19;76.44;76.44;
2026;07;03;20;76.44;76.44;
2026;07;03;21;77.89;77.89;
2026;07;03;22;77.83;77.83;
2026;07;03;23;78.13;78.13;
2026;07;03;24;77.05;77.05;
2026;07;03;25;100.83;100.83;
2026;07;03;26;104.81;104.81;
2026;07;03;27;108.86;108.86;
2026;07;03;28;110.52;110.52;
2026;07;03;29;113.30;113.30;
2026;07;03;30;113.30;113.30;
2026;07;03;31;110.52;110.52;
2026;07;03;32;94.00;94.00;
2026;07;03;33;80.14;80.14;
2026;07;03;34;53.57;53.57;
2026;07;03;35;13.46;13.46;
2026;07;03;36;0.17;.17;
2026;07;03;37;15.65;15.65;
2026;07;03;38;10.70;10.70;
2026;07;03;39;2.00;2.00;
2026;07;03;40;0.00;.00;
2026;07;03;41;1.08;1.08;
2026;07;03;42;0.17;.17;
2026;07;03;43;0.01;.01;
2026;07;03;44;0.00;.00;
2026;07;03;45;0.17;.17;
2026;07;03;46;1.08;1.08;
2026;07;03;47;0.17;.17;
2026;07;03;48;0.17;.17;
2026;07;03;49;2.00;2.00;
2026;07;03;50;1.56;1.56;
2026;07;03;51;0.40;.40;
2026;07;03;52;0.00;.00;
2026;07;03;53;1.19;1.19;
2026;07;03;54;1.08;1.08;
2026;07;03;55;1.13;1.13;
2026;07;03;56;1.08;1.08;
2026;07;03;57;0.00;.00;
2026;07;03;58;0.00;.00;
2026;07;03;59;0.00;.00;
2026;07;03;60;0.00;.00;
2026;07;03;61;0.00;.00;
2026;07;03;62;0.00;.00;
2026;07;03;63;0.00;.00;
2026;07;03;64;-0.01;-.01;
2026;07;03;65;0.00;.00;
2026;07;03;66;0.00;.00;
2026;07;03;67;-0.08;-.08;
2026;07;03;68;0.00;.00;
2026;07;03;69;0.00;.00;
2026;07;03;70;0.17;.17;
2026;07;03;71;1.38;1.38;
2026;07;03;72;1.08;1.08;
2026;07;03;73;6.07;6.07;
2026;07;03;74;19.95;19.95;
2026;07;03;75;8.61;8.61;
2026;07;03;76;51.08;51.08;
2026;07;03;77;15.80;15.80;
2026;07;03;78;57.30;57.30;
2026;07;03;79;70.17;70.17;
2026;07;03;80;73.69;73.69;
2026;07;03;81;55.60;55.60;
2026;07;03;82;87.58;87.58;
2026;07;03;83;111.58;111.58;
2026;07;03;84;132.14;132.14;
2026;07;03;85;116.31;116.31;
2026;07;03;86;130.07;130.07;
2026;07;03;87;128.01;128.01;
2026;07;03;88;124.48;124.48;
2026;07;03;89;134.66;134.66;
2026;07;03;90;131.71;131.71;
2026;07;03;91;127.38;127.38;
2026;07;03;92;120.00;120.00;
2026;07;03;93;123.23;123.23;
2026;07;03;94;114.60;114.60;
2026;07;03;95;115.20;115.20;
2026;07;03;96;113.59;113.59;
*
