MARGINALPIBC;
2026;05;15;1;65.43;65.43;
2026;05;15;2;59.04;59.04;
2026;05;15;3;45.20;45.20;
2026;05;15;4;36.46;36.46;
2026;05;15;5;44.93;44.93;
2026;05;15;6;37.08;37.08;
2026;05;15;7;24.00;24.00;
2026;05;15;8;10.05;10.05;
2026;05;15;9;40.86;40.86;
2026;05;15;10;42.94;42.94;
2026;05;15;11;30.00;30.00;
2026;05;15;12;37.27;37.27;
2026;05;15;13;35.22;35.22;
2026;05;15;14;29.52;29.52;
2026;05;15;15;24.82;24.82;
2026;05;15;16;18.32;18.32;
2026;05;15;17;24.03;24.03;
2026;05;15;18;13.93;13.93;
2026;05;15;19;20.00;20.00;
2026;05;15;20;12.04;12.04;
2026;05;15;21;24.50;24.50;
2026;05;15;22;24.50;24.50;
2026;05;15;23;30.33;30.33;
2026;05;15;24;25.40;25.40;
2026;05;15;25;38.63;38.63;
2026;05;15;26;36.34;36.34;
2026;05;15;27;39.71;39.71;
2026;05;15;28;35.00;35.00;
2026;05;15;29;45.10;45.10;
2026;05;15;30;45.20;45.20;
2026;05;15;31;44.67;44.67;
2026;05;15;32;7.01;7.01;
2026;05;15;33;44.67;44.67;
2026;05;15;34;12.40;12.40;
2026;05;15;35;4.14;4.14;
2026;05;15;36;-1.16;-1.16;
2026;05;15;37;19.27;19.27;
2026;05;15;38;18.05;18.05;
2026;05;15;39;8.60;5.41;
2026;05;15;40;4.01;.95;
2026;05;15;41;5.01;3.08;
2026;05;15;42;3.86;3.08;
2026;05;15;43;2.76;1.00;
2026;05;15;44;2.00;1.05;
2026;05;15;45;2.00;.84;
2026;05;15;46;2.02;.84;
2026;05;15;47;2.00;.84;
2026;05;15;48;2.00;.84;
2026;05;15;49;2.01;.84;
2026;05;15;50;2.01;.84;
2026;05;15;51;2.01;.84;
2026;05;15;52;2.01;.84;
2026;05;15;53;0.84;.84;
2026;05;15;54;0.84;.84;
2026;05;15;55;0.02;.02;
2026;05;15;56;0.02;.00;
2026;05;15;57;0.02;.00;
2026;05;15;58;0.02;-.07;
2026;05;15;59;0.02;-.92;
2026;05;15;60;0.02;-2.50;
2026;05;15;61;0.00;-.07;
2026;05;15;62;0.01;-.07;
2026;05;15;63;0.00;-.70;
2026;05;15;64;0.00;-1.16;
2026;05;15;65;0.00;.00;
2026;05;15;66;0.00;-2.10;
2026;05;15;67;0.00;-.07;
2026;05;15;68;0.01;-1.00;
2026;05;15;69;0.01;-3.26;
2026;05;15;70;0.02;.00;
2026;05;15;71;0.02;.02;
2026;05;15;72;0.84;.84;
2026;05;15;73;2.02;.84;
2026;05;15;74;3.85;-.07;
2026;05;15;75;4.01;.00;
2026;05;15;76;6.09;.00;
2026;05;15;77;10.60;10.60;
2026;05;15;78;22.26;22.26;
2026;05;15;79;45.25;45.25;
2026;05;15;80;45.58;45.58;
2026;05;15;81;38.78;38.78;
2026;05;15;82;52.30;52.30;
2026;05;15;83;73.92;73.92;
2026;05;15;84;83.80;83.80;
2026;05;15;85;77.70;77.70;
2026;05;15;86;90.55;90.55;
2026;05;15;87;91.75;91.75;
2026;05;15;88;88.00;88.00;
2026;05;15;89;93.70;93.70;
2026;05;15;90;87.61;87.61;
2026;05;15;91;93.00;93.00;
2026;05;15;92;89.13;89.13;
2026;05;15;93;85.30;85.30;
2026;05;15;94;73.11;73.11;
2026;05;15;95;74.14;74.14;
2026;05;15;96;68.72;68.72;
*
