MARGINALPIBC;
2026;01;26;1;4.00;4.00;
2026;01;26;2;2.78;2.78;
2026;01;26;3;2.78;2.78;
2026;01;26;4;2.78;2.78;
2026;01;26;5;1.40;1.40;
2026;01;26;6;2.27;2.27;
2026;01;26;7;1.99;1.99;
2026;01;26;8;1.00;1.00;
2026;01;26;9;1.40;1.40;
2026;01;26;10;0.98;.98;
2026;01;26;11;1.63;1.63;
2026;01;26;12;1.46;1.46;
2026;01;26;13;2.78;2.78;
2026;01;26;14;2.78;2.78;
2026;01;26;15;2.78;2.78;
2026;01;26;16;2.78;2.78;
2026;01;26;17;0.50;.50;
2026;01;26;18;0.50;.50;
2026;01;26;19;0.50;.50;
2026;01;26;20;0.77;.77;
2026;01;26;21;0.50;.50;
2026;01;26;22;0.50;.50;
2026;01;26;23;4.00;4.00;
2026;01;26;24;6.80;6.80;
2026;01;26;25;2.78;2.78;
2026;01;26;26;2.78;2.78;
2026;01;26;27;4.04;4.04;
2026;01;26;28;0.00;.00;
2026;01;26;29;0.00;.00;
2026;01;26;30;-0.01;11.86;
2026;01;26;31;0.00;17.70;
2026;01;26;32;0.00;29.83;
2026;01;26;33;-5.55;-5.55;
2026;01;26;34;-4.40;-.50;
2026;01;26;35;-4.40;.00;
2026;01;26;36;-4.40;.00;
2026;01;26;37;0.00;.00;
2026;01;26;38;0.00;.00;
2026;01;26;39;0.00;.00;
2026;01;26;40;-0.01;-.01;
2026;01;26;41;0.00;.00;
2026;01;26;42;-1.07;8.93;
2026;01;26;43;-2.20;.00;
2026;01;26;44;-2.20;.00;
2026;01;26;45;22.00;30.40;
2026;01;26;46;14.80;14.80;
2026;01;26;47;0.00;.00;
2026;01;26;48;0.00;.00;
2026;01;26;49;25.46;25.46;
2026;01;26;50;17.84;17.84;
2026;01;26;51;10.00;10.00;
2026;01;26;52;12.00;12.00;
2026;01;26;53;25.46;25.46;
2026;01;26;54;25.57;25.57;
2026;01;26;55;24.86;24.86;
2026;01;26;56;22.60;22.60;
2026;01;26;57;24.61;24.61;
2026;01;26;58;25.46;25.46;
2026;01;26;59;24.74;24.74;
2026;01;26;60;20.26;20.26;
2026;01;26;61;15.68;15.68;
2026;01;26;62;25.46;25.46;
2026;01;26;63;25.79;25.79;
2026;01;26;64;25.90;25.90;
2026;01;26;65;10.00;10.00;
2026;01;26;66;19.80;19.80;
2026;01;26;67;30.23;30.23;
2026;01;26;68;39.41;39.41;
2026;01;26;69;0.01;.01;
2026;01;26;70;17.50;17.50;
2026;01;26;71;25.00;25.00;
2026;01;26;72;38.47;38.47;
2026;01;26;73;25.00;25.00;
2026;01;26;74;30.00;30.00;
2026;01;26;75;48.73;48.73;
2026;01;26;76;53.90;53.90;
2026;01;26;77;61.40;61.40;
2026;01;26;78;68.99;77.79;
2026;01;26;79;50.00;79.89;
2026;01;26;80;50.00;83.30;
2026;01;26;81;50.00;91.15;
2026;01;26;82;50.00;96.00;
2026;01;26;83;50.00;99.46;
2026;01;26;84;50.00;92.57;
2026;01;26;85;46.94;101.19;
2026;01;26;86;46.34;102.92;
2026;01;26;87;43.26;90.63;
2026;01;26;88;62.00;70.00;
2026;01;26;89;39.00;69.40;
2026;01;26;90;27.99;42.29;
2026;01;26;91;4.68;4.68;
2026;01;26;92;12.87;12.87;
2026;01;26;93;11.78;11.78;
2026;01;26;94;3.42;3.42;
2026;01;26;95;0.00;.00;
2026;01;26;96;0.00;.00;
*
