MARGINALPIBC;
2026;07;11;1;150.17;150.17;
2026;07;11;2;148.00;148.00;
2026;07;11;3;143.44;143.44;
2026;07;11;4;137.84;137.84;
2026;07;11;5;144.34;144.34;
2026;07;11;6;143.36;143.36;
2026;07;11;7;140.90;140.90;
2026;07;11;8;136.01;136.01;
2026;07;11;9;142.42;142.42;
2026;07;11;10;155.60;155.60;
2026;07;11;11;146.26;146.26;
2026;07;11;12;155.99;155.99;
2026;07;11;13;161.48;161.48;
2026;07;11;14;161.48;161.48;
2026;07;11;15;161.48;161.48;
2026;07;11;16;160.39;160.39;
2026;07;11;17;160.39;160.39;
2026;07;11;18;160.39;160.39;
2026;07;11;19;160.39;160.39;
2026;07;11;20;146.70;146.70;
2026;07;11;21;152.79;152.79;
2026;07;11;22;151.85;151.85;
2026;07;11;23;160.39;160.39;
2026;07;11;24;147.50;147.50;
2026;07;11;25;153.45;153.45;
2026;07;11;26;160.39;160.39;
2026;07;11;27;158.99;158.99;
2026;07;11;28;154.31;154.31;
2026;07;11;29;135.31;135.31;
2026;07;11;30;126.13;126.13;
2026;07;11;31;121.85;121.85;
2026;07;11;32;111.37;111.37;
2026;07;11;33;135.72;135.72;
2026;07;11;34;121.67;121.67;
2026;07;11;35;102.08;102.08;
2026;07;11;36;63.00;63.00;
2026;07;11;37;101.43;101.43;
2026;07;11;38;98.36;98.36;
2026;07;11;39;70.22;70.22;
2026;07;11;40;6.08;6.08;
2026;07;11;41;37.99;37.99;
2026;07;11;42;12.26;12.26;
2026;07;11;43;0.71;.71;
2026;07;11;44;0.17;.17;
2026;07;11;45;-2.64;-2.64;
2026;07;11;46;-6.92;-6.92;
2026;07;11;47;-6.79;-6.79;
2026;07;11;48;-6.48;-6.48;
2026;07;11;49;-0.91;-.91;
2026;07;11;50;-1.10;-1.10;
2026;07;11;51;-1.24;-1.24;
2026;07;11;52;-0.81;-.81;
2026;07;11;53;0.00;.00;
2026;07;11;54;0.00;.00;
2026;07;11;55;0.00;.00;
2026;07;11;56;0.00;.00;
2026;07;11;57;0.00;.00;
2026;07;11;58;0.00;.00;
2026;07;11;59;0.00;.00;
2026;07;11;60;0.00;.00;
2026;07;11;61;-6.93;-6.93;
2026;07;11;62;-6.00;-6.00;
2026;07;11;63;-7.59;-7.59;
2026;07;11;64;-7.48;-7.48;
2026;07;11;65;-5.99;-5.99;
2026;07;11;66;-4.86;-4.86;
2026;07;11;67;-3.17;-3.17;
2026;07;11;68;-1.00;-1.00;
2026;07;11;69;0.17;.17;
2026;07;11;70;0.17;.17;
2026;07;11;71;0.17;.17;
2026;07;11;72;2.26;2.26;
2026;07;11;73;21.89;21.89;
2026;07;11;74;41.97;41.97;
2026;07;11;75;53.09;53.09;
2026;07;11;76;62.17;62.17;
2026;07;11;77;55.00;55.00;
2026;07;11;78;83.76;83.76;
2026;07;11;79;89.46;89.46;
2026;07;11;80;109.21;109.21;
2026;07;11;81;107.03;107.03;
2026;07;11;82;123.04;123.04;
2026;07;11;83;151.46;151.46;
2026;07;11;84;154.07;154.07;
2026;07;11;85;152.25;152.25;
2026;07;11;86;151.90;151.90;
2026;07;11;87;154.45;154.45;
2026;07;11;88;152.00;152.00;
2026;07;11;89;156.01;156.01;
2026;07;11;90;151.45;151.45;
2026;07;11;91;150.33;150.33;
2026;07;11;92;146.97;146.97;
2026;07;11;93;147.36;147.36;
2026;07;11;94;144.62;144.62;
2026;07;11;95;143.25;143.25;
2026;07;11;96;140.63;140.63;
*
