MARGINALPIBC;
2026;02;10;1;0.00;.00;
2026;02;10;2;0.00;.00;
2026;02;10;3;-0.01;-.01;
2026;02;10;4;-0.50;-.50;
2026;02;10;5;-0.01;-.01;
2026;02;10;6;-0.01;-.01;
2026;02;10;7;-0.01;-.01;
2026;02;10;8;-0.01;-.01;
2026;02;10;9;0.00;.00;
2026;02;10;10;-0.01;-.01;
2026;02;10;11;-0.01;-.01;
2026;02;10;12;-0.01;-.01;
2026;02;10;13;0.00;.00;
2026;02;10;14;0.00;.00;
2026;02;10;15;0.00;.00;
2026;02;10;16;0.00;.00;
2026;02;10;17;0.00;.00;
2026;02;10;18;0.00;.00;
2026;02;10;19;0.00;.00;
2026;02;10;20;0.00;.00;
2026;02;10;21;0.00;.00;
2026;02;10;22;0.00;.00;
2026;02;10;23;0.00;.00;
2026;02;10;24;0.00;.00;
2026;02;10;25;-0.01;-.01;
2026;02;10;26;-0.01;-.01;
2026;02;10;27;-0.01;-.01;
2026;02;10;28;-0.50;-.50;
2026;02;10;29;-0.50;-.50;
2026;02;10;30;-0.01;.00;
2026;02;10;31;0.59;.59;
2026;02;10;32;-0.10;-.10;
2026;02;10;33;0.00;.00;
2026;02;10;34;-0.01;-.01;
2026;02;10;35;-0.01;-.01;
2026;02;10;36;-0.01;-.01;
2026;02;10;37;-0.01;-.01;
2026;02;10;38;-0.01;-.01;
2026;02;10;39;1.50;1.50;
2026;02;10;40;0.79;.79;
2026;02;10;41;3.78;3.78;
2026;02;10;42;2.52;2.52;
2026;02;10;43;1.99;1.99;
2026;02;10;44;1.51;1.51;
2026;02;10;45;0.99;.99;
2026;02;10;46;0.91;.91;
2026;02;10;47;0.79;.79;
2026;02;10;48;0.56;.56;
2026;02;10;49;0.50;.50;
2026;02;10;50;0.33;.33;
2026;02;10;51;0.24;.24;
2026;02;10;52;0.00;.00;
2026;02;10;53;0.00;.00;
2026;02;10;54;0.00;.00;
2026;02;10;55;0.00;.00;
2026;02;10;56;0.00;.00;
2026;02;10;57;0.00;.00;
2026;02;10;58;0.00;.00;
2026;02;10;59;0.00;.00;
2026;02;10;60;0.00;.00;
2026;02;10;61;0.00;.00;
2026;02;10;62;-0.01;-.01;
2026;02;10;63;0.00;.00;
2026;02;10;64;0.00;.00;
2026;02;10;65;0.00;.00;
2026;02;10;66;0.00;.00;
2026;02;10;67;0.59;.59;
2026;02;10;68;0.00;.00;
2026;02;10;69;0.91;.91;
2026;02;10;70;1.46;1.98;
2026;02;10;71;2.00;3.78;
2026;02;10;72;-0.01;3.78;
2026;02;10;73;-3.55;3.78;
2026;02;10;74;-3.55;.00;
2026;02;10;75;-3.50;.00;
2026;02;10;76;-1.23;.00;
2026;02;10;77;-1.23;.00;
2026;02;10;78;-0.72;.55;
2026;02;10;79;-0.57;10.00;
2026;02;10;80;4.93;11.01;
2026;02;10;81;5.36;11.00;
2026;02;10;82;6.94;14.20;
2026;02;10;83;6.94;13.77;
2026;02;10;84;6.45;6.45;
2026;02;10;85;6.50;6.50;
2026;02;10;86;5.92;5.92;
2026;02;10;87;-0.81;-.81;
2026;02;10;88;-1.84;-1.84;
2026;02;10;89;1.98;1.98;
2026;02;10;90;1.27;1.27;
2026;02;10;91;-0.22;-.22;
2026;02;10;92;-0.40;-.40;
2026;02;10;93;0.00;.00;
2026;02;10;94;0.00;.00;
2026;02;10;95;0.65;.65;
2026;02;10;96;-0.50;-.50;
*
