MARGINALPIBC;
2026;03;13;1;55.49;55.49;
2026;03;13;2;61.40;61.40;
2026;03;13;3;60.00;60.00;
2026;03;13;4;35.00;35.00;
2026;03;13;5;71.10;71.10;
2026;03;13;6;67.70;67.70;
2026;03;13;7;59.73;59.73;
2026;03;13;8;61.01;61.01;
2026;03;13;9;45.00;45.00;
2026;03;13;10;39.01;39.01;
2026;03;13;11;37.13;37.13;
2026;03;13;12;37.82;37.82;
2026;03;13;13;45.00;45.00;
2026;03;13;14;42.20;42.20;
2026;03;13;15;40.10;40.10;
2026;03;13;16;42.20;42.20;
2026;03;13;17;42.20;42.20;
2026;03;13;18;45.92;45.92;
2026;03;13;19;42.20;42.20;
2026;03;13;20;50.81;50.81;
2026;03;13;21;42.92;42.92;
2026;03;13;22;45.70;45.70;
2026;03;13;23;39.71;39.71;
2026;03;13;24;44.01;44.01;
2026;03;13;25;37.42;37.42;
2026;03;13;26;60.00;60.00;
2026;03;13;27;61.00;61.00;
2026;03;13;28;64.00;64.00;
2026;03;13;29;65.00;65.00;
2026;03;13;30;74.01;74.01;
2026;03;13;31;81.44;81.44;
2026;03;13;32;80.00;80.00;
2026;03;13;33;90.20;90.20;
2026;03;13;34;76.65;76.65;
2026;03;13;35;58.87;58.87;
2026;03;13;36;42.20;42.20;
2026;03;13;37;54.00;54.00;
2026;03;13;38;38.93;38.93;
2026;03;13;39;27.01;27.01;
2026;03;13;40;3.78;3.78;
2026;03;13;41;7.33;7.33;
2026;03;13;42;27.01;3.78;
2026;03;13;43;27.01;3.78;
2026;03;13;44;27.01;1.50;
2026;03;13;45;15.00;.91;
2026;03;13;46;15.00;1.98;
2026;03;13;47;15.00;1.50;
2026;03;13;48;15.00;.91;
2026;03;13;49;2.00;.91;
2026;03;13;50;0.91;.91;
2026;03;13;51;0.91;.91;
2026;03;13;52;0.90;.90;
2026;03;13;53;0.91;.91;
2026;03;13;54;0.91;.91;
2026;03;13;55;0.91;.91;
2026;03;13;56;0.91;.91;
2026;03;13;57;0.01;.01;
2026;03;13;58;0.01;.01;
2026;03;13;59;0.00;.00;
2026;03;13;60;0.00;.00;
2026;03;13;61;0.00;.00;
2026;03;13;62;0.01;.01;
2026;03;13;63;0.01;.01;
2026;03;13;64;0.01;.01;
2026;03;13;65;0.01;.01;
2026;03;13;66;0.91;.91;
2026;03;13;67;0.91;.91;
2026;03;13;68;1.98;1.98;
2026;03;13;69;2.00;2.00;
2026;03;13;70;3.78;3.78;
2026;03;13;71;25.25;25.25;
2026;03;13;72;40.70;40.70;
2026;03;13;73;49.08;49.08;
2026;03;13;74;69.74;69.74;
2026;03;13;75;67.12;67.12;
2026;03;13;76;87.35;104.70;
2026;03;13;77;79.11;108.43;
2026;03;13;78;35.00;121.98;
2026;03;13;79;35.00;128.53;
2026;03;13;80;89.90;129.20;
2026;03;13;81;25.50;121.40;
2026;03;13;82;25.50;121.07;
2026;03;13;83;96.66;108.34;
2026;03;13;84;91.49;92.29;
2026;03;13;85;84.09;113.72;
2026;03;13;86;90.37;95.37;
2026;03;13;87;89.01;89.01;
2026;03;13;88;63.00;63.00;
2026;03;13;89;39.13;84.63;
2026;03;13;90;35.00;71.80;
2026;03;13;91;35.00;65.60;
2026;03;13;92;60.01;62.00;
2026;03;13;93;61.00;61.00;
2026;03;13;94;56.53;56.53;
2026;03;13;95;48.52;48.52;
2026;03;13;96;30.20;30.20;
*
