MARGINALPIBC;
2026;02;27;1;22.54;-10.00;
2026;02;27;2;-0.80;-.80;
2026;02;27;3;-1.00;-1.00;
2026;02;27;4;-6.00;-6.19;
2026;02;27;5;14.40;14.40;
2026;02;27;6;11.54;11.54;
2026;02;27;7;7.43;7.43;
2026;02;27;8;3.78;3.78;
2026;02;27;9;13.98;13.98;
2026;02;27;10;13.67;13.67;
2026;02;27;11;12.61;12.61;
2026;02;27;12;11.14;11.14;
2026;02;27;13;11.15;11.15;
2026;02;27;14;11.15;11.15;
2026;02;27;15;10.00;10.00;
2026;02;27;16;9.65;9.65;
2026;02;27;17;11.02;11.02;
2026;02;27;18;9.50;9.50;
2026;02;27;19;11.14;11.14;
2026;02;27;20;10.61;10.61;
2026;02;27;21;11.15;11.15;
2026;02;27;22;11.28;11.28;
2026;02;27;23;11.61;11.61;
2026;02;27;24;13.67;13.67;
2026;02;27;25;0.90;.90;
2026;02;27;26;-0.45;-.45;
2026;02;27;27;0.00;.00;
2026;02;27;28;-3.00;-3.00;
2026;02;27;29;5.00;5.00;
2026;02;27;30;13.27;13.27;
2026;02;27;31;23.21;23.21;
2026;02;27;32;34.49;34.49;
2026;02;27;33;34.49;34.49;
2026;02;27;34;10.10;10.10;
2026;02;27;35;4.70;4.70;
2026;02;27;36;1.86;1.86;
2026;02;27;37;22.00;22.00;
2026;02;27;38;24.50;24.50;
2026;02;27;39;22.40;22.40;
2026;02;27;40;20.19;20.19;
2026;02;27;41;18.08;18.08;
2026;02;27;42;10.20;3.26;
2026;02;27;43;10.20;.91;
2026;02;27;44;10.00;.58;
2026;02;27;45;8.61;-2.99;
2026;02;27;46;10.00;-4.00;
2026;02;27;47;10.00;-4.65;
2026;02;27;48;10.10;-2.10;
2026;02;27;49;8.61;.01;
2026;02;27;50;8.61;.00;
2026;02;27;51;8.61;.00;
2026;02;27;52;8.61;.91;
2026;02;27;53;6.10;.01;
2026;02;27;54;5.38;.91;
2026;02;27;55;5.33;.91;
2026;02;27;56;5.33;.91;
2026;02;27;57;3.02;.01;
2026;02;27;58;2.00;.00;
2026;02;27;59;0.90;.90;
2026;02;27;60;0.91;.91;
2026;02;27;61;7.00;-1.00;
2026;02;27;62;7.00;-.30;
2026;02;27;63;7.00;.00;
2026;02;27;64;7.00;.00;
2026;02;27;65;4.97;.97;
2026;02;27;66;2.78;2.78;
2026;02;27;67;8.20;8.20;
2026;02;27;68;11.67;11.67;
2026;02;27;69;3.41;3.41;
2026;02;27;70;4.02;4.02;
2026;02;27;71;8.42;8.42;
2026;02;27;72;13.38;13.38;
2026;02;27;73;2.10;2.10;
2026;02;27;74;5.20;5.20;
2026;02;27;75;10.10;10.10;
2026;02;27;76;39.50;41.10;
2026;02;27;77;-5.00;60.69;
2026;02;27;78;14.00;71.73;
2026;02;27;79;62.12;62.12;
2026;02;27;80;65.46;65.46;
2026;02;27;81;-5.00;81.80;
2026;02;27;82;-3.00;80.80;
2026;02;27;83;-3.00;81.80;
2026;02;27;84;-3.00;66.23;
2026;02;27;85;-3.00;61.00;
2026;02;27;86;-5.00;39.48;
2026;02;27;87;24.70;24.70;
2026;02;27;88;13.69;13.69;
2026;02;27;89;15.21;15.21;
2026;02;27;90;10.10;10.10;
2026;02;27;91;15.00;15.00;
2026;02;27;92;10.29;10.29;
2026;02;27;93;29.89;29.89;
2026;02;27;94;5.37;5.37;
2026;02;27;95;10.10;10.10;
2026;02;27;96;2.94;2.94;
*
