MARGINALPIBC;
2026;05;07;1;110.92;110.92;
2026;05;07;2;112.45;112.45;
2026;05;07;3;108.09;108.09;
2026;05;07;4;98.99;98.99;
2026;05;07;5;104.98;104.98;
2026;05;07;6;107.49;107.49;
2026;05;07;7;106.07;106.07;
2026;05;07;8;102.97;102.97;
2026;05;07;9;108.46;108.46;
2026;05;07;10;108.65;108.65;
2026;05;07;11;108.48;108.48;
2026;05;07;12;107.49;107.49;
2026;05;07;13;107.18;107.18;
2026;05;07;14;104.68;104.68;
2026;05;07;15;103.50;103.50;
2026;05;07;16;103.40;103.40;
2026;05;07;17;100.64;100.64;
2026;05;07;18;100.64;100.64;
2026;05;07;19;101.48;101.48;
2026;05;07;20;101.83;101.83;
2026;05;07;21;108.30;108.30;
2026;05;07;22;106.31;106.31;
2026;05;07;23;105.54;105.54;
2026;05;07;24;100.50;100.50;
2026;05;07;25;106.85;106.85;
2026;05;07;26;106.86;106.86;
2026;05;07;27;102.64;102.64;
2026;05;07;28;104.49;104.49;
2026;05;07;29;88.36;127.80;
2026;05;07;30;88.36;131.47;
2026;05;07;31;132.58;132.58;
2026;05;07;32;120.99;120.99;
2026;05;07;33;108.12;108.12;
2026;05;07;34;90.61;90.61;
2026;05;07;35;98.21;98.21;
2026;05;07;36;93.67;93.67;
2026;05;07;37;85.36;85.36;
2026;05;07;38;75.25;75.25;
2026;05;07;39;22.78;22.78;
2026;05;07;40;5.00;5.00;
2026;05;07;41;22.78;22.78;
2026;05;07;42;53.14;53.14;
2026;05;07;43;49.05;49.05;
2026;05;07;44;34.54;34.54;
2026;05;07;45;15.42;15.42;
2026;05;07;46;15.42;15.42;
2026;05;07;47;22.78;22.78;
2026;05;07;48;22.78;22.78;
2026;05;07;49;25.00;25.00;
2026;05;07;50;24.11;24.11;
2026;05;07;51;22.78;22.78;
2026;05;07;52;22.10;22.10;
2026;05;07;53;21.23;21.23;
2026;05;07;54;21.23;21.23;
2026;05;07;55;18.57;18.51;
2026;05;07;56;18.57;14.50;
2026;05;07;57;16.94;11.44;
2026;05;07;58;18.90;18.90;
2026;05;07;59;20.00;20.00;
2026;05;07;60;20.00;20.00;
2026;05;07;61;22.78;22.78;
2026;05;07;62;22.78;22.78;
2026;05;07;63;22.78;22.78;
2026;05;07;64;27.10;27.10;
2026;05;07;65;22.50;22.50;
2026;05;07;66;23.95;23.95;
2026;05;07;67;22.78;22.78;
2026;05;07;68;22.78;22.78;
2026;05;07;69;35.30;35.30;
2026;05;07;70;48.88;48.88;
2026;05;07;71;50.09;50.09;
2026;05;07;72;53.96;53.96;
2026;05;07;73;50.24;50.24;
2026;05;07;74;57.41;57.41;
2026;05;07;75;62.02;62.02;
2026;05;07;76;76.83;76.83;
2026;05;07;77;60.77;60.77;
2026;05;07;78;60.77;60.77;
2026;05;07;79;98.85;98.85;
2026;05;07;80;98.30;98.30;
2026;05;07;81;104.21;104.21;
2026;05;07;82;116.42;116.42;
2026;05;07;83;117.05;117.05;
2026;05;07;84;122.80;129.45;
2026;05;07;85;133.33;133.33;
2026;05;07;86;126.49;137.20;
2026;05;07;87;129.87;146.10;
2026;05;07;88;127.21;127.21;
2026;05;07;89;128.13;142.00;
2026;05;07;90;126.70;126.70;
2026;05;07;91;123.55;139.16;
2026;05;07;92;123.02;123.02;
2026;05;07;93;113.71;125.28;
2026;05;07;94;118.40;118.40;
2026;05;07;95;112.96;122.03;
2026;05;07;96;112.10;112.10;
*
