MARGINALPIBC;
2026;03;19;1;15.00;15.00;
2026;03;19;2;18.78;18.78;
2026;03;19;3;5.00;5.00;
2026;03;19;4;0.66;.66;
2026;03;19;5;7.22;7.22;
2026;03;19;6;4.78;4.78;
2026;03;19;7;5.00;5.00;
2026;03;19;8;5.00;5.00;
2026;03;19;9;3.78;3.78;
2026;03;19;10;2.66;2.66;
2026;03;19;11;2.66;2.66;
2026;03;19;12;0.66;.66;
2026;03;19;13;2.66;2.66;
2026;03;19;14;0.66;.66;
2026;03;19;15;0.66;.66;
2026;03;19;16;0.66;.66;
2026;03;19;17;2.66;2.66;
2026;03;19;18;0.66;.66;
2026;03;19;19;0.66;.66;
2026;03;19;20;1.46;1.46;
2026;03;19;21;0.66;.66;
2026;03;19;22;0.66;.66;
2026;03;19;23;0.66;.66;
2026;03;19;24;0.66;.66;
2026;03;19;25;0.66;.66;
2026;03;19;26;3.33;3.33;
2026;03;19;27;7.22;7.22;
2026;03;19;28;14.04;14.04;
2026;03;19;29;34.00;34.00;
2026;03;19;30;34.71;34.71;
2026;03;19;31;39.00;39.00;
2026;03;19;32;34.69;34.69;
2026;03;19;33;33.01;33.01;
2026;03;19;34;4.80;4.80;
2026;03;19;35;0.66;.66;
2026;03;19;36;0.00;.00;
2026;03;19;37;-4.34;-4.34;
2026;03;19;38;-1.67;-1.67;
2026;03;19;39;-0.99;-.99;
2026;03;19;40;0.00;-.99;
2026;03;19;41;-4.34;-11.78;
2026;03;19;42;-0.39;-14.00;
2026;03;19;43;-4.34;-19.00;
2026;03;19;44;-1.00;-19.00;
2026;03;19;45;-0.58;-.58;
2026;03;19;46;-0.44;-.44;
2026;03;19;47;-0.50;-.50;
2026;03;19;48;-0.01;-.01;
2026;03;19;49;-2.10;-2.10;
2026;03;19;50;-0.20;-.20;
2026;03;19;51;-0.02;-.02;
2026;03;19;52;0.00;.00;
2026;03;19;53;-0.39;-.50;
2026;03;19;54;-0.82;-.82;
2026;03;19;55;-2.10;-2.10;
2026;03;19;56;-2.01;-2.01;
2026;03;19;57;-0.02;-.02;
2026;03;19;58;-0.01;-.01;
2026;03;19;59;-0.20;-.20;
2026;03;19;60;-0.01;-.01;
2026;03;19;61;-0.39;-11.32;
2026;03;19;62;-1.00;-11.12;
2026;03;19;63;-4.00;-11.26;
2026;03;19;64;-4.34;-10.82;
2026;03;19;65;-0.51;-.51;
2026;03;19;66;-0.81;-.81;
2026;03;19;67;0.08;.04;
2026;03;19;68;1.21;1.21;
2026;03;19;69;0.00;.00;
2026;03;19;70;0.66;.66;
2026;03;19;71;2.66;2.66;
2026;03;19;72;5.00;5.00;
2026;03;19;73;1.00;1.00;
2026;03;19;74;2.66;2.66;
2026;03;19;75;20.52;20.52;
2026;03;19;76;43.68;43.68;
2026;03;19;77;47.96;47.96;
2026;03;19;78;64.00;64.00;
2026;03;19;79;75.17;75.17;
2026;03;19;80;78.10;78.10;
2026;03;19;81;62.91;62.91;
2026;03;19;82;69.04;69.04;
2026;03;19;83;60.71;60.71;
2026;03;19;84;47.82;47.82;
2026;03;19;85;55.20;55.20;
2026;03;19;86;46.02;46.02;
2026;03;19;87;50.82;50.82;
2026;03;19;88;30.20;30.20;
2026;03;19;89;32.24;32.24;
2026;03;19;90;27.58;27.58;
2026;03;19;91;31.21;31.21;
2026;03;19;92;30.00;30.00;
2026;03;19;93;30.00;30.00;
2026;03;19;94;25.56;25.56;
2026;03;19;95;33.00;33.00;
2026;03;19;96;29.30;29.30;
*
