MARGINALPIBC;
2026;04;12;1;37.61;37.61;
2026;04;12;2;39.37;39.37;
2026;04;12;3;20.01;20.01;
2026;04;12;4;15.01;15.01;
2026;04;12;5;23.04;23.04;
2026;04;12;6;21.70;21.70;
2026;04;12;7;34.46;34.46;
2026;04;12;8;20.72;20.72;
2026;04;12;9;40.54;40.54;
2026;04;12;10;19.81;19.81;
2026;04;12;11;15.26;15.26;
2026;04;12;12;15.01;15.01;
2026;04;12;13;15.01;14.00;
2026;04;12;14;10.63;10.63;
2026;04;12;15;10.00;10.00;
2026;04;12;16;6.11;6.11;
2026;04;12;17;10.88;10.88;
2026;04;12;18;14.00;14.00;
2026;04;12;19;10.00;10.00;
2026;04;12;20;12.38;12.38;
2026;04;12;21;15.01;15.01;
2026;04;12;22;14.00;14.00;
2026;04;12;23;11.98;11.98;
2026;04;12;24;6.10;6.10;
2026;04;12;25;28.70;28.70;
2026;04;12;26;26.09;26.09;
2026;04;12;27;26.02;26.02;
2026;04;12;28;24.53;24.53;
2026;04;12;29;15.01;15.01;
2026;04;12;30;15.00;15.00;
2026;04;12;31;16.57;16.57;
2026;04;12;32;13.50;13.50;
2026;04;12;33;15.00;15.00;
2026;04;12;34;15.00;15.00;
2026;04;12;35;10.20;10.20;
2026;04;12;36;0.10;.10;
2026;04;12;37;15.01;15.01;
2026;04;12;38;10.11;10.11;
2026;04;12;39;9.27;.84;
2026;04;12;40;2.51;.62;
2026;04;12;41;10.01;5.41;
2026;04;12;42;3.08;3.08;
2026;04;12;43;3.00;3.00;
2026;04;12;44;2.34;1.84;
2026;04;12;45;10.01;.84;
2026;04;12;46;10.01;.84;
2026;04;12;47;10.01;.01;
2026;04;12;48;2.00;.84;
2026;04;12;49;2.00;.01;
2026;04;12;50;2.00;.00;
2026;04;12;51;2.00;.00;
2026;04;12;52;2.00;.00;
2026;04;12;53;2.00;.84;
2026;04;12;54;2.00;.84;
2026;04;12;55;1.50;.84;
2026;04;12;56;1.50;.84;
2026;04;12;57;1.50;.84;
2026;04;12;58;1.25;.84;
2026;04;12;59;0.19;.19;
2026;04;12;60;0.01;.01;
2026;04;12;61;0.00;.00;
2026;04;12;62;0.01;.00;
2026;04;12;63;0.00;.00;
2026;04;12;64;0.00;-.01;
2026;04;12;65;0.00;-.01;
2026;04;12;66;0.00;-.07;
2026;04;12;67;0.00;-.34;
2026;04;12;68;0.00;-.34;
2026;04;12;69;0.00;-.01;
2026;04;12;70;0.00;-.01;
2026;04;12;71;0.00;.00;
2026;04;12;72;1.00;.00;
2026;04;12;73;0.01;.00;
2026;04;12;74;1.49;.00;
2026;04;12;75;2.00;.03;
2026;04;12;76;10.01;.84;
2026;04;12;77;3.08;3.08;
2026;04;12;78;5.59;5.59;
2026;04;12;79;15.01;14.00;
2026;04;12;80;18.55;18.55;
2026;04;12;81;8.00;18.00;
2026;04;12;82;5.01;35.00;
2026;04;12;83;5.01;56.80;
2026;04;12;84;28.04;65.71;
2026;04;12;85;5.01;74.78;
2026;04;12;86;5.01;96.50;
2026;04;12;87;5.01;97.41;
2026;04;12;88;5.01;77.00;
2026;04;12;89;34.73;71.20;
2026;04;12;90;35.00;66.00;
2026;04;12;91;34.73;61.24;
2026;04;12;92;35.00;44.81;
2026;04;12;93;35.17;35.52;
2026;04;12;94;27.02;27.02;
2026;04;12;95;16.99;16.99;
2026;04;12;96;5.01;5.01;
*
