MARGINALPIBC;
2026;06;12;1;26.00;26.00;
2026;06;12;2;23.00;23.00;
2026;06;12;3;11.70;11.70;
2026;06;12;4;6.21;6.21;
2026;06;12;5;20.00;20.00;
2026;06;12;6;6.21;6.21;
2026;06;12;7;6.21;6.21;
2026;06;12;8;6.21;6.21;
2026;06;12;9;12.04;12.04;
2026;06;12;10;6.21;6.21;
2026;06;12;11;6.21;6.21;
2026;06;12;12;6.21;6.21;
2026;06;12;13;6.21;6.21;
2026;06;12;14;6.21;6.21;
2026;06;12;15;6.21;6.21;
2026;06;12;16;6.21;6.21;
2026;06;12;17;6.21;6.21;
2026;06;12;18;6.21;6.21;
2026;06;12;19;6.21;6.21;
2026;06;12;20;6.21;6.21;
2026;06;12;21;6.21;6.21;
2026;06;12;22;6.21;6.21;
2026;06;12;23;6.21;6.21;
2026;06;12;24;7.61;7.61;
2026;06;12;25;23.00;23.00;
2026;06;12;26;23.00;23.00;
2026;06;12;27;23.42;23.42;
2026;06;12;28;24.50;24.50;
2026;06;12;29;33.69;33.69;
2026;06;12;30;29.00;29.00;
2026;06;12;31;50.24;50.24;
2026;06;12;32;24.30;24.30;
2026;06;12;33;43.70;43.70;
2026;06;12;34;21.86;21.86;
2026;06;12;35;14.09;14.09;
2026;06;12;36;4.31;4.31;
2026;06;12;37;4.31;4.31;
2026;06;12;38;1.78;1.78;
2026;06;12;39;1.75;.84;
2026;06;12;40;1.77;1.77;
2026;06;12;41;1.78;.00;
2026;06;12;42;1.75;-.07;
2026;06;12;43;1.77;1.77;
2026;06;12;44;0.84;.84;
2026;06;12;45;1.77;1.77;
2026;06;12;46;1.00;.11;
2026;06;12;47;0.00;.00;
2026;06;12;48;0.24;.24;
2026;06;12;49;1.75;1.28;
2026;06;12;50;1.75;1.75;
2026;06;12;51;1.50;1.50;
2026;06;12;52;1.75;1.28;
2026;06;12;53;1.75;-.07;
2026;06;12;54;1.77;-.07;
2026;06;12;55;1.77;-.07;
2026;06;12;56;2.00;-2.02;
2026;06;12;57;2.46;-1.11;
2026;06;12;58;2.99;-1.51;
2026;06;12;59;3.46;-2.00;
2026;06;12;60;3.46;-4.03;
2026;06;12;61;6.21;-3.51;
2026;06;12;62;6.21;-3.52;
2026;06;12;63;6.21;-6.32;
2026;06;12;64;6.21;-3.53;
2026;06;12;65;6.21;-2.70;
2026;06;12;66;9.61;-2.58;
2026;06;12;67;9.61;-5.01;
2026;06;12;68;9.61;-5.65;
2026;06;12;69;9.61;-.07;
2026;06;12;70;9.61;-.07;
2026;06;12;71;9.61;-5.00;
2026;06;12;72;9.61;-2.58;
2026;06;12;73;6.21;-9.16;
2026;06;12;74;6.21;-.07;
2026;06;12;75;6.21;.84;
2026;06;12;76;6.21;6.21;
2026;06;12;77;14.80;14.80;
2026;06;12;78;18.16;18.16;
2026;06;12;79;25.72;25.72;
2026;06;12;80;50.48;50.48;
2026;06;12;81;45.45;45.45;
2026;06;12;82;65.73;65.73;
2026;06;12;83;95.79;95.79;
2026;06;12;84;109.60;109.60;
2026;06;12;85;108.32;108.32;
2026;06;12;86;116.79;116.79;
2026;06;12;87;117.65;117.65;
2026;06;12;88;115.80;115.80;
2026;06;12;89;114.07;114.07;
2026;06;12;90;112.20;112.20;
2026;06;12;91;112.56;112.56;
2026;06;12;92;106.30;106.30;
2026;06;12;93;105.71;105.71;
2026;06;12;94;100.67;100.67;
2026;06;12;95;100.10;100.10;
2026;06;12;96;91.05;91.05;
*
