MARGINALPIBC;
2026;01;21;1;81.14;81.14;
2026;01;21;2;94.00;94.00;
2026;01;21;3;83.19;83.19;
2026;01;21;4;72.00;72.00;
2026;01;21;5;85.40;85.40;
2026;01;21;6;83.06;83.06;
2026;01;21;7;81.43;81.43;
2026;01;21;8;70.71;70.71;
2026;01;21;9;77.06;77.06;
2026;01;21;10;78.83;78.83;
2026;01;21;11;74.19;74.19;
2026;01;21;12;65.00;65.00;
2026;01;21;13;71.57;71.57;
2026;01;21;14;65.67;65.67;
2026;01;21;15;61.32;61.32;
2026;01;21;16;62.32;62.32;
2026;01;21;17;64.60;64.60;
2026;01;21;18;65.59;65.59;
2026;01;21;19;64.60;64.60;
2026;01;21;20;62.83;62.83;
2026;01;21;21;65.00;65.00;
2026;01;21;22;65.66;65.66;
2026;01;21;23;71.82;71.82;
2026;01;21;24;69.52;69.52;
2026;01;21;25;63.60;63.60;
2026;01;21;26;72.19;72.19;
2026;01;21;27;78.99;78.99;
2026;01;21;28;85.80;85.80;
2026;01;21;29;75.14;83.48;
2026;01;21;30;75.14;98.77;
2026;01;21;31;76.00;108.32;
2026;01;21;32;76.00;113.13;
2026;01;21;33;76.00;79.37;
2026;01;21;34;80.00;91.96;
2026;01;21;35;80.00;92.90;
2026;01;21;36;81.14;93.14;
2026;01;21;37;92.66;92.66;
2026;01;21;38;90.91;90.91;
2026;01;21;39;87.63;87.63;
2026;01;21;40;86.31;86.31;
2026;01;21;41;82.60;82.60;
2026;01;21;42;86.16;86.16;
2026;01;21;43;75.14;75.14;
2026;01;21;44;72.19;72.19;
2026;01;21;45;72.19;72.19;
2026;01;21;46;72.19;72.19;
2026;01;21;47;67.80;67.80;
2026;01;21;48;63.86;63.86;
2026;01;21;49;65.20;65.20;
2026;01;21;50;65.00;65.00;
2026;01;21;51;63.00;63.00;
2026;01;21;52;60.00;60.00;
2026;01;21;53;66.00;66.00;
2026;01;21;54;65.80;65.80;
2026;01;21;55;64.01;64.01;
2026;01;21;56;62.17;62.17;
2026;01;21;57;71.19;71.19;
2026;01;21;58;70.00;70.00;
2026;01;21;59;71.17;71.17;
2026;01;21;60;72.30;72.30;
2026;01;21;61;74.02;74.02;
2026;01;21;62;78.00;78.00;
2026;01;21;63;76.16;76.16;
2026;01;21;64;77.53;77.53;
2026;01;21;65;71.30;71.30;
2026;01;21;66;74.63;74.63;
2026;01;21;67;72.19;72.19;
2026;01;21;68;79.00;79.00;
2026;01;21;69;71.00;71.00;
2026;01;21;70;77.57;77.57;
2026;01;21;71;87.43;87.43;
2026;01;21;72;89.80;89.80;
2026;01;21;73;82.50;82.50;
2026;01;21;74;85.38;85.38;
2026;01;21;75;87.43;87.43;
2026;01;21;76;92.43;92.43;
2026;01;21;77;92.43;92.43;
2026;01;21;78;95.47;95.47;
2026;01;21;79;97.63;97.63;
2026;01;21;80;98.41;98.41;
2026;01;21;81;100.01;102.60;
2026;01;21;82;102.10;102.10;
2026;01;21;83;100.59;100.59;
2026;01;21;84;98.42;98.42;
2026;01;21;85;99.20;99.20;
2026;01;21;86;97.59;97.59;
2026;01;21;87;90.00;97.05;
2026;01;21;88;87.46;87.46;
2026;01;21;89;90.00;99.00;
2026;01;21;90;90.63;90.63;
2026;01;21;91;92.30;92.30;
2026;01;21;92;86.48;86.48;
2026;01;21;93;85.25;85.25;
2026;01;21;94;80.00;80.00;
2026;01;21;95;81.42;81.42;
2026;01;21;96;70.42;70.42;
*
