MARGINALPIBC;
2026;01;30;1;-4.99;-4.99;
2026;01;30;2;-5.28;-5.28;
2026;01;30;3;-6.00;-6.00;
2026;01;30;4;-5.12;-5.12;
2026;01;30;5;-5.12;-5.12;
2026;01;30;6;-5.12;-5.12;
2026;01;30;7;-5.12;-5.12;
2026;01;30;8;-5.12;-5.12;
2026;01;30;9;-5.00;-5.00;
2026;01;30;10;-5.00;-5.00;
2026;01;30;11;-5.00;-5.00;
2026;01;30;12;-5.12;-5.12;
2026;01;30;13;-5.00;-5.00;
2026;01;30;14;-5.12;-5.12;
2026;01;30;15;-5.12;-5.00;
2026;01;30;16;-5.12;-5.00;
2026;01;30;17;-5.12;-5.00;
2026;01;30;18;-6.00;-5.00;
2026;01;30;19;-6.00;-5.00;
2026;01;30;20;-6.00;-5.00;
2026;01;30;21;-6.00;-5.00;
2026;01;30;22;-6.00;-5.00;
2026;01;30;23;-6.00;-5.00;
2026;01;30;24;-6.00;-5.00;
2026;01;30;25;-6.75;.00;
2026;01;30;26;-6.75;.00;
2026;01;30;27;-6.75;-1.22;
2026;01;30;28;-6.75;2.00;
2026;01;30;29;-6.75;-6.75;
2026;01;30;30;-6.75;-6.75;
2026;01;30;31;-6.75;-.72;
2026;01;30;32;-6.75;2.00;
2026;01;30;33;-5.12;2.00;
2026;01;30;34;-5.12;6.01;
2026;01;30;35;-5.12;6.27;
2026;01;30;36;-5.12;2.00;
2026;01;30;37;-4.89;2.00;
2026;01;30;38;-4.89;-2.10;
2026;01;30;39;-4.89;-4.89;
2026;01;30;40;-15.12;-15.12;
2026;01;30;41;-11.71;-11.71;
2026;01;30;42;-13.12;-13.12;
2026;01;30;43;-18.99;-18.99;
2026;01;30;44;-14.50;-14.50;
2026;01;30;45;-11.75;-11.75;
2026;01;30;46;-10.12;-10.12;
2026;01;30;47;-7.39;-7.39;
2026;01;30;48;-10.00;-10.00;
2026;01;30;49;-8.41;-8.41;
2026;01;30;50;-9.17;-9.17;
2026;01;30;51;-8.01;-8.01;
2026;01;30;52;-8.01;-8.01;
2026;01;30;53;-6.75;-6.75;
2026;01;30;54;-7.30;-7.30;
2026;01;30;55;-6.75;-6.75;
2026;01;30;56;-8.52;-8.52;
2026;01;30;57;-5.12;-5.12;
2026;01;30;58;-6.75;-6.75;
2026;01;30;59;-5.12;-5.12;
2026;01;30;60;-5.12;-5.12;
2026;01;30;61;-4.89;-4.89;
2026;01;30;62;-5.00;-5.00;
2026;01;30;63;-5.00;-5.00;
2026;01;30;64;-3.42;-3.42;
2026;01;30;65;-3.80;-3.80;
2026;01;30;66;-2.00;-2.00;
2026;01;30;67;-2.66;-2.66;
2026;01;30;68;-2.66;-2.66;
2026;01;30;69;-5.12;-5.12;
2026;01;30;70;-3.04;-3.04;
2026;01;30;71;0.00;.00;
2026;01;30;72;-0.79;-.79;
2026;01;30;73;-1.30;-1.30;
2026;01;30;74;0.00;.00;
2026;01;30;75;0.34;9.51;
2026;01;30;76;3.50;19.52;
2026;01;30;77;16.20;26.00;
2026;01;30;78;17.78;35.00;
2026;01;30;79;17.78;37.23;
2026;01;30;80;19.29;33.64;
2026;01;30;81;20.30;36.73;
2026;01;30;82;20.94;38.31;
2026;01;30;83;20.94;36.56;
2026;01;30;84;20.94;25.00;
2026;01;30;85;16.30;16.30;
2026;01;30;86;15.22;15.22;
2026;01;30;87;1.01;1.01;
2026;01;30;88;-0.50;-.50;
2026;01;30;89;0.31;8.50;
2026;01;30;90;-0.82;1.16;
2026;01;30;91;3.78;3.78;
2026;01;30;92;-3.99;-3.99;
2026;01;30;93;-4.89;1.50;
2026;01;30;94;-4.89;-3.49;
2026;01;30;95;-6.75;-6.75;
2026;01;30;96;-6.99;-6.99;
*
