MARGINALPIBC;
2026;02;02;1;-0.01;50.00;
2026;02;02;2;-0.01;42.70;
2026;02;02;3;-0.10;32.50;
2026;02;02;4;-0.10;13.96;
2026;02;02;5;-0.10;5.37;
2026;02;02;6;-0.10;3.78;
2026;02;02;7;-0.10;3.78;
2026;02;02;8;-0.20;1.98;
2026;02;02;9;-0.20;3.78;
2026;02;02;10;-0.20;1.98;
2026;02;02;11;-0.20;1.98;
2026;02;02;12;-0.20;1.98;
2026;02;02;13;-2.00;1.98;
2026;02;02;14;-2.00;.00;
2026;02;02;15;-2.00;.00;
2026;02;02;16;-2.00;.00;
2026;02;02;17;-2.00;-.50;
2026;02;02;18;-6.00;-.50;
2026;02;02;19;-6.00;.00;
2026;02;02;20;-6.00;.00;
2026;02;02;21;-6.00;-.50;
2026;02;02;22;-6.00;-.50;
2026;02;02;23;-5.50;.00;
2026;02;02;24;-5.00;.91;
2026;02;02;25;-0.20;1.54;
2026;02;02;26;-0.20;3.78;
2026;02;02;27;-0.20;.00;
2026;02;02;28;-0.10;.00;
2026;02;02;29;-0.20;.00;
2026;02;02;30;-0.20;50.24;
2026;02;02;31;-0.10;82.74;
2026;02;02;32;-0.10;67.29;
2026;02;02;33;-0.01;67.29;
2026;02;02;34;-0.01;100.00;
2026;02;02;35;-0.01;100.00;
2026;02;02;36;-0.01;100.00;
2026;02;02;37;-0.01;100.00;
2026;02;02;38;-0.01;67.50;
2026;02;02;39;0.00;80.49;
2026;02;02;40;0.00;50.24;
2026;02;02;41;0.00;34.22;
2026;02;02;42;0.01;13.60;
2026;02;02;43;0.01;.47;
2026;02;02;44;-0.57;-.57;
2026;02;02;45;-0.20;-.20;
2026;02;02;46;-0.01;-.01;
2026;02;02;47;-0.21;-.21;
2026;02;02;48;-2.01;-2.01;
2026;02;02;49;0.01;.90;
2026;02;02;50;0.01;.90;
2026;02;02;51;0.00;.00;
2026;02;02;52;0.00;.00;
2026;02;02;53;-0.01;-.01;
2026;02;02;54;-0.95;-.95;
2026;02;02;55;-1.99;-1.99;
2026;02;02;56;-2.10;-2.10;
2026;02;02;57;-2.10;-2.10;
2026;02;02;58;-2.10;-2.10;
2026;02;02;59;-2.10;-2.10;
2026;02;02;60;-2.10;-2.10;
2026;02;02;61;-0.49;-.49;
2026;02;02;62;-0.01;-.01;
2026;02;02;63;0.00;.00;
2026;02;02;64;0.00;.00;
2026;02;02;65;-0.05;-.05;
2026;02;02;66;-0.81;-.81;
2026;02;02;67;-1.59;-1.59;
2026;02;02;68;-0.81;-.81;
2026;02;02;69;-3.50;-3.50;
2026;02;02;70;-3.40;-3.40;
2026;02;02;71;-4.22;-4.22;
2026;02;02;72;-0.81;-.81;
2026;02;02;73;-2.10;-2.10;
2026;02;02;74;-1.00;-1.00;
2026;02;02;75;-0.01;.00;
2026;02;02;76;-0.01;11.98;
2026;02;02;77;-0.01;34.80;
2026;02;02;78;-0.01;43.99;
2026;02;02;79;-0.01;47.50;
2026;02;02;80;-0.01;49.09;
2026;02;02;81;-0.01;54.45;
2026;02;02;82;-0.01;54.72;
2026;02;02;83;-0.01;54.49;
2026;02;02;84;-17.44;56.75;
2026;02;02;85;-17.44;53.40;
2026;02;02;86;-17.44;52.55;
2026;02;02;87;-17.44;42.80;
2026;02;02;88;-17.44;26.76;
2026;02;02;89;-17.44;27.81;
2026;02;02;90;-17.44;.00;
2026;02;02;91;-17.44;-2.25;
2026;02;02;92;-17.44;.00;
2026;02;02;93;-14.00;-4.40;
2026;02;02;94;-7.42;-2.50;
2026;02;02;95;-9.63;-5.20;
2026;02;02;96;-2.25;-2.25;
*
