MARGINALPIBC;
2026;03;31;1;14.00;14.00;
2026;03;31;2;14.00;14.00;
2026;03;31;3;13.58;13.58;
2026;03;31;4;12.50;12.50;
2026;03;31;5;12.50;12.50;
2026;03;31;6;12.50;12.50;
2026;03;31;7;13.10;13.10;
2026;03;31;8;10.00;10.00;
2026;03;31;9;12.50;12.50;
2026;03;31;10;10.37;10.37;
2026;03;31;11;10.37;10.37;
2026;03;31;12;10.37;10.37;
2026;03;31;13;10.37;10.37;
2026;03;31;14;10.37;10.37;
2026;03;31;15;10.01;10.01;
2026;03;31;16;10.01;10.01;
2026;03;31;17;5.59;5.59;
2026;03;31;18;5.59;5.59;
2026;03;31;19;5.59;5.59;
2026;03;31;20;5.59;5.59;
2026;03;31;21;5.41;5.41;
2026;03;31;22;5.41;5.41;
2026;03;31;23;5.59;5.59;
2026;03;31;24;10.37;10.37;
2026;03;31;25;10.01;10.01;
2026;03;31;26;13.34;13.34;
2026;03;31;27;13.82;13.82;
2026;03;31;28;14.00;14.00;
2026;03;31;29;14.00;14.00;
2026;03;31;30;14.00;14.00;
2026;03;31;31;21.88;21.88;
2026;03;31;32;8.31;8.31;
2026;03;31;33;0.01;.01;
2026;03;31;34;5.41;5.41;
2026;03;31;35;0.84;.84;
2026;03;31;36;0.01;.01;
2026;03;31;37;5.41;5.41;
2026;03;31;38;3.00;3.00;
2026;03;31;39;0.84;.84;
2026;03;31;40;-0.07;-.07;
2026;03;31;41;-0.02;-.02;
2026;03;31;42;-0.58;-.58;
2026;03;31;43;-0.91;-.91;
2026;03;31;44;-1.50;-1.50;
2026;03;31;45;-1.99;-1.99;
2026;03;31;46;-3.68;-3.68;
2026;03;31;47;-5.00;-5.00;
2026;03;31;48;-5.00;-5.00;
2026;03;31;49;-6.00;-6.00;
2026;03;31;50;-6.00;-6.68;
2026;03;31;51;-6.00;-7.60;
2026;03;31;52;-6.00;-7.60;
2026;03;31;53;-6.00;-10.00;
2026;03;31;54;-6.00;-10.00;
2026;03;31;55;-6.00;-11.32;
2026;03;31;56;-6.00;-9.15;
2026;03;31;57;-7.50;-7.50;
2026;03;31;58;-7.50;-7.50;
2026;03;31;59;-6.00;-9.15;
2026;03;31;60;-6.00;-14.00;
2026;03;31;61;-6.00;-11.32;
2026;03;31;62;-6.00;-10.82;
2026;03;31;63;-6.00;-12.14;
2026;03;31;64;-6.00;-10.82;
2026;03;31;65;-6.00;-14.00;
2026;03;31;66;-6.00;-12.80;
2026;03;31;67;-6.00;-13.10;
2026;03;31;68;-6.00;-12.10;
2026;03;31;69;-1.99;-12.09;
2026;03;31;70;-1.99;-10.00;
2026;03;31;71;-1.99;-6.70;
2026;03;31;72;-1.99;-5.00;
2026;03;31;73;-0.81;-.81;
2026;03;31;74;-0.74;-.74;
2026;03;31;75;-0.07;-.07;
2026;03;31;76;0.00;.00;
2026;03;31;77;-1.99;-1.99;
2026;03;31;78;0.00;.00;
2026;03;31;79;0.01;.01;
2026;03;31;80;0.01;.01;
2026;03;31;81;-0.81;-.81;
2026;03;31;82;1.00;1.00;
2026;03;31;83;29.51;29.51;
2026;03;31;84;37.02;37.02;
2026;03;31;85;54.94;54.94;
2026;03;31;86;57.20;57.20;
2026;03;31;87;60.01;60.01;
2026;03;31;88;37.50;37.50;
2026;03;31;89;30.01;30.01;
2026;03;31;90;25.00;25.00;
2026;03;31;91;11.78;11.78;
2026;03;31;92;1.00;1.00;
2026;03;31;93;4.49;4.49;
2026;03;31;94;2.82;2.82;
2026;03;31;95;5.10;5.10;
2026;03;31;96;3.42;3.42;
*
