MARGINALPIBC;
2026;07;05;1;134.46;134.46;
2026;07;05;2;129.53;129.53;
2026;07;05;3;120.52;120.52;
2026;07;05;4;113.95;113.95;
2026;07;05;5;121.22;121.22;
2026;07;05;6;115.13;115.13;
2026;07;05;7;110.86;110.86;
2026;07;05;8;100.67;100.67;
2026;07;05;9;108.47;108.47;
2026;07;05;10;105.27;105.27;
2026;07;05;11;103.11;103.11;
2026;07;05;12;102.04;102.04;
2026;07;05;13;104.44;104.44;
2026;07;05;14;103.94;103.94;
2026;07;05;15;105.20;105.20;
2026;07;05;16;105.20;105.20;
2026;07;05;17;103.11;103.11;
2026;07;05;18;103.11;103.11;
2026;07;05;19;103.42;103.42;
2026;07;05;20;103.43;103.43;
2026;07;05;21;105.20;105.20;
2026;07;05;22;105.66;105.66;
2026;07;05;23;107.10;107.10;
2026;07;05;24;110.00;110.00;
2026;07;05;25;118.45;118.45;
2026;07;05;26;119.77;119.77;
2026;07;05;27;117.50;117.50;
2026;07;05;28;118.20;118.20;
2026;07;05;29;94.00;94.00;
2026;07;05;30;78.72;78.72;
2026;07;05;31;54.87;54.87;
2026;07;05;32;34.01;34.01;
2026;07;05;33;50.24;50.24;
2026;07;05;34;29.03;29.03;
2026;07;05;35;8.27;8.27;
2026;07;05;36;3.43;3.43;
2026;07;05;37;2.34;2.34;
2026;07;05;38;2.32;1.08;
2026;07;05;39;2.00;.00;
2026;07;05;40;2.00;.00;
2026;07;05;41;1.75;.00;
2026;07;05;42;1.75;.00;
2026;07;05;43;1.75;.00;
2026;07;05;44;2.00;.00;
2026;07;05;45;2.00;.00;
2026;07;05;46;2.00;.00;
2026;07;05;47;2.00;.00;
2026;07;05;48;2.00;.00;
2026;07;05;49;2.00;.00;
2026;07;05;50;2.00;.00;
2026;07;05;51;2.00;.00;
2026;07;05;52;2.00;.17;
2026;07;05;53;2.00;.17;
2026;07;05;54;2.00;.17;
2026;07;05;55;2.00;.17;
2026;07;05;56;2.00;.17;
2026;07;05;57;2.00;.17;
2026;07;05;58;2.00;.17;
2026;07;05;59;2.00;1.00;
2026;07;05;60;2.00;.45;
2026;07;05;61;0.17;.17;
2026;07;05;62;0.17;.17;
2026;07;05;63;0.17;.17;
2026;07;05;64;0.00;.00;
2026;07;05;65;0.17;.17;
2026;07;05;66;0.17;.17;
2026;07;05;67;0.17;.17;
2026;07;05;68;1.00;1.00;
2026;07;05;69;1.75;1.75;
2026;07;05;70;3.20;3.20;
2026;07;05;71;6.08;6.08;
2026;07;05;72;19.00;19.00;
2026;07;05;73;27.00;27.00;
2026;07;05;74;47.64;47.64;
2026;07;05;75;63.24;63.24;
2026;07;05;76;80.52;80.52;
2026;07;05;77;73.01;73.01;
2026;07;05;78;79.87;79.87;
2026;07;05;79;113.22;113.22;
2026;07;05;80;128.21;128.21;
2026;07;05;81;104.11;104.11;
2026;07;05;82;130.52;130.52;
2026;07;05;83;133.09;133.09;
2026;07;05;84;148.76;148.76;
2026;07;05;85;148.52;148.52;
2026;07;05;86;160.01;160.01;
2026;07;05;87;162.48;162.48;
2026;07;05;88;162.21;162.21;
2026;07;05;89;160.72;160.72;
2026;07;05;90;160.72;160.72;
2026;07;05;91;158.64;158.64;
2026;07;05;92;144.11;144.11;
2026;07;05;93;146.69;146.69;
2026;07;05;94;131.73;131.73;
2026;07;05;95;133.95;133.95;
2026;07;05;96;131.73;131.73;
*
