MARGINALPIBC;
2026;03;05;1;108.51;108.51;
2026;03;05;2;102.95;102.95;
2026;03;05;3;95.69;95.69;
2026;03;05;4;80.08;80.08;
2026;03;05;5;93.16;93.16;
2026;03;05;6;85.00;85.00;
2026;03;05;7;85.21;85.21;
2026;03;05;8;82.47;82.47;
2026;03;05;9;91.66;91.66;
2026;03;05;10;85.00;85.00;
2026;03;05;11;87.00;87.00;
2026;03;05;12;79.30;79.30;
2026;03;05;13;82.17;82.17;
2026;03;05;14;79.03;79.03;
2026;03;05;15;79.78;79.78;
2026;03;05;16;79.00;79.00;
2026;03;05;17;80.55;80.55;
2026;03;05;18;80.27;80.27;
2026;03;05;19;81.92;81.92;
2026;03;05;20;83.58;83.58;
2026;03;05;21;84.12;84.12;
2026;03;05;22;88.86;88.86;
2026;03;05;23;91.97;91.97;
2026;03;05;24;97.01;97.01;
2026;03;05;25;102.40;102.40;
2026;03;05;26;107.38;107.38;
2026;03;05;27;101.39;101.39;
2026;03;05;28;113.80;113.80;
2026;03;05;29;90.37;90.37;
2026;03;05;30;48.05;114.55;
2026;03;05;31;60.01;143.19;
2026;03;05;32;86.50;124.35;
2026;03;05;33;60.01;159.56;
2026;03;05;34;89.94;132.57;
2026;03;05;35;110.04;110.04;
2026;03;05;36;92.25;92.25;
2026;03;05;37;110.91;110.91;
2026;03;05;38;96.07;96.07;
2026;03;05;39;93.99;93.99;
2026;03;05;40;71.00;71.00;
2026;03;05;41;92.93;92.93;
2026;03;05;42;65.80;65.80;
2026;03;05;43;52.00;52.00;
2026;03;05;44;36.72;36.72;
2026;03;05;45;50.24;50.24;
2026;03;05;46;71.22;71.22;
2026;03;05;47;57.50;57.50;
2026;03;05;48;61.50;61.50;
2026;03;05;49;67.70;67.70;
2026;03;05;50;60.10;60.10;
2026;03;05;51;58.78;58.78;
2026;03;05;52;58.10;58.10;
2026;03;05;53;57.42;57.42;
2026;03;05;54;54.48;54.48;
2026;03;05;55;52.68;52.68;
2026;03;05;56;47.43;47.43;
2026;03;05;57;54.07;54.07;
2026;03;05;58;50.24;50.24;
2026;03;05;59;45.36;45.36;
2026;03;05;60;60.00;60.00;
2026;03;05;61;51.71;51.71;
2026;03;05;62;58.78;58.78;
2026;03;05;63;53.68;53.68;
2026;03;05;64;61.99;61.99;
2026;03;05;65;43.10;43.10;
2026;03;05;66;60.48;60.48;
2026;03;05;67;69.61;69.61;
2026;03;05;68;70.21;70.21;
2026;03;05;69;50.00;50.00;
2026;03;05;70;52.00;52.00;
2026;03;05;71;79.24;79.24;
2026;03;05;72;96.92;96.92;
2026;03;05;73;69.64;69.64;
2026;03;05;74;88.83;88.83;
2026;03;05;75;100.46;104.17;
2026;03;05;76;101.08;120.41;
2026;03;05;77;101.08;136.75;
2026;03;05;78;101.66;141.38;
2026;03;05;79;102.12;127.80;
2026;03;05;80;102.36;117.83;
2026;03;05;81;106.72;130.83;
2026;03;05;82;109.73;120.00;
2026;03;05;83;97.86;97.86;
2026;03;05;84;96.20;96.20;
2026;03;05;85;99.36;110.16;
2026;03;05;86;100.00;104.21;
2026;03;05;87;88.87;103.87;
2026;03;05;88;85.00;85.00;
2026;03;05;89;87.15;106.54;
2026;03;05;90;87.38;87.38;
2026;03;05;91;80.38;93.60;
2026;03;05;92;76.44;96.52;
2026;03;05;93;76.44;101.49;
2026;03;05;94;86.09;86.09;
2026;03;05;95;90.10;90.10;
2026;03;05;96;64.00;64.00;
*
