MARGINALPIBC;
2026;05;24;1;75.56;75.56;
2026;05;24;2;55.90;55.90;
2026;05;24;3;41.38;41.38;
2026;05;24;4;34.50;34.50;
2026;05;24;5;38.50;38.50;
2026;05;24;6;29.50;29.50;
2026;05;24;7;28.50;28.50;
2026;05;24;8;16.96;16.96;
2026;05;24;9;19.52;19.52;
2026;05;24;10;4.17;4.17;
2026;05;24;11;13.42;13.42;
2026;05;24;12;9.51;9.51;
2026;05;24;13;9.59;9.59;
2026;05;24;14;-3.53;-3.53;
2026;05;24;15;-4.31;-4.31;
2026;05;24;16;-1.75;-1.75;
2026;05;24;17;0.84;.84;
2026;05;24;18;1.11;1.11;
2026;05;24;19;4.41;4.41;
2026;05;24;20;1.11;1.11;
2026;05;24;21;9.94;9.94;
2026;05;24;22;10.00;10.00;
2026;05;24;23;14.52;14.52;
2026;05;24;24;18.10;18.10;
2026;05;24;25;14.52;14.52;
2026;05;24;26;16.43;16.43;
2026;05;24;27;20.51;20.51;
2026;05;24;28;19.09;19.09;
2026;05;24;29;21.02;21.02;
2026;05;24;30;13.35;13.35;
2026;05;24;31;3.25;3.25;
2026;05;24;32;-10.00;-10.00;
2026;05;24;33;1.11;1.11;
2026;05;24;34;-0.07;-.07;
2026;05;24;35;-3.52;-3.52;
2026;05;24;36;-0.01;-4.38;
2026;05;24;37;-1.75;-1.75;
2026;05;24;38;-5.80;-5.80;
2026;05;24;39;-2.33;-2.33;
2026;05;24;40;-3.52;-3.52;
2026;05;24;41;-3.52;-3.52;
2026;05;24;42;-5.60;-5.60;
2026;05;24;43;-6.00;-6.00;
2026;05;24;44;-6.00;-7.73;
2026;05;24;45;-8.00;-8.00;
2026;05;24;46;-11.43;-11.43;
2026;05;24;47;-12.50;-12.53;
2026;05;24;48;-6.00;-16.44;
2026;05;24;49;-2.61;-18.22;
2026;05;24;50;-2.61;-16.00;
2026;05;24;51;-2.61;-20.00;
2026;05;24;52;-2.12;-20.00;
2026;05;24;53;-2.12;-20.00;
2026;05;24;54;-2.12;-16.00;
2026;05;24;55;-2.61;-16.00;
2026;05;24;56;-3.61;-14.00;
2026;05;24;57;-2.12;-20.00;
2026;05;24;58;-2.12;-20.00;
2026;05;24;59;-3.10;-20.00;
2026;05;24;60;-3.61;-20.00;
2026;05;24;61;-2.12;-22.00;
2026;05;24;62;-2.12;-22.00;
2026;05;24;63;-2.12;-16.26;
2026;05;24;64;-2.12;-10.82;
2026;05;24;65;-2.12;-10.92;
2026;05;24;66;-4.78;-8.60;
2026;05;24;67;-4.78;-8.81;
2026;05;24;68;-4.78;-9.81;
2026;05;24;69;-1.00;-5.01;
2026;05;24;70;-1.00;-3.56;
2026;05;24;71;-4.99;-4.99;
2026;05;24;72;-3.55;-3.55;
2026;05;24;73;-0.81;-.81;
2026;05;24;74;0.98;-1.25;
2026;05;24;75;1.11;-1.25;
2026;05;24;76;3.66;-4.04;
2026;05;24;77;-0.51;-.51;
2026;05;24;78;0.00;.00;
2026;05;24;79;5.00;5.00;
2026;05;24;80;33.88;33.88;
2026;05;24;81;31.53;31.53;
2026;05;24;82;50.02;50.02;
2026;05;24;83;59.95;59.95;
2026;05;24;84;75.42;75.42;
2026;05;24;85;82.10;82.10;
2026;05;24;86;91.19;91.19;
2026;05;24;87;94.48;94.48;
2026;05;24;88;90.50;90.50;
2026;05;24;89;96.62;96.62;
2026;05;24;90;94.75;94.75;
2026;05;24;91;94.75;94.75;
2026;05;24;92;89.50;89.50;
2026;05;24;93;86.14;86.14;
2026;05;24;94;81.40;81.40;
2026;05;24;95;77.61;77.61;
2026;05;24;96;67.60;67.60;
*
