MARGINALPIBC;
2026;02;25;1;0.05;33.92;
2026;02;25;2;0.05;50.00;
2026;02;25;3;16.07;20.60;
2026;02;25;4;13.98;13.98;
2026;02;25;5;31.07;36.57;
2026;02;25;6;15.68;36.18;
2026;02;25;7;15.55;36.05;
2026;02;25;8;12.33;31.41;
2026;02;25;9;0.05;36.52;
2026;02;25;10;0.05;32.86;
2026;02;25;11;0.05;30.50;
2026;02;25;12;0.05;27.67;
2026;02;25;13;0.05;29.37;
2026;02;25;14;0.05;28.07;
2026;02;25;15;0.05;27.17;
2026;02;25;16;0.05;25.50;
2026;02;25;17;0.05;26.09;
2026;02;25;18;0.05;22.03;
2026;02;25;19;0.05;28.17;
2026;02;25;20;0.05;30.00;
2026;02;25;21;0.05;28.32;
2026;02;25;22;0.05;28.50;
2026;02;25;23;0.05;31.55;
2026;02;25;24;0.05;36.57;
2026;02;25;25;0.05;30.80;
2026;02;25;26;-0.10;15.58;
2026;02;25;27;-0.50;-.50;
2026;02;25;28;-1.00;-1.00;
2026;02;25;29;0.05;5.10;
2026;02;25;30;0.05;36.47;
2026;02;25;31;0.05;76.67;
2026;02;25;32;1.11;77.96;
2026;02;25;33;0.05;87.62;
2026;02;25;34;1.11;81.75;
2026;02;25;35;1.11;51.20;
2026;02;25;36;6.15;6.15;
2026;02;25;37;18.70;18.70;
2026;02;25;38;32.47;32.47;
2026;02;25;39;27.29;27.29;
2026;02;25;40;21.10;21.10;
2026;02;25;41;15.55;15.55;
2026;02;25;42;15.55;10.20;
2026;02;25;43;12.33;6.14;
2026;02;25;44;12.33;.91;
2026;02;25;45;0.05;.05;
2026;02;25;46;0.05;.00;
2026;02;25;47;0.05;-.19;
2026;02;25;48;0.05;-.08;
2026;02;25;49;0.05;-.92;
2026;02;25;50;0.05;-3.00;
2026;02;25;51;0.05;-3.00;
2026;02;25;52;0.05;-3.10;
2026;02;25;53;0.05;-2.10;
2026;02;25;54;6.73;-2.10;
2026;02;25;55;6.73;-3.50;
2026;02;25;56;6.73;-3.00;
2026;02;25;57;6.73;.90;
2026;02;25;58;6.73;.91;
2026;02;25;59;6.73;.91;
2026;02;25;60;6.73;.91;
2026;02;25;61;6.73;-.56;
2026;02;25;62;6.98;-.06;
2026;02;25;63;6.98;.00;
2026;02;25;64;9.99;.91;
2026;02;25;65;11.45;.91;
2026;02;25;66;7.19;.01;
2026;02;25;67;12.33;5.00;
2026;02;25;68;15.47;15.47;
2026;02;25;69;22.00;22.00;
2026;02;25;70;23.43;23.43;
2026;02;25;71;23.00;23.00;
2026;02;25;72;24.30;24.30;
2026;02;25;73;14.82;14.82;
2026;02;25;74;0.05;32.89;
2026;02;25;75;0.05;67.25;
2026;02;25;76;0.05;93.89;
2026;02;25;77;1.11;94.07;
2026;02;25;78;1.11;102.87;
2026;02;25;79;2.22;94.24;
2026;02;25;80;84.05;84.05;
2026;02;25;81;96.28;96.28;
2026;02;25;82;87.49;87.49;
2026;02;25;83;70.99;70.99;
2026;02;25;84;52.63;52.63;
2026;02;25;85;42.73;42.73;
2026;02;25;86;24.38;24.38;
2026;02;25;87;13.72;13.72;
2026;02;25;88;1.11;1.11;
2026;02;25;89;20.11;20.11;
2026;02;25;90;18.52;18.52;
2026;02;25;91;22.68;22.68;
2026;02;25;92;14.90;14.90;
2026;02;25;93;28.08;28.08;
2026;02;25;94;14.15;14.15;
2026;02;25;95;18.05;18.05;
2026;02;25;96;17.01;17.01;
*
