MARGINALPIBC;
2026;03;17;1;80.00;80.00;
2026;03;17;2;99.95;99.95;
2026;03;17;3;96.60;96.60;
2026;03;17;4;76.00;76.00;
2026;03;17;5;69.95;69.95;
2026;03;17;6;62.50;62.50;
2026;03;17;7;55.18;55.18;
2026;03;17;8;60.47;60.47;
2026;03;17;9;90.07;90.07;
2026;03;17;10;85.50;85.50;
2026;03;17;11;79.00;79.00;
2026;03;17;12;66.99;66.99;
2026;03;17;13;79.86;79.86;
2026;03;17;14;70.64;70.64;
2026;03;17;15;73.08;73.08;
2026;03;17;16;62.91;62.91;
2026;03;17;17;73.40;73.40;
2026;03;17;18;71.86;71.86;
2026;03;17;19;73.40;73.40;
2026;03;17;20;73.50;73.50;
2026;03;17;21;77.16;77.16;
2026;03;17;22;75.13;75.13;
2026;03;17;23;84.99;84.99;
2026;03;17;24;94.95;94.95;
2026;03;17;25;40.00;40.00;
2026;03;17;26;52.90;52.90;
2026;03;17;27;73.40;73.40;
2026;03;17;28;100.11;100.11;
2026;03;17;29;109.71;109.71;
2026;03;17;30;116.71;116.71;
2026;03;17;31;117.13;117.13;
2026;03;17;32;107.85;107.85;
2026;03;17;33;98.54;98.54;
2026;03;17;34;100.00;100.00;
2026;03;17;35;72.68;72.68;
2026;03;17;36;20.00;20.00;
2026;03;17;37;40.95;40.95;
2026;03;17;38;3.78;3.78;
2026;03;17;39;0.91;.91;
2026;03;17;40;0.00;.00;
2026;03;17;41;0.00;.00;
2026;03;17;42;0.00;.00;
2026;03;17;43;0.00;.00;
2026;03;17;44;-0.01;-.01;
2026;03;17;45;-0.49;-.49;
2026;03;17;46;-0.49;-.49;
2026;03;17;47;-0.81;-.81;
2026;03;17;48;-1.23;-1.23;
2026;03;17;49;0.00;.00;
2026;03;17;50;0.00;.00;
2026;03;17;51;0.00;.00;
2026;03;17;52;-0.01;-.01;
2026;03;17;53;0.00;.00;
2026;03;17;54;0.00;.00;
2026;03;17;55;0.00;.00;
2026;03;17;56;0.00;.00;
2026;03;17;57;0.00;.00;
2026;03;17;58;-0.01;-.01;
2026;03;17;59;0.00;.00;
2026;03;17;60;0.00;.00;
2026;03;17;61;-0.81;-.81;
2026;03;17;62;-0.82;-.82;
2026;03;17;63;-0.01;-.82;
2026;03;17;64;-0.01;-.81;
2026;03;17;65;-0.01;-.01;
2026;03;17;66;0.00;.00;
2026;03;17;67;0.00;.00;
2026;03;17;68;0.01;.01;
2026;03;17;69;0.00;.00;
2026;03;17;70;0.91;.91;
2026;03;17;71;3.78;3.78;
2026;03;17;72;14.82;14.82;
2026;03;17;73;0.50;.50;
2026;03;17;74;26.42;26.42;
2026;03;17;75;47.91;72.12;
2026;03;17;76;48.72;100.94;
2026;03;17;77;93.31;110.00;
2026;03;17;78;97.11;120.01;
2026;03;17;79;98.80;137.45;
2026;03;17;80;103.46;130.18;
2026;03;17;81;99.18;132.79;
2026;03;17;82;101.04;125.33;
2026;03;17;83;89.71;108.01;
2026;03;17;84;92.16;100.94;
2026;03;17;85;96.62;96.62;
2026;03;17;86;94.50;94.50;
2026;03;17;87;100.11;100.11;
2026;03;17;88;87.45;87.45;
2026;03;17;89;86.93;86.93;
2026;03;17;90;61.55;61.55;
2026;03;17;91;69.23;69.23;
2026;03;17;92;49.41;49.41;
2026;03;17;93;75.00;75.00;
2026;03;17;94;47.91;47.91;
2026;03;17;95;45.71;45.71;
2026;03;17;96;39.31;39.31;
*
