MARGINALPIBC;
2026;06;24;1;140.46;140.46;
2026;06;24;2;137.90;137.90;
2026;06;24;3;132.48;132.48;
2026;06;24;4;117.32;117.32;
2026;06;24;5;116.10;116.10;
2026;06;24;6;111.58;111.58;
2026;06;24;7;110.67;110.67;
2026;06;24;8;111.58;111.58;
2026;06;24;9;111.58;111.58;
2026;06;24;10;111.58;111.58;
2026;06;24;11;111.58;111.58;
2026;06;24;12;111.58;111.58;
2026;06;24;13;118.08;118.08;
2026;06;24;14;111.58;111.58;
2026;06;24;15;111.58;111.58;
2026;06;24;16;111.58;111.58;
2026;06;24;17;110.46;110.46;
2026;06;24;18;110.08;110.08;
2026;06;24;19;110.08;110.08;
2026;06;24;20;110.08;110.08;
2026;06;24;21;111.10;111.10;
2026;06;24;22;111.58;111.58;
2026;06;24;23;111.58;111.58;
2026;06;24;24;110.08;110.08;
2026;06;24;25;111.58;111.58;
2026;06;24;26;113.08;113.08;
2026;06;24;27;111.58;111.58;
2026;06;24;28;112.52;112.52;
2026;06;24;29;119.01;119.01;
2026;06;24;30;113.09;113.09;
2026;06;24;31;119.80;119.80;
2026;06;24;32;110.08;110.08;
2026;06;24;33;111.58;111.58;
2026;06;24;34;110.08;110.08;
2026;06;24;35;95.06;95.06;
2026;06;24;36;88.50;88.50;
2026;06;24;37;92.30;92.30;
2026;06;24;38;98.13;98.13;
2026;06;24;39;77.42;77.42;
2026;06;24;40;71.94;71.94;
2026;06;24;41;91.99;91.99;
2026;06;24;42;93.59;93.59;
2026;06;24;43;91.99;91.99;
2026;06;24;44;87.95;87.95;
2026;06;24;45;96.53;96.53;
2026;06;24;46;95.04;95.04;
2026;06;24;47;95.04;95.04;
2026;06;24;48;95.62;95.62;
2026;06;24;49;60.13;60.13;
2026;06;24;50;46.00;46.00;
2026;06;24;51;40.50;40.50;
2026;06;24;52;35.25;35.25;
2026;06;24;53;38.25;37.10;
2026;06;24;54;37.21;37.21;
2026;06;24;55;35.26;35.26;
2026;06;24;56;35.00;35.00;
2026;06;24;57;31.01;31.01;
2026;06;24;58;37.00;37.00;
2026;06;24;59;35.55;35.55;
2026;06;24;60;35.16;35.16;
2026;06;24;61;36.50;36.50;
2026;06;24;62;37.83;37.83;
2026;06;24;63;38.98;38.98;
2026;06;24;64;40.11;40.11;
2026;06;24;65;43.10;43.10;
2026;06;24;66;50.00;50.00;
2026;06;24;67;54.39;54.39;
2026;06;24;68;59.00;59.00;
2026;06;24;69;60.01;60.01;
2026;06;24;70;67.19;67.19;
2026;06;24;71;70.46;70.46;
2026;06;24;72;78.94;78.94;
2026;06;24;73;60.51;60.51;
2026;06;24;74;65.01;65.01;
2026;06;24;75;70.00;70.00;
2026;06;24;76;74.55;74.55;
2026;06;24;77;52.20;52.20;
2026;06;24;78;61.79;61.79;
2026;06;24;79;83.50;83.50;
2026;06;24;80;105.27;105.27;
2026;06;24;81;92.00;92.00;
2026;06;24;82;109.44;109.44;
2026;06;24;83;115.00;115.00;
2026;06;24;84;123.08;123.08;
2026;06;24;85;123.10;123.10;
2026;06;24;86;133.00;133.00;
2026;06;24;87;140.01;140.01;
2026;06;24;88;139.69;139.69;
2026;06;24;89;143.63;143.63;
2026;06;24;90;141.02;141.02;
2026;06;24;91;135.35;135.35;
2026;06;24;92;129.31;129.31;
2026;06;24;93;129.16;129.16;
2026;06;24;94;125.00;125.00;
2026;06;24;95;123.08;123.08;
2026;06;24;96;115.99;115.99;
*
