MARGINALPIBC;
2026;01;20;1;105.90;105.90;
2026;01;20;2;106.31;106.31;
2026;01;20;3;100.80;100.80;
2026;01;20;4;93.52;93.52;
2026;01;20;5;105.01;105.01;
2026;01;20;6;97.50;97.50;
2026;01;20;7;91.00;91.00;
2026;01;20;8;84.00;84.00;
2026;01;20;9;90.60;90.60;
2026;01;20;10;87.00;87.00;
2026;01;20;11;84.00;84.00;
2026;01;20;12;80.00;80.00;
2026;01;20;13;84.89;84.89;
2026;01;20;14;84.21;84.21;
2026;01;20;15;76.97;76.97;
2026;01;20;16;77.97;77.97;
2026;01;20;17;77.70;77.70;
2026;01;20;18;79.55;79.55;
2026;01;20;19;80.11;80.11;
2026;01;20;20;80.11;80.11;
2026;01;20;21;83.47;83.47;
2026;01;20;22;85.00;85.00;
2026;01;20;23;85.34;85.34;
2026;01;20;24;92.27;92.27;
2026;01;20;25;91.88;91.88;
2026;01;20;26;88.42;88.42;
2026;01;20;27;93.00;93.00;
2026;01;20;28;100.19;100.19;
2026;01;20;29;89.26;89.26;
2026;01;20;30;99.00;99.00;
2026;01;20;31;99.00;99.00;
2026;01;20;32;99.00;99.00;
2026;01;20;33;99.00;99.00;
2026;01;20;34;100.00;100.00;
2026;01;20;35;100.00;100.00;
2026;01;20;36;100.00;100.00;
2026;01;20;37;109.44;109.44;
2026;01;20;38;101.77;101.77;
2026;01;20;39;100.00;100.00;
2026;01;20;40;100.22;91.14;
2026;01;20;41;101.87;101.87;
2026;01;20;42;99.86;99.86;
2026;01;20;43;74.99;74.99;
2026;01;20;44;65.55;65.55;
2026;01;20;45;103.76;103.76;
2026;01;20;46;86.41;86.41;
2026;01;20;47;75.30;75.30;
2026;01;20;48;66.66;66.66;
2026;01;20;49;85.50;85.50;
2026;01;20;50;85.10;85.10;
2026;01;20;51;85.47;85.47;
2026;01;20;52;81.00;81.00;
2026;01;20;53;84.09;84.09;
2026;01;20;54;84.00;84.00;
2026;01;20;55;83.47;83.47;
2026;01;20;56;83.05;83.05;
2026;01;20;57;85.10;85.10;
2026;01;20;58;84.02;84.02;
2026;01;20;59;82.65;82.65;
2026;01;20;60;81.73;81.73;
2026;01;20;61;84.82;84.82;
2026;01;20;62;82.95;82.95;
2026;01;20;63;82.02;82.02;
2026;01;20;64;85.10;85.10;
2026;01;20;65;84.00;84.00;
2026;01;20;66;84.38;84.38;
2026;01;20;67;80.64;80.64;
2026;01;20;68;95.46;95.46;
2026;01;20;69;99.00;99.00;
2026;01;20;70;106.83;106.83;
2026;01;20;71;105.01;99.00;
2026;01;20;72;106.77;106.77;
2026;01;20;73;100.00;100.00;
2026;01;20;74;105.25;105.25;
2026;01;20;75;117.34;117.34;
2026;01;20;76;122.01;122.01;
2026;01;20;77;111.45;111.45;
2026;01;20;78;112.57;112.57;
2026;01;20;79;105.80;105.80;
2026;01;20;80;100.00;100.00;
2026;01;20;81;100.00;100.00;
2026;01;20;82;100.00;100.00;
2026;01;20;83;101.60;101.60;
2026;01;20;84;100.00;100.00;
2026;01;20;85;100.00;99.00;
2026;01;20;86;100.00;99.00;
2026;01;20;87;100.00;99.00;
2026;01;20;88;100.00;92.43;
2026;01;20;89;103.31;99.28;
2026;01;20;90;98.05;98.05;
2026;01;20;91;107.94;106.90;
2026;01;20;92;101.01;101.01;
2026;01;20;93;104.50;104.50;
2026;01;20;94;94.17;94.17;
2026;01;20;95;87.51;87.51;
2026;01;20;96;66.66;66.66;
*
