MARGINALPIBC;
2026;01;07;1;95.13;95.13;
2026;01;07;2;91.56;91.56;
2026;01;07;3;89.07;89.07;
2026;01;07;4;86.50;86.50;
2026;01;07;5;90.81;90.81;
2026;01;07;6;87.28;87.28;
2026;01;07;7;86.64;86.64;
2026;01;07;8;85.66;85.66;
2026;01;07;9;86.00;86.00;
2026;01;07;10;82.57;82.57;
2026;01;07;11;82.12;82.12;
2026;01;07;12;82.12;82.12;
2026;01;07;13;82.12;82.12;
2026;01;07;14;80.22;80.22;
2026;01;07;15;79.43;79.43;
2026;01;07;16;78.69;78.69;
2026;01;07;17;80.32;80.32;
2026;01;07;18;80.22;80.22;
2026;01;07;19;79.88;79.88;
2026;01;07;20;78.69;78.69;
2026;01;07;21;80.10;80.10;
2026;01;07;22;80.22;80.22;
2026;01;07;23;82.12;82.12;
2026;01;07;24;82.57;82.57;
2026;01;07;25;82.12;82.12;
2026;01;07;26;84.46;84.46;
2026;01;07;27;89.54;89.54;
2026;01;07;28;90.00;90.00;
2026;01;07;29;98.01;98.01;
2026;01;07;30;99.65;99.65;
2026;01;07;31;105.01;105.01;
2026;01;07;32;98.01;98.01;
2026;01;07;33;105.55;105.55;
2026;01;07;34;105.55;105.55;
2026;01;07;35;116.15;116.15;
2026;01;07;36;110.54;110.54;
2026;01;07;37;110.68;110.68;
2026;01;07;38;105.55;105.55;
2026;01;07;39;105.55;105.55;
2026;01;07;40;100.07;100.07;
2026;01;07;41;99.20;99.20;
2026;01;07;42;106.75;106.75;
2026;01;07;43;97.17;97.17;
2026;01;07;44;92.61;92.61;
2026;01;07;45;103.65;103.65;
2026;01;07;46;100.01;100.01;
2026;01;07;47;95.03;95.03;
2026;01;07;48;95.33;95.33;
2026;01;07;49;95.44;95.44;
2026;01;07;50;91.56;91.56;
2026;01;07;51;90.00;90.00;
2026;01;07;52;87.30;87.30;
2026;01;07;53;85.50;85.50;
2026;01;07;54;84.99;84.99;
2026;01;07;55;83.02;83.02;
2026;01;07;56;83.02;83.02;
2026;01;07;57;82.12;82.12;
2026;01;07;58;82.12;82.12;
2026;01;07;59;82.28;82.28;
2026;01;07;60;82.57;82.57;
2026;01;07;61;83.02;83.02;
2026;01;07;62;84.27;84.27;
2026;01;07;63;87.45;87.45;
2026;01;07;64;89.77;89.77;
2026;01;07;65;93.01;93.01;
2026;01;07;66;99.49;99.49;
2026;01;07;67;103.65;103.65;
2026;01;07;68;108.48;108.48;
2026;01;07;69;98.01;98.01;
2026;01;07;70;101.18;101.18;
2026;01;07;71;103.65;103.65;
2026;01;07;72;105.55;105.55;
2026;01;07;73;107.72;107.72;
2026;01;07;74;110.00;110.00;
2026;01;07;75;113.05;113.05;
2026;01;07;76;127.00;127.00;
2026;01;07;77;117.14;117.14;
2026;01;07;78;115.40;115.40;
2026;01;07;79;110.00;110.00;
2026;01;07;80;105.55;105.55;
2026;01;07;81;109.33;109.33;
2026;01;07;82;106.61;106.61;
2026;01;07;83;100.50;100.50;
2026;01;07;84;99.74;99.74;
2026;01;07;85;98.01;98.01;
2026;01;07;86;100.60;100.60;
2026;01;07;87;98.01;98.01;
2026;01;07;88;94.48;94.48;
2026;01;07;89;98.01;98.01;
2026;01;07;90;94.23;94.23;
2026;01;07;91;92.17;92.17;
2026;01;07;92;90.50;90.50;
2026;01;07;93;89.77;89.77;
2026;01;07;94;85.50;85.50;
2026;01;07;95;83.27;83.27;
2026;01;07;96;80.56;80.56;
*
