MARGINALPIBC;
2026;01;25;1;-4.95;-4.95;
2026;01;25;2;-10.00;-10.00;
2026;01;25;3;-11.10;-11.10;
2026;01;25;4;-19.70;-19.70;
2026;01;25;5;-15.50;-15.50;
2026;01;25;6;-16.06;-16.06;
2026;01;25;7;-20.00;-20.00;
2026;01;25;8;-20.00;-20.00;
2026;01;25;9;-20.00;-20.00;
2026;01;25;10;-20.00;-20.00;
2026;01;25;11;-20.00;-20.00;
2026;01;25;12;-15.50;-15.50;
2026;01;25;13;-16.40;-16.40;
2026;01;25;14;-16.27;-16.27;
2026;01;25;15;-16.27;-16.27;
2026;01;25;16;-16.40;-16.40;
2026;01;25;17;-13.77;-13.77;
2026;01;25;18;-10.00;-10.00;
2026;01;25;19;-10.12;-10.12;
2026;01;25;20;-10.12;-10.12;
2026;01;25;21;-11.23;-11.23;
2026;01;25;22;-11.14;-11.14;
2026;01;25;23;-11.23;-11.23;
2026;01;25;24;-13.77;-13.77;
2026;01;25;25;-11.23;-11.23;
2026;01;25;26;-10.12;-10.12;
2026;01;25;27;-10.12;-10.12;
2026;01;25;28;-10.12;-10.12;
2026;01;25;29;-10.12;-10.12;
2026;01;25;30;-13.02;-13.02;
2026;01;25;31;-10.12;-10.12;
2026;01;25;32;-10.12;-10.12;
2026;01;25;33;-5.00;-5.00;
2026;01;25;34;-4.95;-4.95;
2026;01;25;35;-4.95;-4.95;
2026;01;25;36;-5.00;-5.00;
2026;01;25;37;-0.50;-.50;
2026;01;25;38;-0.50;-.50;
2026;01;25;39;0.00;.00;
2026;01;25;40;0.91;.91;
2026;01;25;41;0.00;.00;
2026;01;25;42;0.98;.98;
2026;01;25;43;0.00;.00;
2026;01;25;44;0.90;.90;
2026;01;25;45;0.30;.30;
2026;01;25;46;0.30;.30;
2026;01;25;47;0.00;.00;
2026;01;25;48;0.00;.00;
2026;01;25;49;0.00;.00;
2026;01;25;50;-0.40;-.40;
2026;01;25;51;-0.40;-.40;
2026;01;25;52;0.00;.00;
2026;01;25;53;-0.50;-.50;
2026;01;25;54;-0.40;-.40;
2026;01;25;55;-0.40;-.40;
2026;01;25;56;-0.40;-.40;
2026;01;25;57;-0.40;-.40;
2026;01;25;58;-0.50;-.50;
2026;01;25;59;-0.50;-.50;
2026;01;25;60;-0.50;-.50;
2026;01;25;61;-0.50;-.50;
2026;01;25;62;-0.81;-.81;
2026;01;25;63;-0.40;-.40;
2026;01;25;64;-0.40;-.40;
2026;01;25;65;-0.49;-.49;
2026;01;25;66;-0.50;-.50;
2026;01;25;67;-0.40;-.40;
2026;01;25;68;-0.40;-.40;
2026;01;25;69;-3.75;-3.75;
2026;01;25;70;-1.22;-1.22;
2026;01;25;71;-2.10;-2.10;
2026;01;25;72;-5.00;-5.00;
2026;01;25;73;-5.00;-5.00;
2026;01;25;74;2.20;2.20;
2026;01;25;75;2.92;2.92;
2026;01;25;76;3.16;3.16;
2026;01;25;77;3.16;3.16;
2026;01;25;78;11.95;11.95;
2026;01;25;79;24.92;24.92;
2026;01;25;80;28.99;28.99;
2026;01;25;81;35.02;35.02;
2026;01;25;82;35.12;35.12;
2026;01;25;83;39.00;39.00;
2026;01;25;84;36.63;36.63;
2026;01;25;85;39.67;39.67;
2026;01;25;86;39.60;39.60;
2026;01;25;87;34.62;34.62;
2026;01;25;88;32.82;32.82;
2026;01;25;89;26.22;26.22;
2026;01;25;90;5.01;5.01;
2026;01;25;91;2.92;2.92;
2026;01;25;92;2.44;2.44;
2026;01;25;93;2.68;2.68;
2026;01;25;94;-0.50;-.50;
2026;01;25;95;-0.81;-.81;
2026;01;25;96;-3.81;-3.81;
*
