MARGINALPIBC;
2026;06;16;1;138.51;138.51;
2026;06;16;2;136.25;136.25;
2026;06;16;3;128.90;128.90;
2026;06;16;4;119.02;119.02;
2026;06;16;5;126.25;126.25;
2026;06;16;6;118.84;118.84;
2026;06;16;7;115.97;115.97;
2026;06;16;8;114.50;114.50;
2026;06;16;9;114.26;114.26;
2026;06;16;10;114.74;114.74;
2026;06;16;11;113.69;113.69;
2026;06;16;12;113.24;113.24;
2026;06;16;13;113.24;113.24;
2026;06;16;14;109.57;109.57;
2026;06;16;15;108.76;108.76;
2026;06;16;16;108.76;108.76;
2026;06;16;17;108.76;108.76;
2026;06;16;18;108.76;108.76;
2026;06;16;19;113.24;113.24;
2026;06;16;20;114.50;114.50;
2026;06;16;21;111.72;111.72;
2026;06;16;22;111.12;111.12;
2026;06;16;23;113.29;113.29;
2026;06;16;24;114.74;114.74;
2026;06;16;25;122.61;122.61;
2026;06;16;26;126.28;126.28;
2026;06;16;27;127.54;127.54;
2026;06;16;28;128.97;128.97;
2026;06;16;29;139.37;139.37;
2026;06;16;30;134.73;134.73;
2026;06;16;31;130.87;130.87;
2026;06;16;32;122.23;122.23;
2026;06;16;33;137.54;137.54;
2026;06;16;34;128.87;128.87;
2026;06;16;35;117.89;117.89;
2026;06;16;36;112.18;112.18;
2026;06;16;37;110.86;110.86;
2026;06;16;38;102.85;102.85;
2026;06;16;39;99.74;99.74;
2026;06;16;40;93.83;93.83;
2026;06;16;41;99.95;99.95;
2026;06;16;42;97.49;97.49;
2026;06;16;43;98.14;98.14;
2026;06;16;44;93.63;93.63;
2026;06;16;45;87.15;87.15;
2026;06;16;46;84.15;84.15;
2026;06;16;47;76.58;76.58;
2026;06;16;48;65.48;65.48;
2026;06;16;49;81.88;81.88;
2026;06;16;50;75.11;75.11;
2026;06;16;51;78.80;78.80;
2026;06;16;52;67.11;67.11;
2026;06;16;53;59.77;59.77;
2026;06;16;54;48.33;48.33;
2026;06;16;55;28.79;28.79;
2026;06;16;56;28.37;28.37;
2026;06;16;57;32.79;32.79;
2026;06;16;58;31.00;31.00;
2026;06;16;59;35.29;35.29;
2026;06;16;60;35.49;35.49;
2026;06;16;61;42.14;42.14;
2026;06;16;62;47.56;47.56;
2026;06;16;63;53.75;53.75;
2026;06;16;64;60.59;60.59;
2026;06;16;65;61.47;61.47;
2026;06;16;66;65.90;65.90;
2026;06;16;67;74.14;74.14;
2026;06;16;68;78.49;78.49;
2026;06;16;69;64.22;64.22;
2026;06;16;70;77.56;77.56;
2026;06;16;71;74.14;74.14;
2026;06;16;72;82.08;82.08;
2026;06;16;73;79.95;79.95;
2026;06;16;74;67.74;67.74;
2026;06;16;75;84.10;84.10;
2026;06;16;76;96.46;96.46;
2026;06;16;77;85.50;85.50;
2026;06;16;78;100.00;100.00;
2026;06;16;79;113.24;113.24;
2026;06;16;80;118.54;118.54;
2026;06;16;81;119.50;119.50;
2026;06;16;82;127.59;127.59;
2026;06;16;83;134.43;134.43;
2026;06;16;84;153.83;153.83;
2026;06;16;85;148.41;148.41;
2026;06;16;86;153.72;153.72;
2026;06;16;87;162.17;162.17;
2026;06;16;88;153.50;153.50;
2026;06;16;89;157.19;157.19;
2026;06;16;90;153.14;153.14;
2026;06;16;91;153.84;153.84;
2026;06;16;92;150.28;150.28;
2026;06;16;93;149.94;149.94;
2026;06;16;94;144.63;144.63;
2026;06;16;95;141.87;141.87;
2026;06;16;96;136.26;136.26;
*
