MARGINALPIBC;
2026;05;11;1;71.00;71.00;
2026;05;11;2;58.14;58.14;
2026;05;11;3;56.78;56.78;
2026;05;11;4;51.30;51.30;
2026;05;11;5;60.36;60.36;
2026;05;11;6;60.32;60.32;
2026;05;11;7;59.78;59.78;
2026;05;11;8;59.54;59.54;
2026;05;11;9;56.24;56.24;
2026;05;11;10;48.70;48.70;
2026;05;11;11;41.70;41.70;
2026;05;11;12;48.05;48.05;
2026;05;11;13;40.68;40.68;
2026;05;11;14;41.23;41.23;
2026;05;11;15;35.22;35.22;
2026;05;11;16;35.26;35.26;
2026;05;11;17;14.39;14.39;
2026;05;11;18;22.87;22.87;
2026;05;11;19;25.82;25.82;
2026;05;11;20;38.92;38.92;
2026;05;11;21;48.03;48.03;
2026;05;11;22;49.20;49.20;
2026;05;11;23;50.30;50.30;
2026;05;11;24;52.05;52.05;
2026;05;11;25;51.30;51.30;
2026;05;11;26;58.14;58.14;
2026;05;11;27;53.94;53.94;
2026;05;11;28;61.07;61.07;
2026;05;11;29;88.69;88.69;
2026;05;11;30;96.68;96.68;
2026;05;11;31;96.40;96.40;
2026;05;11;32;84.78;84.78;
2026;05;11;33;87.99;87.99;
2026;05;11;34;71.71;71.71;
2026;05;11;35;62.24;62.24;
2026;05;11;36;57.20;57.20;
2026;05;11;37;58.14;58.14;
2026;05;11;38;50.05;50.05;
2026;05;11;39;42.10;42.10;
2026;05;11;40;34.49;34.49;
2026;05;11;41;36.87;36.87;
2026;05;11;42;14.25;14.25;
2026;05;11;43;10.11;10.11;
2026;05;11;44;5.53;5.53;
2026;05;11;45;5.70;5.70;
2026;05;11;46;2.19;.00;
2026;05;11;47;4.17;.00;
2026;05;11;48;2.76;-.07;
2026;05;11;49;4.96;.00;
2026;05;11;50;4.17;-.07;
2026;05;11;51;2.96;-.07;
2026;05;11;52;2.46;-.07;
2026;05;11;53;1.50;-1.30;
2026;05;11;54;2.19;-2.10;
2026;05;11;55;1.21;-1.25;
2026;05;11;56;1.06;-2.10;
2026;05;11;57;0.00;-1.00;
2026;05;11;58;1.39;-2.17;
2026;05;11;59;1.75;-3.90;
2026;05;11;60;2.19;-5.91;
2026;05;11;61;-1.00;-1.66;
2026;05;11;62;0.80;-1.66;
2026;05;11;63;1.50;-5.00;
2026;05;11;64;0.47;-5.51;
2026;05;11;65;-0.03;-4.89;
2026;05;11;66;-0.03;-3.94;
2026;05;11;67;-0.03;-2.49;
2026;05;11;68;0.47;-5.00;
2026;05;11;69;1.75;-2.80;
2026;05;11;70;2.19;-5.51;
2026;05;11;71;4.17;-2.92;
2026;05;11;72;4.17;-.52;
2026;05;11;73;2.20;2.20;
2026;05;11;74;16.76;16.76;
2026;05;11;75;25.49;25.49;
2026;05;11;76;46.80;46.80;
2026;05;11;77;40.77;40.77;
2026;05;11;78;44.50;44.50;
2026;05;11;79;67.73;67.73;
2026;05;11;80;88.80;88.80;
2026;05;11;81;87.40;87.40;
2026;05;11;82;99.80;99.80;
2026;05;11;83;111.17;111.17;
2026;05;11;84;126.07;126.07;
2026;05;11;85;123.73;123.73;
2026;05;11;86;150.00;150.00;
2026;05;11;87;151.00;151.00;
2026;05;11;88;145.47;145.47;
2026;05;11;89;128.11;128.11;
2026;05;11;90;120.84;120.84;
2026;05;11;91;120.90;120.90;
2026;05;11;92;113.02;113.02;
2026;05;11;93;117.01;117.01;
2026;05;11;94;110.05;110.05;
2026;05;11;95;107.73;107.73;
2026;05;11;96;100.92;100.92;
*
