MARGINALPIBC;
2026;06;13;1;113.54;113.54;
2026;06;13;2;109.00;109.00;
2026;06;13;3;105.80;105.80;
2026;06;13;4;104.06;104.06;
2026;06;13;5;97.30;97.30;
2026;06;13;6;94.81;94.81;
2026;06;13;7;91.24;91.24;
2026;06;13;8;89.82;89.82;
2026;06;13;9;89.17;89.17;
2026;06;13;10;81.85;81.85;
2026;06;13;11;81.85;81.85;
2026;06;13;12;79.82;79.82;
2026;06;13;13;66.59;66.59;
2026;06;13;14;63.53;63.53;
2026;06;13;15;64.00;64.00;
2026;06;13;16;60.00;60.00;
2026;06;13;17;61.10;61.10;
2026;06;13;18;58.50;58.50;
2026;06;13;19;56.89;56.89;
2026;06;13;20;59.95;59.95;
2026;06;13;21;65.00;65.00;
2026;06;13;22;68.00;68.00;
2026;06;13;23;81.10;81.10;
2026;06;13;24;81.85;81.85;
2026;06;13;25;89.17;89.17;
2026;06;13;26;90.20;90.20;
2026;06;13;27;91.11;91.11;
2026;06;13;28;91.10;91.10;
2026;06;13;29;91.11;91.11;
2026;06;13;30;59.31;59.31;
2026;06;13;31;48.06;48.06;
2026;06;13;32;52.22;52.22;
2026;06;13;33;79.30;79.30;
2026;06;13;34;27.58;27.58;
2026;06;13;35;16.25;16.25;
2026;06;13;36;11.34;11.34;
2026;06;13;37;13.24;13.24;
2026;06;13;38;8.00;8.00;
2026;06;13;39;8.45;5.41;
2026;06;13;40;4.97;3.01;
2026;06;13;41;4.98;3.08;
2026;06;13;42;4.98;.00;
2026;06;13;43;4.98;.00;
2026;06;13;44;4.98;-.07;
2026;06;13;45;13.24;.00;
2026;06;13;46;13.24;-.02;
2026;06;13;47;13.24;-.02;
2026;06;13;48;13.24;-.02;
2026;06;13;49;13.24;-1.01;
2026;06;13;50;13.24;-1.00;
2026;06;13;51;13.24;-1.10;
2026;06;13;52;13.24;-1.10;
2026;06;13;53;12.75;-1.10;
2026;06;13;54;12.75;-1.10;
2026;06;13;55;12.75;-1.10;
2026;06;13;56;12.75;-1.10;
2026;06;13;57;7.98;-1.10;
2026;06;13;58;7.98;-1.10;
2026;06;13;59;7.98;-1.10;
2026;06;13;60;7.98;-1.10;
2026;06;13;61;5.50;-1.11;
2026;06;13;62;5.50;-1.50;
2026;06;13;63;7.47;-1.58;
2026;06;13;64;7.47;-1.50;
2026;06;13;65;5.50;-1.50;
2026;06;13;66;4.98;-1.11;
2026;06;13;67;4.98;-1.10;
2026;06;13;68;7.98;-1.11;
2026;06;13;69;4.98;-1.11;
2026;06;13;70;4.98;-.81;
2026;06;13;71;7.98;-.07;
2026;06;13;72;13.08;1.95;
2026;06;13;73;13.14;4.40;
2026;06;13;74;14.58;14.58;
2026;06;13;75;17.91;17.91;
2026;06;13;76;20.30;20.30;
2026;06;13;77;45.63;45.63;
2026;06;13;78;42.09;42.09;
2026;06;13;79;45.20;45.20;
2026;06;13;80;63.64;63.64;
2026;06;13;81;56.99;56.99;
2026;06;13;82;79.60;79.60;
2026;06;13;83;98.66;98.66;
2026;06;13;84;109.00;109.00;
2026;06;13;85;107.79;107.79;
2026;06;13;86;125.29;125.29;
2026;06;13;87;122.49;122.49;
2026;06;13;88;124.50;124.50;
2026;06;13;89;123.96;123.96;
2026;06;13;90;122.96;122.96;
2026;06;13;91;119.52;119.52;
2026;06;13;92;115.26;115.26;
2026;06;13;93;115.47;115.47;
2026;06;13;94;107.80;107.80;
2026;06;13;95;105.43;105.43;
2026;06;13;96;105.43;105.43;
*
