MARGINALPIBC;
2026;05;22;1;112.49;112.49;
2026;05;22;2;111.02;111.02;
2026;05;22;3;110.96;110.96;
2026;05;22;4;105.79;105.79;
2026;05;22;5;106.20;106.20;
2026;05;22;6;100.00;100.00;
2026;05;22;7;103.74;103.74;
2026;05;22;8;93.19;93.19;
2026;05;22;9;108.20;108.20;
2026;05;22;10;103.65;103.65;
2026;05;22;11;84.75;84.75;
2026;05;22;12;81.00;81.00;
2026;05;22;13;106.20;106.20;
2026;05;22;14;95.64;95.64;
2026;05;22;15;94.19;94.19;
2026;05;22;16;81.25;81.25;
2026;05;22;17;89.72;89.72;
2026;05;22;18;88.90;88.90;
2026;05;22;19;102.59;102.59;
2026;05;22;20;104.85;104.85;
2026;05;22;21;106.20;106.20;
2026;05;22;22;106.65;106.65;
2026;05;22;23;108.45;108.45;
2026;05;22;24;111.58;111.58;
2026;05;22;25;110.04;110.04;
2026;05;22;26;109.63;109.63;
2026;05;22;27;111.25;111.25;
2026;05;22;28;115.03;115.03;
2026;05;22;29;126.66;126.66;
2026;05;22;30;122.00;122.00;
2026;05;22;31;115.26;115.26;
2026;05;22;32;108.14;108.14;
2026;05;22;33;114.05;114.05;
2026;05;22;34;108.20;108.20;
2026;05;22;35;70.44;70.44;
2026;05;22;36;28.91;28.91;
2026;05;22;37;85.05;85.05;
2026;05;22;38;50.83;50.83;
2026;05;22;39;38.18;38.18;
2026;05;22;40;41.82;41.82;
2026;05;22;41;27.90;27.90;
2026;05;22;42;20.14;20.14;
2026;05;22;43;9.89;3.26;
2026;05;22;44;9.88;.84;
2026;05;22;45;2.00;-.10;
2026;05;22;46;1.75;-4.26;
2026;05;22;47;1.50;-5.00;
2026;05;22;48;1.75;-7.04;
2026;05;22;49;2.00;-3.94;
2026;05;22;50;2.00;-7.80;
2026;05;22;51;2.00;-6.89;
2026;05;22;52;4.00;2.19;
2026;05;22;53;9.87;.84;
2026;05;22;54;9.87;.84;
2026;05;22;55;9.87;.84;
2026;05;22;56;9.87;.84;
2026;05;22;57;4.00;.84;
2026;05;22;58;4.00;.84;
2026;05;22;59;4.00;1.41;
2026;05;22;60;9.87;1.95;
2026;05;22;61;9.87;1.95;
2026;05;22;62;5.09;5.09;
2026;05;22;63;3.00;3.00;
2026;05;22;64;9.88;1.50;
2026;05;22;65;9.88;.84;
2026;05;22;66;9.88;.99;
2026;05;22;67;9.88;2.28;
2026;05;22;68;9.88;.00;
2026;05;22;69;9.89;.84;
2026;05;22;70;9.89;1.00;
2026;05;22;71;9.89;6.34;
2026;05;22;72;13.01;13.01;
2026;05;22;73;50.83;50.83;
2026;05;22;74;51.95;51.95;
2026;05;22;75;55.41;55.41;
2026;05;22;76;80.00;80.00;
2026;05;22;77;50.89;50.89;
2026;05;22;78;84.49;84.49;
2026;05;22;79;76.99;76.99;
2026;05;22;80;105.33;105.33;
2026;05;22;81;54.99;54.99;
2026;05;22;82;90.13;90.13;
2026;05;22;83;104.00;104.00;
2026;05;22;84;127.55;127.55;
2026;05;22;85;123.52;123.52;
2026;05;22;86;123.54;123.54;
2026;05;22;87;118.52;118.52;
2026;05;22;88;114.42;114.42;
2026;05;22;89;120.51;120.51;
2026;05;22;90;113.58;113.58;
2026;05;22;91;115.01;115.01;
2026;05;22;92;113.92;113.92;
2026;05;22;93;109.88;109.88;
2026;05;22;94;107.42;107.42;
2026;05;22;95;105.12;105.12;
2026;05;22;96;95.77;95.77;
*
