MARGINALPIBC;
2026;07;09;1;168.80;168.80;
2026;07;09;2;168.80;168.80;
2026;07;09;3;167.08;167.08;
2026;07;09;4;165.83;165.83;
2026;07;09;5;156.98;156.98;
2026;07;09;6;161.02;161.02;
2026;07;09;7;160.00;160.00;
2026;07;09;8;156.58;156.58;
2026;07;09;9;157.08;157.08;
2026;07;09;10;157.79;157.79;
2026;07;09;11;155.39;155.39;
2026;07;09;12;155.98;155.98;
2026;07;09;13;153.86;153.86;
2026;07;09;14;154.44;154.44;
2026;07;09;15;160.00;160.00;
2026;07;09;16;161.10;161.10;
2026;07;09;17;165.09;165.09;
2026;07;09;18;165.59;165.59;
2026;07;09;19;165.58;165.58;
2026;07;09;20;165.50;165.50;
2026;07;09;21;166.45;166.45;
2026;07;09;22;163.81;163.81;
2026;07;09;23;149.11;149.11;
2026;07;09;24;152.25;152.25;
2026;07;09;25;153.85;153.85;
2026;07;09;26;165.08;165.08;
2026;07;09;27;166.08;166.08;
2026;07;09;28;166.54;166.54;
2026;07;09;29;168.80;168.80;
2026;07;09;30;170.58;170.58;
2026;07;09;31;167.47;167.47;
2026;07;09;32;159.17;159.17;
2026;07;09;33;163.00;163.00;
2026;07;09;34;159.07;159.07;
2026;07;09;35;134.54;134.54;
2026;07;09;36;116.28;116.28;
2026;07;09;37;128.85;128.85;
2026;07;09;38;115.80;115.80;
2026;07;09;39;90.00;90.00;
2026;07;09;40;82.20;78.03;
2026;07;09;41;103.27;103.27;
2026;07;09;42;90.54;90.54;
2026;07;09;43;76.90;76.43;
2026;07;09;44;70.48;70.48;
2026;07;09;45;76.65;72.53;
2026;07;09;46;73.09;73.09;
2026;07;09;47;65.50;65.50;
2026;07;09;48;58.80;49.60;
2026;07;09;49;70.50;50.11;
2026;07;09;50;70.00;44.58;
2026;07;09;51;70.00;50.09;
2026;07;09;52;63.01;35.70;
2026;07;09;53;70.00;47.80;
2026;07;09;54;63.01;36.30;
2026;07;09;55;55.51;39.50;
2026;07;09;56;55.51;39.31;
2026;07;09;57;56.91;35.09;
2026;07;09;58;55.90;37.77;
2026;07;09;59;55.00;55.00;
2026;07;09;60;55.00;55.00;
2026;07;09;61;76.65;42.70;
2026;07;09;62;76.65;43.55;
2026;07;09;63;76.65;42.70;
2026;07;09;64;71.00;49.63;
2026;07;09;65;70.51;60.43;
2026;07;09;66;70.51;59.79;
2026;07;09;67;71.23;71.23;
2026;07;09;68;80.55;80.55;
2026;07;09;69;80.55;80.55;
2026;07;09;70;88.86;88.86;
2026;07;09;71;106.32;106.32;
2026;07;09;72;115.36;115.36;
2026;07;09;73;108.02;108.02;
2026;07;09;74;116.46;116.46;
2026;07;09;75;120.00;120.00;
2026;07;09;76;123.49;123.49;
2026;07;09;77;104.50;104.50;
2026;07;09;78;119.92;119.92;
2026;07;09;79;145.50;145.50;
2026;07;09;80;166.08;166.08;
2026;07;09;81;156.52;156.52;
2026;07;09;82;159.21;159.21;
2026;07;09;83;173.45;173.45;
2026;07;09;84;192.66;192.66;
2026;07;09;85;182.20;182.20;
2026;07;09;86;186.51;192.95;
2026;07;09;87;188.80;190.41;
2026;07;09;88;182.90;182.90;
2026;07;09;89;187.44;187.44;
2026;07;09;90;177.70;177.70;
2026;07;09;91;181.80;181.80;
2026;07;09;92;170.21;170.21;
2026;07;09;93;172.46;172.46;
2026;07;09;94;161.61;161.61;
2026;07;09;95;160.18;160.18;
2026;07;09;96;157.13;157.13;
*
