MARGINALPIBC;
2026;03;24;1;16.00;16.00;
2026;03;24;2;29.97;29.97;
2026;03;24;3;16.01;16.01;
2026;03;24;4;16.01;16.01;
2026;03;24;5;26.17;26.17;
2026;03;24;6;20.00;20.00;
2026;03;24;7;25.70;25.70;
2026;03;24;8;16.01;16.01;
2026;03;24;9;16.00;16.00;
2026;03;24;10;26.96;26.96;
2026;03;24;11;30.00;30.00;
2026;03;24;12;34.00;34.00;
2026;03;24;13;41.72;41.72;
2026;03;24;14;35.50;35.50;
2026;03;24;15;35.88;35.88;
2026;03;24;16;38.22;38.22;
2026;03;24;17;52.51;52.51;
2026;03;24;18;57.24;57.24;
2026;03;24;19;58.19;58.19;
2026;03;24;20;48.74;48.74;
2026;03;24;21;20.42;20.42;
2026;03;24;22;23.96;23.96;
2026;03;24;23;43.10;43.10;
2026;03;24;24;70.94;70.94;
2026;03;24;25;16.01;39.66;
2026;03;24;26;14.03;80.90;
2026;03;24;27;14.05;101.12;
2026;03;24;28;14.05;104.64;
2026;03;24;29;14.05;121.96;
2026;03;24;30;14.05;113.54;
2026;03;24;31;14.05;100.18;
2026;03;24;32;16.01;82.83;
2026;03;24;33;79.20;79.20;
2026;03;24;34;72.87;72.87;
2026;03;24;35;34.86;34.86;
2026;03;24;36;12.00;12.00;
2026;03;24;37;55.47;55.47;
2026;03;24;38;45.35;45.35;
2026;03;24;39;25.09;25.09;
2026;03;24;40;14.21;14.21;
2026;03;24;41;3.51;3.51;
2026;03;24;42;3.00;3.00;
2026;03;24;43;0.84;.84;
2026;03;24;44;-0.07;-.07;
2026;03;24;45;0.00;.00;
2026;03;24;46;0.84;.84;
2026;03;24;47;0.00;.00;
2026;03;24;48;0.00;.00;
2026;03;24;49;-0.20;-.20;
2026;03;24;50;-1.33;-1.33;
2026;03;24;51;-0.50;-.50;
2026;03;24;52;-0.07;-.07;
2026;03;24;53;0.00;.00;
2026;03;24;54;0.00;.00;
2026;03;24;55;0.00;.00;
2026;03;24;56;0.00;.00;
2026;03;24;57;0.00;.00;
2026;03;24;58;0.00;.00;
2026;03;24;59;0.00;.00;
2026;03;24;60;0.00;.00;
2026;03;24;61;0.00;.00;
2026;03;24;62;-0.07;-.07;
2026;03;24;63;0.00;.00;
2026;03;24;64;0.15;.15;
2026;03;24;65;0.01;.01;
2026;03;24;66;1.84;1.84;
2026;03;24;67;1.84;1.84;
2026;03;24;68;4.85;4.85;
2026;03;24;69;7.56;7.56;
2026;03;24;70;9.20;9.20;
2026;03;24;71;14.00;14.00;
2026;03;24;72;35.00;35.00;
2026;03;24;73;12.00;12.00;
2026;03;24;74;39.48;39.48;
2026;03;24;75;63.73;63.73;
2026;03;24;76;97.47;102.69;
2026;03;24;77;20.00;119.34;
2026;03;24;78;18.00;131.57;
2026;03;24;79;19.00;136.10;
2026;03;24;80;20.00;123.61;
2026;03;24;81;20.00;132.76;
2026;03;24;82;20.00;135.70;
2026;03;24;83;20.00;140.40;
2026;03;24;84;22.00;140.10;
2026;03;24;85;22.00;134.68;
2026;03;24;86;22.00;131.50;
2026;03;24;87;80.01;132.76;
2026;03;24;88;71.11;116.11;
2026;03;24;89;20.00;99.88;
2026;03;24;90;74.95;74.95;
2026;03;24;91;65.99;65.99;
2026;03;24;92;60.01;60.01;
2026;03;24;93;70.85;70.85;
2026;03;24;94;48.02;48.02;
2026;03;24;95;36.76;36.76;
2026;03;24;96;33.16;33.16;
*
