MARGINALPIBC;
2026;06;02;1;127.77;127.77;
2026;06;02;2;125.20;125.20;
2026;06;02;3;117.11;117.11;
2026;06;02;4;114.70;114.70;
2026;06;02;5;111.55;111.55;
2026;06;02;6;108.50;108.50;
2026;06;02;7;105.05;105.05;
2026;06;02;8;103.36;103.36;
2026;06;02;9;111.30;111.30;
2026;06;02;10;108.92;108.92;
2026;06;02;11;106.74;106.74;
2026;06;02;12;105.05;105.05;
2026;06;02;13;101.04;101.04;
2026;06;02;14;100.24;100.24;
2026;06;02;15;95.02;95.02;
2026;06;02;16;93.28;93.28;
2026;06;02;17;101.23;101.23;
2026;06;02;18;98.51;98.51;
2026;06;02;19;98.51;98.51;
2026;06;02;20;98.51;98.51;
2026;06;02;21;98.51;98.51;
2026;06;02;22;98.51;98.51;
2026;06;02;23;98.51;98.51;
2026;06;02;24;98.51;98.51;
2026;06;02;25;99.86;99.86;
2026;06;02;26;106.16;106.16;
2026;06;02;27;106.50;106.50;
2026;06;02;28;110.81;110.81;
2026;06;02;29;112.44;112.44;
2026;06;02;30;106.31;106.31;
2026;06;02;31;102.40;102.40;
2026;06;02;32;93.82;93.82;
2026;06;02;33;111.55;111.55;
2026;06;02;34;89.30;89.30;
2026;06;02;35;40.51;40.51;
2026;06;02;36;26.71;26.71;
2026;06;02;37;23.00;23.00;
2026;06;02;38;21.56;21.56;
2026;06;02;39;27.35;27.35;
2026;06;02;40;5.90;5.90;
2026;06;02;41;1.99;.01;
2026;06;02;42;-2.46;-2.46;
2026;06;02;43;0.98;-10.82;
2026;06;02;44;0.59;-11.90;
2026;06;02;45;-1.04;-9.80;
2026;06;02;46;-1.54;-6.61;
2026;06;02;47;-1.55;-10.82;
2026;06;02;48;-1.77;-12.25;
2026;06;02;49;0.00;-2.10;
2026;06;02;50;0.00;-7.12;
2026;06;02;51;0.00;-6.89;
2026;06;02;52;0.00;-14.00;
2026;06;02;53;0.84;.84;
2026;06;02;54;0.01;.01;
2026;06;02;55;0.01;.01;
2026;06;02;56;0.00;.00;
2026;06;02;57;0.01;.01;
2026;06;02;58;0.00;.00;
2026;06;02;59;0.01;.01;
2026;06;02;60;0.00;.00;
2026;06;02;61;0.00;.00;
2026;06;02;62;0.00;.00;
2026;06;02;63;0.00;.00;
2026;06;02;64;-0.01;-.01;
2026;06;02;65;-0.02;-.02;
2026;06;02;66;-0.07;-.07;
2026;06;02;67;-0.07;-.08;
2026;06;02;68;-0.03;-.50;
2026;06;02;69;0.00;-.01;
2026;06;02;70;0.00;-.07;
2026;06;02;71;0.00;-.04;
2026;06;02;72;0.00;.00;
2026;06;02;73;0.00;-10.29;
2026;06;02;74;0.00;-5.86;
2026;06;02;75;0.53;-3.26;
2026;06;02;76;1.52;.00;
2026;06;02;77;3.01;.00;
2026;06;02;78;4.18;4.18;
2026;06;02;79;8.30;8.30;
2026;06;02;80;35.29;35.29;
2026;06;02;81;25.45;25.45;
2026;06;02;82;59.99;59.99;
2026;06;02;83;92.25;92.25;
2026;06;02;84;110.14;110.14;
2026;06;02;85;102.40;102.40;
2026;06;02;86;107.30;107.30;
2026;06;02;87;110.70;110.70;
2026;06;02;88;109.86;109.86;
2026;06;02;89;109.86;109.86;
2026;06;02;90;109.86;109.86;
2026;06;02;91;104.86;104.86;
2026;06;02;92;102.68;102.68;
2026;06;02;93;103.28;103.28;
2026;06;02;94;102.00;102.00;
2026;06;02;95;101.68;101.68;
2026;06;02;96;101.13;101.13;
*
