MARGINALPIBC;
2026;02;09;1;-4.20;-4.20;
2026;02;09;2;0.00;.00;
2026;02;09;3;0.16;.16;
2026;02;09;4;0.02;.02;
2026;02;09;5;0.00;.00;
2026;02;09;6;-3.00;-3.00;
2026;02;09;7;-4.39;-4.39;
2026;02;09;8;-6.00;-6.00;
2026;02;09;9;-6.00;-6.00;
2026;02;09;10;-6.01;-6.01;
2026;02;09;11;-6.20;-6.20;
2026;02;09;12;-0.81;-.81;
2026;02;09;13;-2.00;-2.00;
2026;02;09;14;-4.00;-4.00;
2026;02;09;15;-3.03;-3.03;
2026;02;09;16;-4.00;-4.00;
2026;02;09;17;-4.00;-4.00;
2026;02;09;18;-4.00;-4.00;
2026;02;09;19;-4.10;-4.10;
2026;02;09;20;-9.40;-9.40;
2026;02;09;21;-6.01;-6.01;
2026;02;09;22;-6.00;-6.00;
2026;02;09;23;-6.00;-6.00;
2026;02;09;24;-4.10;-4.10;
2026;02;09;25;0.00;.00;
2026;02;09;26;-6.00;-6.00;
2026;02;09;27;0.02;.90;
2026;02;09;28;0.00;.00;
2026;02;09;29;-6.00;-6.00;
2026;02;09;30;0.79;9.00;
2026;02;09;31;0.97;49.00;
2026;02;09;32;0.98;63.75;
2026;02;09;33;3.34;90.91;
2026;02;09;34;3.94;94.16;
2026;02;09;35;4.28;94.52;
2026;02;09;36;8.78;92.78;
2026;02;09;37;11.94;73.30;
2026;02;09;38;15.56;54.00;
2026;02;09;39;2.76;9.00;
2026;02;09;40;-4.00;-4.00;
2026;02;09;41;-4.10;-4.10;
2026;02;09;42;-2.10;-2.10;
2026;02;09;43;-2.70;-2.70;
2026;02;09;44;-5.00;-5.00;
2026;02;09;45;-1.22;-1.22;
2026;02;09;46;-4.20;-4.20;
2026;02;09;47;-0.01;-.01;
2026;02;09;48;1.98;1.98;
2026;02;09;49;0.99;.99;
2026;02;09;50;0.91;.91;
2026;02;09;51;0.79;.79;
2026;02;09;52;0.16;.16;
2026;02;09;53;0.16;.16;
2026;02;09;54;0.10;.10;
2026;02;09;55;0.10;.10;
2026;02;09;56;-0.01;-.01;
2026;02;09;57;0.01;.01;
2026;02;09;58;0.00;.00;
2026;02;09;59;0.00;.00;
2026;02;09;60;-0.13;-.13;
2026;02;09;61;-0.01;-.01;
2026;02;09;62;0.01;.01;
2026;02;09;63;0.10;.10;
2026;02;09;64;0.16;.16;
2026;02;09;65;0.16;.16;
2026;02;09;66;0.64;.64;
2026;02;09;67;0.93;.93;
2026;02;09;68;1.98;3.78;
2026;02;09;69;-2.67;3.78;
2026;02;09;70;-1.66;3.78;
2026;02;09;71;-1.22;18.28;
2026;02;09;72;0.00;11.01;
2026;02;09;73;0.00;.00;
2026;02;09;74;1.95;2.93;
2026;02;09;75;1.91;28.11;
2026;02;09;76;2.89;39.50;
2026;02;09;77;3.94;81.10;
2026;02;09;78;3.94;79.14;
2026;02;09;79;4.28;83.80;
2026;02;09;80;7.20;77.83;
2026;02;09;81;10.36;87.26;
2026;02;09;82;10.36;75.11;
2026;02;09;83;10.36;75.40;
2026;02;09;84;10.36;68.79;
2026;02;09;85;10.36;73.98;
2026;02;09;86;10.36;68.50;
2026;02;09;87;8.78;59.04;
2026;02;09;88;4.28;23.58;
2026;02;09;89;-4.00;-4.00;
2026;02;09;90;-5.00;-5.00;
2026;02;09;91;-4.00;-4.00;
2026;02;09;92;3.34;4.70;
2026;02;09;93;0.90;.90;
2026;02;09;94;-6.10;-6.10;
2026;02;09;95;-4.09;-4.09;
2026;02;09;96;-4.10;-4.10;
*
