MARGINALPIBC;
2026;06;11;1;37.44;37.44;
2026;06;11;2;49.38;49.38;
2026;06;11;3;53.20;53.20;
2026;06;11;4;45.17;45.17;
2026;06;11;5;37.71;37.71;
2026;06;11;6;36.30;36.30;
2026;06;11;7;15.00;15.00;
2026;06;11;8;21.00;21.00;
2026;06;11;9;30.00;30.00;
2026;06;11;10;30.00;30.00;
2026;06;11;11;30.00;30.00;
2026;06;11;12;16.73;16.73;
2026;06;11;13;23.18;23.18;
2026;06;11;14;20.75;20.75;
2026;06;11;15;20.65;20.65;
2026;06;11;16;20.59;20.59;
2026;06;11;17;18.50;18.50;
2026;06;11;18;11.70;11.70;
2026;06;11;19;13.89;13.89;
2026;06;11;20;18.85;18.85;
2026;06;11;21;22.34;22.34;
2026;06;11;22;17.42;17.42;
2026;06;11;23;6.97;6.97;
2026;06;11;24;12.70;12.70;
2026;06;11;25;18.68;18.68;
2026;06;11;26;19.39;19.39;
2026;06;11;27;19.16;19.16;
2026;06;11;28;24.90;24.90;
2026;06;11;29;51.61;51.61;
2026;06;11;30;43.05;43.05;
2026;06;11;31;41.11;41.11;
2026;06;11;32;34.18;34.18;
2026;06;11;33;53.20;53.20;
2026;06;11;34;17.51;17.51;
2026;06;11;35;4.66;4.66;
2026;06;11;36;1.57;-.86;
2026;06;11;37;4.66;4.66;
2026;06;11;38;4.65;-.07;
2026;06;11;39;3.69;-5.64;
2026;06;11;40;5.84;-10.82;
2026;06;11;41;4.66;-13.17;
2026;06;11;42;4.66;-14.00;
2026;06;11;43;3.58;-20.68;
2026;06;11;44;4.66;.00;
2026;06;11;45;2.00;-18.40;
2026;06;11;46;3.64;-1.43;
2026;06;11;47;3.64;-.86;
2026;06;11;48;3.64;-4.31;
2026;06;11;49;3.64;.00;
2026;06;11;50;2.13;-.17;
2026;06;11;51;3.64;.00;
2026;06;11;52;2.13;.00;
2026;06;11;53;2.13;-.86;
2026;06;11;54;2.13;-2.33;
2026;06;11;55;2.13;-2.51;
2026;06;11;56;2.13;-2.51;
2026;06;11;57;3.64;.61;
2026;06;11;58;3.64;.19;
2026;06;11;59;3.64;.01;
2026;06;11;60;2.13;.00;
2026;06;11;61;3.65;-2.60;
2026;06;11;62;3.65;-4.00;
2026;06;11;63;3.65;-2.51;
2026;06;11;64;3.65;-5.01;
2026;06;11;65;3.65;-3.51;
2026;06;11;66;3.65;-2.51;
2026;06;11;67;3.75;-4.20;
2026;06;11;68;4.66;-1.78;
2026;06;11;69;4.66;-20.00;
2026;06;11;70;4.66;-15.00;
2026;06;11;71;4.66;-10.00;
2026;06;11;72;4.66;.84;
2026;06;11;73;4.66;2.26;
2026;06;11;74;11.09;11.09;
2026;06;11;75;13.07;13.07;
2026;06;11;76;14.86;14.86;
2026;06;11;77;16.18;16.18;
2026;06;11;78;22.45;22.45;
2026;06;11;79;13.15;13.15;
2026;06;11;80;24.50;24.50;
2026;06;11;81;6.97;-.07;
2026;06;11;82;21.23;21.23;
2026;06;11;83;55.67;55.67;
2026;06;11;84;79.80;79.80;
2026;06;11;85;78.61;78.61;
2026;06;11;86;100.94;100.94;
2026;06;11;87;105.59;105.59;
2026;06;11;88;102.61;102.61;
2026;06;11;89;97.47;97.47;
2026;06;11;90;86.17;86.17;
2026;06;11;91;71.36;71.36;
2026;06;11;92;68.32;68.32;
2026;06;11;93;70.36;70.36;
2026;06;11;94;53.47;53.47;
2026;06;11;95;38.87;38.87;
2026;06;11;96;16.22;16.22;
*
