MARGINALPIBC;
2026;02;12;1;1.00;1.00;
2026;02;12;2;0.06;.06;
2026;02;12;3;0.02;.02;
2026;02;12;4;0.00;.00;
2026;02;12;5;0.00;.00;
2026;02;12;6;0.00;.00;
2026;02;12;7;0.00;.00;
2026;02;12;8;0.00;.00;
2026;02;12;9;-5.00;-5.00;
2026;02;12;10;-5.01;-5.01;
2026;02;12;11;-0.50;-.50;
2026;02;12;12;-0.81;-.81;
2026;02;12;13;0.00;.00;
2026;02;12;14;0.00;.00;
2026;02;12;15;0.00;.00;
2026;02;12;16;0.00;.00;
2026;02;12;17;-10.00;-10.00;
2026;02;12;18;-14.01;-14.01;
2026;02;12;19;-12.25;-12.25;
2026;02;12;20;-10.92;-10.92;
2026;02;12;21;-10.42;-10.42;
2026;02;12;22;-10.92;-10.92;
2026;02;12;23;-10.92;-10.92;
2026;02;12;24;-10.00;-10.00;
2026;02;12;25;-1.00;-1.00;
2026;02;12;26;0.00;.00;
2026;02;12;27;0.01;.01;
2026;02;12;28;0.01;.01;
2026;02;12;29;0.34;1.84;
2026;02;12;30;-1.00;3.78;
2026;02;12;31;-1.01;3.78;
2026;02;12;32;-1.01;3.78;
2026;02;12;33;-1.00;3.78;
2026;02;12;34;3.78;3.78;
2026;02;12;35;3.78;3.78;
2026;02;12;36;3.78;3.78;
2026;02;12;37;1.98;1.98;
2026;02;12;38;1.55;1.55;
2026;02;12;39;0.06;.06;
2026;02;12;40;0.00;.00;
2026;02;12;41;0.00;.00;
2026;02;12;42;0.00;.00;
2026;02;12;43;0.00;.00;
2026;02;12;44;-0.01;-.01;
2026;02;12;45;0.00;.00;
2026;02;12;46;-0.42;-.42;
2026;02;12;47;-0.77;-.77;
2026;02;12;48;-0.81;-.81;
2026;02;12;49;-0.81;-.81;
2026;02;12;50;-0.81;-.81;
2026;02;12;51;-0.81;-.81;
2026;02;12;52;-0.81;-.81;
2026;02;12;53;-2.01;-2.01;
2026;02;12;54;-2.01;-3.00;
2026;02;12;55;-2.01;-4.01;
2026;02;12;56;-2.01;-2.01;
2026;02;12;57;-0.81;-.81;
2026;02;12;58;-0.81;-.81;
2026;02;12;59;-0.81;-.81;
2026;02;12;60;-0.81;-.81;
2026;02;12;61;0.00;-.81;
2026;02;12;62;-0.05;-.89;
2026;02;12;63;-0.05;-.81;
2026;02;12;64;-0.15;-3.98;
2026;02;12;65;-0.81;-.81;
2026;02;12;66;-0.42;-.42;
2026;02;12;67;-0.05;-.05;
2026;02;12;68;0.00;.00;
2026;02;12;69;0.00;.00;
2026;02;12;70;0.06;.06;
2026;02;12;71;0.91;.91;
2026;02;12;72;1.98;1.98;
2026;02;12;73;3.28;3.28;
2026;02;12;74;5.29;5.29;
2026;02;12;75;10.18;10.18;
2026;02;12;76;-1.01;17.00;
2026;02;12;77;-10.00;32.21;
2026;02;12;78;-14.01;26.60;
2026;02;12;79;-14.01;22.26;
2026;02;12;80;-14.01;35.01;
2026;02;12;81;0.00;28.00;
2026;02;12;82;7.00;27.51;
2026;02;12;83;7.00;24.51;
2026;02;12;84;7.00;20.50;
2026;02;12;85;5.00;17.44;
2026;02;12;86;-1.01;24.12;
2026;02;12;87;-1.01;26.96;
2026;02;12;88;-1.01;17.52;
2026;02;12;89;-1.01;33.70;
2026;02;12;90;-1.01;26.70;
2026;02;12;91;-1.01;27.00;
2026;02;12;92;12.18;13.40;
2026;02;12;93;5.54;5.54;
2026;02;12;94;5.00;5.00;
2026;02;12;95;7.54;7.54;
2026;02;12;96;3.92;3.92;
*
