MARGINALPIBC;
2026;05;09;1;53.47;106.73;
2026;05;09;2;53.47;106.80;
2026;05;09;3;45.17;102.08;
2026;05;09;4;37.43;69.28;
2026;05;09;5;38.43;105.00;
2026;05;09;6;38.43;101.02;
2026;05;09;7;48.47;100.42;
2026;05;09;8;47.19;77.52;
2026;05;09;9;37.43;93.42;
2026;05;09;10;32.19;69.68;
2026;05;09;11;32.19;69.20;
2026;05;09;12;32.19;69.20;
2026;05;09;13;33.17;40.97;
2026;05;09;14;38.26;15.98;
2026;05;09;15;38.26;35.44;
2026;05;09;16;38.26;28.01;
2026;05;09;17;38.26;27.96;
2026;05;09;18;39.18;29.02;
2026;05;09;19;39.18;29.01;
2026;05;09;20;39.18;27.69;
2026;05;09;21;39.19;34.03;
2026;05;09;22;39.18;24.83;
2026;05;09;23;39.19;26.45;
2026;05;09;24;39.18;35.01;
2026;05;09;25;62.14;69.20;
2026;05;09;26;62.14;69.68;
2026;05;09;27;62.14;69.44;
2026;05;09;28;67.89;69.44;
2026;05;09;29;78.47;70.16;
2026;05;09;30;73.47;69.68;
2026;05;09;31;73.47;69.44;
2026;05;09;32;73.47;55.30;
2026;05;09;33;81.24;51.42;
2026;05;09;34;73.47;56.00;
2026;05;09;35;73.47;46.23;
2026;05;09;36;73.47;31.01;
2026;05;09;37;78.47;31.01;
2026;05;09;38;78.47;26.01;
2026;05;09;39;73.47;37.59;
2026;05;09;40;72.14;19.00;
2026;05;09;41;38.43;36.44;
2026;05;09;42;33.10;30.00;
2026;05;09;43;33.17;15.50;
2026;05;09;44;33.17;6.57;
2026;05;09;45;20.33;3.40;
2026;05;09;46;18.47;2.23;
2026;05;09;47;15.23;-.07;
2026;05;09;48;15.23;.84;
2026;05;09;49;11.17;3.08;
2026;05;09;50;11.17;1.00;
2026;05;09;51;11.17;.84;
2026;05;09;52;11.17;.84;
2026;05;09;53;11.17;.84;
2026;05;09;54;11.17;.84;
2026;05;09;55;11.17;.84;
2026;05;09;56;11.17;.84;
2026;05;09;57;11.17;.84;
2026;05;09;58;11.17;.84;
2026;05;09;59;11.17;.00;
2026;05;09;60;4.00;.00;
2026;05;09;61;3.00;-.07;
2026;05;09;62;4.00;-.81;
2026;05;09;63;11.17;-.08;
2026;05;09;64;11.17;.84;
2026;05;09;65;11.17;.05;
2026;05;09;66;11.17;.01;
2026;05;09;67;5.23;.84;
2026;05;09;68;10.02;.02;
2026;05;09;69;11.17;.84;
2026;05;09;70;5.23;.84;
2026;05;09;71;5.23;3.08;
2026;05;09;72;11.17;5.41;
2026;05;09;73;2.13;3.08;
2026;05;09;74;8.17;4.70;
2026;05;09;75;14.73;2.37;
2026;05;09;76;36.26;15.10;
2026;05;09;77;33.17;17.61;
2026;05;09;78;38.43;20.70;
2026;05;09;79;38.26;65.70;
2026;05;09;80;53.47;71.46;
2026;05;09;81;45.00;69.20;
2026;05;09;82;61.20;70.40;
2026;05;09;83;61.26;82.05;
2026;05;09;84;68.90;101.42;
2026;05;09;85;68.90;114.24;
2026;05;09;86;68.90;110.97;
2026;05;09;87;68.90;109.73;
2026;05;09;88;68.90;107.40;
2026;05;09;89;68.90;103.98;
2026;05;09;90;68.00;101.80;
2026;05;09;91;68.00;100.10;
2026;05;09;92;63.00;90.00;
2026;05;09;93;63.50;101.54;
2026;05;09;94;62.54;98.80;
2026;05;09;95;62.30;86.67;
2026;05;09;96;55.00;73.75;
*
