MARGINALPIBC;
2026;06;19;1;138.76;138.76;
2026;06;19;2;129.52;129.52;
2026;06;19;3;117.27;117.27;
2026;06;19;4;112.20;112.20;
2026;06;19;5;127.40;127.40;
2026;06;19;6;129.04;129.04;
2026;06;19;7;127.97;127.97;
2026;06;19;8;122.17;122.17;
2026;06;19;9;122.00;122.00;
2026;06;19;10;125.76;125.76;
2026;06;19;11;125.52;125.52;
2026;06;19;12;124.78;124.78;
2026;06;19;13;124.78;124.78;
2026;06;19;14;123.04;123.04;
2026;06;19;15;122.00;122.00;
2026;06;19;16;122.00;122.00;
2026;06;19;17;119.80;119.80;
2026;06;19;18;120.80;120.80;
2026;06;19;19;121.04;121.04;
2026;06;19;20;120.62;120.62;
2026;06;19;21;120.04;120.04;
2026;06;19;22;116.15;116.15;
2026;06;19;23;113.50;113.50;
2026;06;19;24;105.67;105.67;
2026;06;19;25;117.40;117.40;
2026;06;19;26;125.17;125.17;
2026;06;19;27;126.52;126.52;
2026;06;19;28;129.26;129.26;
2026;06;19;29;131.03;131.03;
2026;06;19;30;130.33;130.33;
2026;06;19;31;123.63;123.63;
2026;06;19;32;117.14;117.14;
2026;06;19;33;125.36;125.36;
2026;06;19;34;114.18;114.18;
2026;06;19;35;101.48;101.48;
2026;06;19;36;81.02;81.02;
2026;06;19;37;98.38;98.38;
2026;06;19;38;83.69;78.91;
2026;06;19;39;79.99;49.67;
2026;06;19;40;83.99;21.78;
2026;06;19;41;80.99;45.25;
2026;06;19;42;79.99;29.60;
2026;06;19;43;79.99;18.53;
2026;06;19;44;84.11;9.50;
2026;06;19;45;79.99;29.88;
2026;06;19;46;79.99;20.00;
2026;06;19;47;75.01;.00;
2026;06;19;48;60.82;-.79;
2026;06;19;49;56.00;9.25;
2026;06;19;50;54.01;8.77;
2026;06;19;51;54.01;5.59;
2026;06;19;52;53.00;5.77;
2026;06;19;53;51.85;1.56;
2026;06;19;54;46.48;2.38;
2026;06;19;55;34.01;1.95;
2026;06;19;56;33.01;1.50;
2026;06;19;57;30.01;3.43;
2026;06;19;58;30.01;2.49;
2026;06;19;59;30.01;2.50;
2026;06;19;60;30.01;2.43;
2026;06;19;61;6.76;1.63;
2026;06;19;62;6.76;1.50;
2026;06;19;63;8.40;1.85;
2026;06;19;64;8.40;1.40;
2026;06;19;65;12.50;8.40;
2026;06;19;66;21.42;13.92;
2026;06;19;67;30.01;26.60;
2026;06;19;68;43.99;39.89;
2026;06;19;69;43.99;40.99;
2026;06;19;70;64.00;59.90;
2026;06;19;71;73.01;73.01;
2026;06;19;72;79.01;79.01;
2026;06;19;73;75.66;75.66;
2026;06;19;74;79.01;70.20;
2026;06;19;75;79.01;78.53;
2026;06;19;76;83.52;83.52;
2026;06;19;77;94.37;94.37;
2026;06;19;78;106.40;106.40;
2026;06;19;79;119.00;119.00;
2026;06;19;80;120.50;120.50;
2026;06;19;81;111.77;111.77;
2026;06;19;82;128.08;128.08;
2026;06;19;83;131.64;131.64;
2026;06;19;84;144.50;144.50;
2026;06;19;85;138.93;138.93;
2026;06;19;86;143.77;143.77;
2026;06;19;87;141.67;141.67;
2026;06;19;88;137.00;137.00;
2026;06;19;89;142.01;142.01;
2026;06;19;90;140.67;140.67;
2026;06;19;91;141.87;141.87;
2026;06;19;92;134.13;134.13;
2026;06;19;93;137.56;137.56;
2026;06;19;94;127.92;127.92;
2026;06;19;95;130.06;130.06;
2026;06;19;96;124.70;124.70;
*
