MARGINALPIBC;
2026;03;03;1;-6.00;57.51;
2026;03;03;2;-6.00;55.00;
2026;03;03;3;-6.00;45.20;
2026;03;03;4;-10.00;23.65;
2026;03;03;5;25.34;23.65;
2026;03;03;6;-6.00;23.65;
2026;03;03;7;-5.00;23.65;
2026;03;03;8;20.08;27.58;
2026;03;03;9;7.10;27.15;
2026;03;03;10;16.50;27.15;
2026;03;03;11;15.50;27.15;
2026;03;03;12;15.50;27.15;
2026;03;03;13;15.50;27.34;
2026;03;03;14;15.50;27.34;
2026;03;03;15;15.50;27.34;
2026;03;03;16;15.50;27.34;
2026;03;03;17;15.50;27.30;
2026;03;03;18;15.50;27.30;
2026;03;03;19;15.50;27.30;
2026;03;03;20;15.50;27.34;
2026;03;03;21;15.50;27.15;
2026;03;03;22;15.50;27.15;
2026;03;03;23;7.10;27.10;
2026;03;03;24;8.06;23.50;
2026;03;03;25;7.10;12.15;
2026;03;03;26;7.82;21.38;
2026;03;03;27;23.57;23.35;
2026;03;03;28;27.30;19.80;
2026;03;03;29;27.50;22.75;
2026;03;03;30;27.51;83.35;
2026;03;03;31;27.52;91.01;
2026;03;03;32;29.64;95.33;
2026;03;03;33;29.12;95.00;
2026;03;03;34;27.52;90.41;
2026;03;03;35;27.51;83.17;
2026;03;03;36;23.04;39.04;
2026;03;03;37;26.70;36.33;
2026;03;03;38;16.50;41.06;
2026;03;03;39;-5.00;27.10;
2026;03;03;40;-0.05;23.81;
2026;03;03;41;-10.00;27.20;
2026;03;03;42;-1.80;27.30;
2026;03;03;43;0.00;27.00;
2026;03;03;44;0.00;13.28;
2026;03;03;45;0.00;27.00;
2026;03;03;46;0.00;14.00;
2026;03;03;47;0.00;3.78;
2026;03;03;48;0.00;3.78;
2026;03;03;49;0.00;3.78;
2026;03;03;50;0.00;3.78;
2026;03;03;51;0.00;3.78;
2026;03;03;52;0.00;3.78;
2026;03;03;53;0.00;3.78;
2026;03;03;54;0.00;3.78;
2026;03;03;55;0.00;3.78;
2026;03;03;56;0.00;3.78;
2026;03;03;57;0.00;3.78;
2026;03;03;58;0.00;3.78;
2026;03;03;59;0.00;3.78;
2026;03;03;60;0.00;3.78;
2026;03;03;61;0.00;3.78;
2026;03;03;62;0.00;3.78;
2026;03;03;63;0.00;3.78;
2026;03;03;64;0.00;3.78;
2026;03;03;65;-3.02;3.78;
2026;03;03;66;-2.02;3.78;
2026;03;03;67;0.00;3.78;
2026;03;03;68;0.00;23.20;
2026;03;03;69;0.00;23.00;
2026;03;03;70;-0.43;26.00;
2026;03;03;71;-10.00;27.10;
2026;03;03;72;-10.00;27.30;
2026;03;03;73;-4.30;50.24;
2026;03;03;74;-5.00;80.94;
2026;03;03;75;23.63;91.02;
2026;03;03;76;44.19;107.69;
2026;03;03;77;58.32;118.37;
2026;03;03;78;68.49;125.99;
2026;03;03;79;92.34;122.06;
2026;03;03;80;99.10;122.15;
2026;03;03;81;95.21;118.28;
2026;03;03;82;92.78;118.37;
2026;03;03;83;79.74;109.46;
2026;03;03;84;72.57;98.25;
2026;03;03;85;64.57;98.59;
2026;03;03;86;62.73;96.99;
2026;03;03;87;60.00;77.11;
2026;03;03;88;45.01;56.97;
2026;03;03;89;56.88;86.00;
2026;03;03;90;43.54;67.58;
2026;03;03;91;48.69;86.39;
2026;03;03;92;34.14;62.19;
2026;03;03;93;32.43;66.06;
2026;03;03;94;27.52;49.00;
2026;03;03;95;27.51;60.01;
2026;03;03;96;27.50;38.01;
*
