MARGINALPIBC;
2026;01;09;1;40.39;40.39;
2026;01;09;2;47.60;47.60;
2026;01;09;3;52.43;52.43;
2026;01;09;4;45.51;45.51;
2026;01;09;5;41.00;41.00;
2026;01;09;6;40.02;40.02;
2026;01;09;7;37.83;37.83;
2026;01;09;8;36.72;36.72;
2026;01;09;9;41.58;41.58;
2026;01;09;10;40.02;40.02;
2026;01;09;11;35.55;35.55;
2026;01;09;12;35.01;35.01;
2026;01;09;13;34.30;34.30;
2026;01;09;14;33.79;33.79;
2026;01;09;15;25.20;25.20;
2026;01;09;16;24.98;24.98;
2026;01;09;17;25.20;25.20;
2026;01;09;18;23.84;23.84;
2026;01;09;19;23.00;23.00;
2026;01;09;20;25.66;25.66;
2026;01;09;21;36.72;36.72;
2026;01;09;22;35.55;35.55;
2026;01;09;23;36.72;36.72;
2026;01;09;24;40.02;40.02;
2026;01;09;25;40.02;40.02;
2026;01;09;26;43.60;43.60;
2026;01;09;27;42.00;42.00;
2026;01;09;28;45.50;45.50;
2026;01;09;29;64.85;64.85;
2026;01;09;30;87.70;87.70;
2026;01;09;31;91.50;91.50;
2026;01;09;32;91.61;91.61;
2026;01;09;33;87.30;87.30;
2026;01;09;34;89.97;89.97;
2026;01;09;35;91.70;91.70;
2026;01;09;36;91.61;91.61;
2026;01;09;37;91.61;91.61;
2026;01;09;38;91.50;91.50;
2026;01;09;39;85.10;85.10;
2026;01;09;40;80.65;80.65;
2026;01;09;41;82.72;82.72;
2026;01;09;42;83.66;83.66;
2026;01;09;43;63.02;63.02;
2026;01;09;44;59.06;45.85;
2026;01;09;45;58.96;58.96;
2026;01;09;46;45.12;45.12;
2026;01;09;47;45.12;45.12;
2026;01;09;48;45.71;45.71;
2026;01;09;49;45.00;45.00;
2026;01;09;50;32.51;32.51;
2026;01;09;51;27.62;27.62;
2026;01;09;52;26.29;26.29;
2026;01;09;53;40.44;40.44;
2026;01;09;54;37.62;37.62;
2026;01;09;55;26.36;26.36;
2026;01;09;56;23.64;23.64;
2026;01;09;57;21.01;21.01;
2026;01;09;58;20.01;20.01;
2026;01;09;59;20.44;20.44;
2026;01;09;60;21.51;21.51;
2026;01;09;61;21.46;21.46;
2026;01;09;62;30.51;30.51;
2026;01;09;63;42.49;42.49;
2026;01;09;64;53.17;53.17;
2026;01;09;65;48.00;48.00;
2026;01;09;66;47.25;47.25;
2026;01;09;67;60.00;60.00;
2026;01;09;68;64.33;64.33;
2026;01;09;69;59.37;59.37;
2026;01;09;70;75.90;75.90;
2026;01;09;71;89.06;89.06;
2026;01;09;72;93.93;93.93;
2026;01;09;73;75.30;75.30;
2026;01;09;74;87.00;87.00;
2026;01;09;75;89.22;89.22;
2026;01;09;76;88.34;88.34;
2026;01;09;77;76.66;94.74;
2026;01;09;78;87.53;90.93;
2026;01;09;79;86.55;86.55;
2026;01;09;80;86.70;86.70;
2026;01;09;81;91.81;91.81;
2026;01;09;82;87.76;87.76;
2026;01;09;83;87.30;87.30;
2026;01;09;84;86.53;86.53;
2026;01;09;85;91.71;91.71;
2026;01;09;86;88.30;88.30;
2026;01;09;87;83.63;83.63;
2026;01;09;88;74.60;74.60;
2026;01;09;89;87.70;87.70;
2026;01;09;90;82.74;82.74;
2026;01;09;91;79.60;79.60;
2026;01;09;92;81.24;81.24;
2026;01;09;93;86.11;86.11;
2026;01;09;94;78.18;78.18;
2026;01;09;95;79.69;79.69;
2026;01;09;96;77.56;77.56;
*
