MARGINALPIBC;
2026;06;04;1;97.67;97.67;
2026;06;04;2;111.35;111.35;
2026;06;04;3;112.25;112.25;
2026;06;04;4;114.19;114.19;
2026;06;04;5;114.67;114.67;
2026;06;04;6;116.79;116.79;
2026;06;04;7;115.37;115.37;
2026;06;04;8;114.54;114.54;
2026;06;04;9;116.79;116.79;
2026;06;04;10;114.25;114.25;
2026;06;04;11;111.94;111.94;
2026;06;04;12;110.41;110.41;
2026;06;04;13;108.55;108.55;
2026;06;04;14;106.96;106.96;
2026;06;04;15;107.16;107.16;
2026;06;04;16;103.60;103.60;
2026;06;04;17;92.23;92.23;
2026;06;04;18;96.28;96.28;
2026;06;04;19;100.00;100.00;
2026;06;04;20;98.00;98.00;
2026;06;04;21;91.90;91.90;
2026;06;04;22;99.90;99.90;
2026;06;04;23;107.45;107.45;
2026;06;04;24;106.66;106.66;
2026;06;04;25;105.95;105.95;
2026;06;04;26;115.89;115.89;
2026;06;04;27;117.41;117.41;
2026;06;04;28;120.30;120.30;
2026;06;04;29;134.02;134.02;
2026;06;04;30;131.24;131.24;
2026;06;04;31;118.73;118.73;
2026;06;04;32;93.87;93.87;
2026;06;04;33;107.37;107.37;
2026;06;04;34;86.58;86.58;
2026;06;04;35;54.37;54.37;
2026;06;04;36;17.95;17.95;
2026;06;04;37;50.24;50.24;
2026;06;04;38;16.85;16.85;
2026;06;04;39;5.41;5.41;
2026;06;04;40;0.84;.84;
2026;06;04;41;-0.07;-.07;
2026;06;04;42;-2.10;-2.10;
2026;06;04;43;-6.00;-6.00;
2026;06;04;44;-9.97;-9.97;
2026;06;04;45;-0.50;-.50;
2026;06;04;46;-6.00;-6.00;
2026;06;04;47;-4.72;-4.72;
2026;06;04;48;2.32;2.32;
2026;06;04;49;0.00;.00;
2026;06;04;50;-0.01;-.01;
2026;06;04;51;0.00;.00;
2026;06;04;52;4.99;4.99;
2026;06;04;53;5.00;5.00;
2026;06;04;54;3.07;3.07;
2026;06;04;55;1.99;1.99;
2026;06;04;56;0.84;.84;
2026;06;04;57;2.74;2.74;
2026;06;04;58;1.75;1.75;
2026;06;04;59;0.84;.84;
2026;06;04;60;0.84;.84;
2026;06;04;61;0.84;.84;
2026;06;04;62;0.84;.84;
2026;06;04;63;0.84;.84;
2026;06;04;64;0.84;.84;
2026;06;04;65;0.00;.00;
2026;06;04;66;0.00;.00;
2026;06;04;67;0.00;.00;
2026;06;04;68;0.84;.84;
2026;06;04;69;5.00;5.00;
2026;06;04;70;5.50;5.50;
2026;06;04;71;5.54;5.54;
2026;06;04;72;5.99;5.99;
2026;06;04;73;2.00;2.00;
2026;06;04;74;0.00;.00;
2026;06;04;75;1.00;1.00;
2026;06;04;76;1.75;1.75;
2026;06;04;77;1.55;1.55;
2026;06;04;78;6.45;6.45;
2026;06;04;79;16.80;16.80;
2026;06;04;80;21.00;21.00;
2026;06;04;81;21.32;21.32;
2026;06;04;82;59.90;59.90;
2026;06;04;83;77.49;77.49;
2026;06;04;84;109.23;109.23;
2026;06;04;85;104.86;104.86;
2026;06;04;86;108.04;108.04;
2026;06;04;87;111.00;111.00;
2026;06;04;88;110.61;110.61;
2026;06;04;89;109.05;109.05;
2026;06;04;90;108.20;108.20;
2026;06;04;91;107.50;107.50;
2026;06;04;92;105.30;105.30;
2026;06;04;93;104.28;104.28;
2026;06;04;94;101.91;101.91;
2026;06;04;95;98.70;98.70;
2026;06;04;96;95.50;95.50;
*
