MARGINALPIBC;
2026;05;21;1;124.10;124.10;
2026;05;21;2;123.85;123.85;
2026;05;21;3;116.46;116.46;
2026;05;21;4;108.59;108.59;
2026;05;21;5;117.06;117.06;
2026;05;21;6;113.10;113.10;
2026;05;21;7;114.13;114.13;
2026;05;21;8;104.17;104.17;
2026;05;21;9;114.79;114.79;
2026;05;21;10;116.11;116.11;
2026;05;21;11;113.66;113.66;
2026;05;21;12;105.64;105.64;
2026;05;21;13;111.97;111.97;
2026;05;21;14;108.00;108.00;
2026;05;21;15;96.30;96.30;
2026;05;21;16;105.00;105.00;
2026;05;21;17;95.76;95.76;
2026;05;21;18;95.36;95.36;
2026;05;21;19;96.94;96.94;
2026;05;21;20;97.70;97.70;
2026;05;21;21;108.77;108.77;
2026;05;21;22;106.44;106.44;
2026;05;21;23;113.21;113.21;
2026;05;21;24;109.50;109.50;
2026;05;21;25;104.17;104.17;
2026;05;21;26;111.20;111.20;
2026;05;21;27;110.30;110.30;
2026;05;21;28;112.04;112.04;
2026;05;21;29;119.42;119.42;
2026;05;21;30;119.25;119.25;
2026;05;21;31;118.13;118.13;
2026;05;21;32;110.34;110.34;
2026;05;21;33;112.99;112.99;
2026;05;21;34;110.62;110.62;
2026;05;21;35;113.81;113.81;
2026;05;21;36;83.32;83.32;
2026;05;21;37;73.59;73.59;
2026;05;21;38;39.96;39.96;
2026;05;21;39;15.50;15.50;
2026;05;21;40;10.00;2.00;
2026;05;21;41;10.01;.00;
2026;05;21;42;10.00;-5.00;
2026;05;21;43;10.00;-10.82;
2026;05;21;44;6.67;.00;
2026;05;21;45;10.01;.01;
2026;05;21;46;10.00;.00;
2026;05;21;47;10.00;.00;
2026;05;21;48;6.67;.00;
2026;05;21;49;10.00;-5.14;
2026;05;21;50;6.66;-4.62;
2026;05;21;51;6.66;-2.34;
2026;05;21;52;6.66;-10.30;
2026;05;21;53;3.00;.00;
2026;05;21;54;2.33;.00;
2026;05;21;55;2.33;.00;
2026;05;21;56;2.32;.00;
2026;05;21;57;2.00;.84;
2026;05;21;58;2.33;1.00;
2026;05;21;59;2.32;.84;
2026;05;21;60;2.33;.01;
2026;05;21;61;2.00;.84;
2026;05;21;62;2.33;.84;
2026;05;21;63;2.33;.84;
2026;05;21;64;2.33;1.00;
2026;05;21;65;2.00;.84;
2026;05;21;66;2.00;1.00;
2026;05;21;67;2.00;.84;
2026;05;21;68;2.34;1.37;
2026;05;21;69;3.01;1.51;
2026;05;21;70;6.67;-2.50;
2026;05;21;71;10.00;1.00;
2026;05;21;72;11.44;11.44;
2026;05;21;73;20.62;20.62;
2026;05;21;74;41.31;41.31;
2026;05;21;75;55.00;55.00;
2026;05;21;76;89.03;89.03;
2026;05;21;77;76.87;76.87;
2026;05;21;78;68.35;68.35;
2026;05;21;79;88.52;88.52;
2026;05;21;80;107.20;107.20;
2026;05;21;81;86.50;86.50;
2026;05;21;82;99.60;99.60;
2026;05;21;83;122.41;122.41;
2026;05;21;84;119.82;119.82;
2026;05;21;85;120.90;120.90;
2026;05;21;86;123.72;123.72;
2026;05;21;87;125.01;125.01;
2026;05;21;88;122.86;122.86;
2026;05;21;89;121.49;121.49;
2026;05;21;90;119.11;119.11;
2026;05;21;91;119.44;119.44;
2026;05;21;92;118.28;118.28;
2026;05;21;93;115.00;115.00;
2026;05;21;94;105.32;105.32;
2026;05;21;95;104.30;104.30;
2026;05;21;96;93.08;93.08;
*
