MARGINALPIBC;
2026;04;02;1;29.50;29.50;
2026;04;02;2;29.50;29.50;
2026;04;02;3;14.00;14.00;
2026;04;02;4;8.60;8.60;
2026;04;02;5;11.40;11.40;
2026;04;02;6;8.60;8.60;
2026;04;02;7;8.60;8.60;
2026;04;02;8;8.00;8.00;
2026;04;02;9;8.60;8.60;
2026;04;02;10;5.41;5.41;
2026;04;02;11;0.01;.01;
2026;04;02;12;0.01;.01;
2026;04;02;13;3.50;3.50;
2026;04;02;14;3.00;3.00;
2026;04;02;15;2.50;2.50;
2026;04;02;16;0.01;.01;
2026;04;02;17;3.50;3.50;
2026;04;02;18;3.00;3.00;
2026;04;02;19;3.00;3.00;
2026;04;02;20;3.00;3.00;
2026;04;02;21;3.50;3.50;
2026;04;02;22;3.50;3.50;
2026;04;02;23;3.70;3.70;
2026;04;02;24;5.00;5.00;
2026;04;02;25;0.01;.01;
2026;04;02;26;1.24;1.24;
2026;04;02;27;6.10;6.10;
2026;04;02;28;6.96;6.96;
2026;04;02;29;8.60;8.60;
2026;04;02;30;10.96;10.96;
2026;04;02;31;14.00;14.00;
2026;04;02;32;24.50;24.50;
2026;04;02;33;6.30;6.30;
2026;04;02;34;6.30;6.30;
2026;04;02;35;5.41;5.41;
2026;04;02;36;5.41;5.41;
2026;04;02;37;9.02;9.02;
2026;04;02;38;5.41;5.41;
2026;04;02;39;3.08;3.08;
2026;04;02;40;0.00;.00;
2026;04;02;41;1.87;.00;
2026;04;02;42;1.87;-.02;
2026;04;02;43;2.00;-.81;
2026;04;02;44;1.66;-.81;
2026;04;02;45;1.66;-.81;
2026;04;02;46;1.66;-.81;
2026;04;02;47;0.49;-.82;
2026;04;02;48;0.49;-1.10;
2026;04;02;49;0.00;-2.10;
2026;04;02;50;0.00;-2.10;
2026;04;02;51;0.00;-2.10;
2026;04;02;52;0.00;-2.10;
2026;04;02;53;0.00;-2.10;
2026;04;02;54;0.00;-2.10;
2026;04;02;55;0.00;-2.50;
2026;04;02;56;0.00;-3.00;
2026;04;02;57;0.00;-3.10;
2026;04;02;58;-1.00;-3.60;
2026;04;02;59;0.00;-4.00;
2026;04;02;60;-1.00;-4.00;
2026;04;02;61;1.41;-4.75;
2026;04;02;62;1.41;-4.75;
2026;04;02;63;1.41;-4.75;
2026;04;02;64;1.41;-4.75;
2026;04;02;65;1.41;-5.00;
2026;04;02;66;1.75;-5.00;
2026;04;02;67;1.75;-4.75;
2026;04;02;68;2.00;-4.75;
2026;04;02;69;1.41;-4.75;
2026;04;02;70;1.75;-4.00;
2026;04;02;71;2.00;-3.00;
2026;04;02;72;1.66;-2.10;
2026;04;02;73;-0.82;-.82;
2026;04;02;74;-0.81;-.81;
2026;04;02;75;-0.07;-.07;
2026;04;02;76;0.00;.00;
2026;04;02;77;0.00;.00;
2026;04;02;78;2.50;2.50;
2026;04;02;79;3.85;3.85;
2026;04;02;80;9.28;9.28;
2026;04;02;81;8.84;8.84;
2026;04;02;82;14.00;14.00;
2026;04;02;83;22.66;22.66;
2026;04;02;84;45.00;45.00;
2026;04;02;85;50.24;50.24;
2026;04;02;86;61.70;61.70;
2026;04;02;87;61.70;61.70;
2026;04;02;88;55.02;55.02;
2026;04;02;89;44.43;44.43;
2026;04;02;90;37.43;37.43;
2026;04;02;91;24.66;24.66;
2026;04;02;92;14.00;14.00;
2026;04;02;93;19.50;19.50;
2026;04;02;94;14.00;14.00;
2026;04;02;95;14.00;14.00;
2026;04;02;96;14.00;14.00;
*
