MARGINALPIBC;
2026;01;31;1;-5.23;-1.00;
2026;01;31;2;-8.97;-2.04;
2026;01;31;3;-9.88;-2.06;
2026;01;31;4;-11.23;-3.75;
2026;01;31;5;-12.55;-2.00;
2026;01;31;6;-12.55;-5.00;
2026;01;31;7;-13.44;-5.00;
2026;01;31;8;-13.44;-5.00;
2026;01;31;9;-13.44;-1.10;
2026;01;31;10;-13.44;-1.10;
2026;01;31;11;-13.44;-.12;
2026;01;31;12;-13.44;-.12;
2026;01;31;13;-13.44;-.01;
2026;01;31;14;-13.44;-.12;
2026;01;31;15;-13.44;-.12;
2026;01;31;16;-13.44;-1.00;
2026;01;31;17;-13.44;-.81;
2026;01;31;18;-13.44;-1.00;
2026;01;31;19;-13.44;-1.00;
2026;01;31;20;-13.44;-1.01;
2026;01;31;21;-12.55;-12.55;
2026;01;31;22;-11.23;-11.23;
2026;01;31;23;-11.23;-11.23;
2026;01;31;24;-11.23;-11.23;
2026;01;31;25;-11.23;-11.23;
2026;01;31;26;-11.23;-10.62;
2026;01;31;27;-12.55;-5.30;
2026;01;31;28;-13.44;-1.10;
2026;01;31;29;-23.08;-.50;
2026;01;31;30;-13.44;-1.00;
2026;01;31;31;-13.44;-1.00;
2026;01;31;32;-13.44;-2.00;
2026;01;31;33;-13.44;-2.06;
2026;01;31;34;-12.55;-.50;
2026;01;31;35;-12.55;-.50;
2026;01;31;36;-11.23;-2.04;
2026;01;31;37;-8.57;-5.00;
2026;01;31;38;-5.23;-5.23;
2026;01;31;39;-8.99;-8.99;
2026;01;31;40;-10.30;-10.30;
2026;01;31;41;-4.99;-4.99;
2026;01;31;42;-6.00;-6.00;
2026;01;31;43;-10.00;-10.00;
2026;01;31;44;-10.30;-10.30;
2026;01;31;45;-10.30;-10.30;
2026;01;31;46;-10.30;-10.30;
2026;01;31;47;-10.42;-10.42;
2026;01;31;48;-10.38;-10.38;
2026;01;31;49;-11.23;-11.23;
2026;01;31;50;-11.23;-11.23;
2026;01;31;51;-11.23;-11.23;
2026;01;31;52;-11.23;-11.23;
2026;01;31;53;-11.11;-11.11;
2026;01;31;54;-10.12;-10.12;
2026;01;31;55;-10.12;-10.12;
2026;01;31;56;-10.62;-10.62;
2026;01;31;57;-10.62;-10.62;
2026;01;31;58;-10.42;-10.42;
2026;01;31;59;-10.42;-10.42;
2026;01;31;60;-10.42;-10.42;
2026;01;31;61;-11.03;-11.03;
2026;01;31;62;-11.11;-11.11;
2026;01;31;63;-10.62;-10.62;
2026;01;31;64;-10.48;-10.48;
2026;01;31;65;-11.23;-11.23;
2026;01;31;66;-10.62;-10.62;
2026;01;31;67;-11.23;-11.23;
2026;01;31;68;-10.12;-10.12;
2026;01;31;69;-10.02;-10.02;
2026;01;31;70;-5.23;-5.23;
2026;01;31;71;-2.18;-.50;
2026;01;31;72;-25.37;1.98;
2026;01;31;73;-25.37;-.50;
2026;01;31;74;-12.55;-1.20;
2026;01;31;75;-6.40;-5.00;
2026;01;31;76;-8.60;-8.60;
2026;01;31;77;-17.50;-2.02;
2026;01;31;78;-17.50;.00;
2026;01;31;79;-20.00;.00;
2026;01;31;80;-17.50;.91;
2026;01;31;81;-25.37;20.00;
2026;01;31;82;-25.37;22.00;
2026;01;31;83;-25.37;22.01;
2026;01;31;84;-25.37;22.01;
2026;01;31;85;-25.37;24.90;
2026;01;31;86;-17.50;24.13;
2026;01;31;87;-20.00;22.00;
2026;01;31;88;-20.00;7.00;
2026;01;31;89;-4.10;11.40;
2026;01;31;90;-4.70;.00;
2026;01;31;91;-11.80;.00;
2026;01;31;92;-9.09;.00;
2026;01;31;93;-16.00;13.28;
2026;01;31;94;-24.37;2.81;
2026;01;31;95;-25.37;.00;
2026;01;31;96;-10.60;-.50;
*
