MARGINALPIBC;
2026;06;18;1;146.17;146.17;
2026;06;18;2;137.46;137.46;
2026;06;18;3;132.77;132.77;
2026;06;18;4;121.10;121.10;
2026;06;18;5;130.81;130.81;
2026;06;18;6;123.04;123.04;
2026;06;18;7;121.20;121.20;
2026;06;18;8;113.68;113.68;
2026;06;18;9;128.34;128.34;
2026;06;18;10;126.15;126.15;
2026;06;18;11;124.20;124.20;
2026;06;18;12;124.10;124.10;
2026;06;18;13;121.48;121.48;
2026;06;18;14;121.22;121.22;
2026;06;18;15;121.58;121.58;
2026;06;18;16;121.58;121.58;
2026;06;18;17;120.19;120.19;
2026;06;18;18;121.40;121.40;
2026;06;18;19;122.60;122.60;
2026;06;18;20;123.20;123.20;
2026;06;18;21;119.20;119.20;
2026;06;18;22;120.01;120.01;
2026;06;18;23;120.01;120.01;
2026;06;18;24;124.13;124.13;
2026;06;18;25;125.93;125.93;
2026;06;18;26;127.23;127.23;
2026;06;18;27;133.02;133.02;
2026;06;18;28;133.02;133.02;
2026;06;18;29;133.02;133.02;
2026;06;18;30;133.26;133.26;
2026;06;18;31;130.74;130.74;
2026;06;18;32;118.20;118.20;
2026;06;18;33;131.10;131.10;
2026;06;18;34;123.55;123.55;
2026;06;18;35;101.45;101.45;
2026;06;18;36;76.40;76.40;
2026;06;18;37;93.00;93.00;
2026;06;18;38;87.90;87.90;
2026;06;18;39;107.41;62.39;
2026;06;18;40;103.81;40.20;
2026;06;18;41;84.30;38.49;
2026;06;18;42;81.01;26.00;
2026;06;18;43;81.01;23.02;
2026;06;18;44;102.21;.00;
2026;06;18;45;81.01;.00;
2026;06;18;46;73.46;-.07;
2026;06;18;47;77.05;-.07;
2026;06;18;48;62.51;-2.10;
2026;06;18;49;54.51;.00;
2026;06;18;50;54.51;.00;
2026;06;18;51;52.51;.00;
2026;06;18;52;51.51;-.01;
2026;06;18;53;47.89;6.79;
2026;06;18;54;29.02;2.72;
2026;06;18;55;26.12;-.07;
2026;06;18;56;13.02;-.07;
2026;06;18;57;22.01;.00;
2026;06;18;58;22.51;1.38;
2026;06;18;59;24.13;.00;
2026;06;18;60;22.01;.00;
2026;06;18;61;21.51;-.81;
2026;06;18;62;25.26;-1.63;
2026;06;18;63;28.52;-.07;
2026;06;18;64;36.51;-.07;
2026;06;18;65;41.28;-.20;
2026;06;18;66;42.37;.00;
2026;06;18;67;51.51;8.01;
2026;06;18;68;63.00;37.27;
2026;06;18;69;70.01;34.15;
2026;06;18;70;71.51;50.81;
2026;06;18;71;76.56;54.45;
2026;06;18;72;77.10;57.88;
2026;06;18;73;77.51;45.77;
2026;06;18;74;79.24;59.09;
2026;06;18;75;80.01;33.31;
2026;06;18;76;81.01;40.30;
2026;06;18;77;67.80;67.80;
2026;06;18;78;80.01;80.01;
2026;06;18;79;105.60;105.60;
2026;06;18;80;113.04;113.04;
2026;06;18;81;118.40;118.40;
2026;06;18;82;127.80;127.80;
2026;06;18;83;133.13;133.13;
2026;06;18;84;142.99;142.99;
2026;06;18;85;140.63;140.63;
2026;06;18;86;140.81;140.81;
2026;06;18;87;144.93;144.93;
2026;06;18;88;137.63;137.63;
2026;06;18;89;149.68;149.68;
2026;06;18;90;142.40;142.40;
2026;06;18;91;147.67;147.67;
2026;06;18;92;136.60;136.60;
2026;06;18;93;137.01;137.01;
2026;06;18;94;138.70;138.70;
2026;06;18;95;134.13;134.13;
2026;06;18;96;133.13;133.13;
*
