MARGINALPIBC;
2026;03;14;1;5.01;5.01;
2026;03;14;2;0.00;.00;
2026;03;14;3;-5.00;-5.00;
2026;03;14;4;-3.42;-3.42;
2026;03;14;5;-2.00;-2.00;
2026;03;14;6;-2.20;-2.20;
2026;03;14;7;-6.00;-6.00;
2026;03;14;8;-4.79;-4.79;
2026;03;14;9;-4.79;-4.79;
2026;03;14;10;-4.79;-4.79;
2026;03;14;11;-4.79;-4.79;
2026;03;14;12;-4.53;-4.53;
2026;03;14;13;-2.06;-2.06;
2026;03;14;14;-4.79;-4.79;
2026;03;14;15;-4.79;-4.79;
2026;03;14;16;-4.79;-4.79;
2026;03;14;17;-2.00;-2.00;
2026;03;14;18;-2.00;-2.00;
2026;03;14;19;-3.40;-3.40;
2026;03;14;20;-4.79;-4.79;
2026;03;14;21;-2.00;-2.00;
2026;03;14;22;-2.00;-2.00;
2026;03;14;23;-2.00;-2.00;
2026;03;14;24;-3.21;-3.21;
2026;03;14;25;0.00;.00;
2026;03;14;26;0.00;.00;
2026;03;14;27;0.00;.00;
2026;03;14;28;0.00;.00;
2026;03;14;29;0.10;.10;
2026;03;14;30;4.00;4.00;
2026;03;14;31;5.37;5.37;
2026;03;14;32;5.37;5.37;
2026;03;14;33;12.30;12.30;
2026;03;14;34;11.81;11.81;
2026;03;14;35;14.00;14.00;
2026;03;14;36;5.00;5.00;
2026;03;14;37;9.71;9.71;
2026;03;14;38;3.78;3.78;
2026;03;14;39;3.78;3.78;
2026;03;14;40;3.78;3.78;
2026;03;14;41;3.78;3.78;
2026;03;14;42;1.98;1.98;
2026;03;14;43;1.50;1.50;
2026;03;14;44;0.91;.91;
2026;03;14;45;0.91;.91;
2026;03;14;46;0.01;.01;
2026;03;14;47;0.00;.00;
2026;03;14;48;0.00;.00;
2026;03;14;49;0.00;.00;
2026;03;14;50;0.00;.00;
2026;03;14;51;0.00;.00;
2026;03;14;52;0.00;.00;
2026;03;14;53;0.00;.00;
2026;03;14;54;0.00;.00;
2026;03;14;55;0.00;.00;
2026;03;14;56;0.00;.00;
2026;03;14;57;0.00;.00;
2026;03;14;58;0.00;.00;
2026;03;14;59;0.00;.00;
2026;03;14;60;0.00;.00;
2026;03;14;61;0.00;.00;
2026;03;14;62;0.01;.01;
2026;03;14;63;0.01;.01;
2026;03;14;64;0.91;.91;
2026;03;14;65;0.91;.91;
2026;03;14;66;1.98;1.98;
2026;03;14;67;1.98;1.98;
2026;03;14;68;3.78;3.78;
2026;03;14;69;2.00;2.00;
2026;03;14;70;3.78;3.78;
2026;03;14;71;5.37;5.37;
2026;03;14;72;6.67;6.67;
2026;03;14;73;-0.49;-.49;
2026;03;14;74;0.00;.00;
2026;03;14;75;-0.49;-.49;
2026;03;14;76;-0.83;-.83;
2026;03;14;77;-0.99;-.99;
2026;03;14;78;7.25;7.25;
2026;03;14;79;15.79;15.79;
2026;03;14;80;30.02;30.02;
2026;03;14;81;36.30;36.30;
2026;03;14;82;37.18;37.18;
2026;03;14;83;37.42;37.42;
2026;03;14;84;37.66;37.66;
2026;03;14;85;40.92;40.92;
2026;03;14;86;46.42;46.42;
2026;03;14;87;45.44;45.44;
2026;03;14;88;45.00;45.00;
2026;03;14;89;47.20;47.20;
2026;03;14;90;44.00;44.00;
2026;03;14;91;35.52;35.52;
2026;03;14;92;30.02;30.02;
2026;03;14;93;30.01;30.01;
2026;03;14;94;20.21;20.21;
2026;03;14;95;7.25;7.25;
2026;03;14;96;-0.83;-.83;
*
