MARGINALPIBC;
2026;06;08;1;111.86;111.86;
2026;06;08;2;99.00;99.00;
2026;06;08;3;84.61;84.61;
2026;06;08;4;84.61;84.61;
2026;06;08;5;79.55;79.55;
2026;06;08;6;70.00;70.00;
2026;06;08;7;69.41;69.41;
2026;06;08;8;70.00;70.00;
2026;06;08;9;70.00;70.00;
2026;06;08;10;67.35;67.35;
2026;06;08;11;70.00;70.00;
2026;06;08;12;70.00;70.00;
2026;06;08;13;74.98;74.98;
2026;06;08;14;73.39;73.39;
2026;06;08;15;73.38;73.38;
2026;06;08;16;73.64;73.64;
2026;06;08;17;84.61;84.61;
2026;06;08;18;84.61;84.61;
2026;06;08;19;84.61;84.61;
2026;06;08;20;87.17;87.17;
2026;06;08;21;95.56;95.56;
2026;06;08;22;94.92;94.92;
2026;06;08;23;89.90;89.90;
2026;06;08;24;104.50;104.50;
2026;06;08;25;106.64;106.64;
2026;06;08;26;111.35;111.35;
2026;06;08;27;116.68;116.68;
2026;06;08;28;118.50;118.50;
2026;06;08;29;133.00;133.00;
2026;06;08;30;120.42;120.42;
2026;06;08;31;110.62;110.62;
2026;06;08;32;101.44;101.44;
2026;06;08;33;116.68;116.68;
2026;06;08;34;102.44;102.44;
2026;06;08;35;83.10;83.10;
2026;06;08;36;6.98;5.03;
2026;06;08;37;115.69;98.31;
2026;06;08;38;17.29;17.29;
2026;06;08;39;37.41;37.41;
2026;06;08;40;24.11;24.11;
2026;06;08;41;40.29;40.29;
2026;06;08;42;26.30;26.30;
2026;06;08;43;19.68;19.68;
2026;06;08;44;6.01;6.01;
2026;06;08;45;34.01;34.01;
2026;06;08;46;23.50;23.50;
2026;06;08;47;19.53;19.53;
2026;06;08;48;26.84;19.18;
2026;06;08;49;31.55;31.55;
2026;06;08;50;27.20;27.20;
2026;06;08;51;28.73;28.73;
2026;06;08;52;26.00;26.00;
2026;06;08;53;28.22;28.22;
2026;06;08;54;20.33;15.21;
2026;06;08;55;22.00;14.60;
2026;06;08;56;16.44;10.38;
2026;06;08;57;8.05;8.05;
2026;06;08;58;7.40;7.40;
2026;06;08;59;5.59;5.59;
2026;06;08;60;2.00;2.00;
2026;06;08;61;0.49;-2.95;
2026;06;08;62;-0.01;-1.99;
2026;06;08;63;-0.02;-2.00;
2026;06;08;64;-0.02;-2.00;
2026;06;08;65;-0.01;-4.78;
2026;06;08;66;-0.01;-5.00;
2026;06;08;67;0.00;-4.67;
2026;06;08;68;0.10;-4.20;
2026;06;08;69;0.86;-.07;
2026;06;08;70;0.99;-.07;
2026;06;08;71;0.99;-.07;
2026;06;08;72;1.74;-.25;
2026;06;08;73;1.14;1.14;
2026;06;08;74;5.59;5.59;
2026;06;08;75;14.04;14.04;
2026;06;08;76;24.11;24.11;
2026;06;08;77;16.83;16.83;
2026;06;08;78;30.42;30.42;
2026;06;08;79;45.30;45.30;
2026;06;08;80;64.83;64.83;
2026;06;08;81;33.28;33.28;
2026;06;08;82;55.70;55.70;
2026;06;08;83;90.28;90.28;
2026;06;08;84;109.00;109.00;
2026;06;08;85;113.98;113.98;
2026;06;08;86;125.85;125.85;
2026;06;08;87;132.55;132.55;
2026;06;08;88;127.00;127.00;
2026;06;08;89;121.12;121.12;
2026;06;08;90;116.68;116.68;
2026;06;08;91;113.80;113.80;
2026;06;08;92;109.57;109.57;
2026;06;08;93;105.78;105.78;
2026;06;08;94;103.48;103.48;
2026;06;08;95;102.43;102.43;
2026;06;08;96;93.08;93.08;
*
