MARGINALPIBC;
2026;06;21;1;117.82;117.82;
2026;06;21;2;116.94;116.94;
2026;06;21;3;111.46;111.46;
2026;06;21;4;108.10;108.10;
2026;06;21;5;114.07;114.07;
2026;06;21;6;112.46;112.46;
2026;06;21;7;113.59;113.59;
2026;06;21;8;111.52;111.52;
2026;06;21;9;111.30;111.30;
2026;06;21;10;109.38;109.38;
2026;06;21;11;105.98;105.98;
2026;06;21;12;98.35;98.35;
2026;06;21;13;105.20;105.20;
2026;06;21;14;98.00;98.00;
2026;06;21;15;95.88;95.88;
2026;06;21;16;90.35;90.35;
2026;06;21;17;93.65;93.65;
2026;06;21;18;90.00;90.00;
2026;06;21;19;93.00;93.00;
2026;06;21;20;88.51;88.51;
2026;06;21;21;87.56;87.56;
2026;06;21;22;87.46;87.46;
2026;06;21;23;87.66;87.66;
2026;06;21;24;88.51;88.51;
2026;06;21;25;85.00;85.00;
2026;06;21;26;82.71;82.71;
2026;06;21;27;82.26;82.26;
2026;06;21;28;88.00;88.00;
2026;06;21;29;78.63;78.63;
2026;06;21;30;66.07;66.07;
2026;06;21;31;43.08;43.08;
2026;06;21;32;11.42;11.42;
2026;06;21;33;34.16;34.16;
2026;06;21;34;12.58;12.58;
2026;06;21;35;9.10;9.10;
2026;06;21;36;0.00;-.79;
2026;06;21;37;1.00;1.00;
2026;06;21;38;0.84;.84;
2026;06;21;39;-0.01;-.01;
2026;06;21;40;0.00;.00;
2026;06;21;41;1.00;1.00;
2026;06;21;42;1.00;1.00;
2026;06;21;43;0.00;.00;
2026;06;21;44;0.84;.84;
2026;06;21;45;0.00;.00;
2026;06;21;46;0.00;.00;
2026;06;21;47;0.00;.00;
2026;06;21;48;0.00;.00;
2026;06;21;49;-0.07;-.07;
2026;06;21;50;0.00;.00;
2026;06;21;51;0.00;.00;
2026;06;21;52;0.00;.00;
2026;06;21;53;0.00;.00;
2026;06;21;54;0.00;.00;
2026;06;21;55;0.00;.00;
2026;06;21;56;0.00;.00;
2026;06;21;57;0.00;.00;
2026;06;21;58;0.00;.00;
2026;06;21;59;-0.21;-.21;
2026;06;21;60;-0.32;-.32;
2026;06;21;61;-0.69;-.69;
2026;06;21;62;-0.79;-.79;
2026;06;21;63;-0.50;-.50;
2026;06;21;64;-0.34;-.34;
2026;06;21;65;-0.04;-.04;
2026;06;21;66;-0.02;-.02;
2026;06;21;67;0.00;.00;
2026;06;21;68;-0.02;-.02;
2026;06;21;69;0.00;.00;
2026;06;21;70;0.00;.00;
2026;06;21;71;0.00;.00;
2026;06;21;72;0.20;.20;
2026;06;21;73;1.00;1.00;
2026;06;21;74;1.00;1.00;
2026;06;21;75;1.95;1.95;
2026;06;21;76;5.41;5.41;
2026;06;21;77;30.59;30.59;
2026;06;21;78;58.99;58.99;
2026;06;21;79;75.10;75.10;
2026;06;21;80;83.30;83.30;
2026;06;21;81;50.10;50.10;
2026;06;21;82;108.45;108.45;
2026;06;21;83;121.76;121.76;
2026;06;21;84;120.89;120.89;
2026;06;21;85;129.14;129.14;
2026;06;21;86;132.44;132.44;
2026;06;21;87;128.73;128.73;
2026;06;21;88;129.23;129.23;
2026;06;21;89;138.17;138.17;
2026;06;21;90;134.97;134.97;
2026;06;21;91;140.61;140.61;
2026;06;21;92;135.85;135.85;
2026;06;21;93;131.50;131.50;
2026;06;21;94;121.80;121.80;
2026;06;21;95;118.56;118.56;
2026;06;21;96;112.96;112.96;
*
