MARGINALPIBC;
2026;04;18;1;103.36;103.36;
2026;04;18;2;102.84;102.84;
2026;04;18;3;93.64;93.64;
2026;04;18;4;95.50;95.50;
2026;04;18;5;100.42;100.42;
2026;04;18;6;95.50;95.50;
2026;04;18;7;91.75;91.75;
2026;04;18;8;86.67;86.67;
2026;04;18;9;91.18;91.18;
2026;04;18;10;89.60;89.60;
2026;04;18;11;89.41;89.41;
2026;04;18;12;91.01;91.01;
2026;04;18;13;91.84;91.84;
2026;04;18;14;78.74;78.74;
2026;04;18;15;76.09;76.09;
2026;04;18;16;73.65;73.65;
2026;04;18;17;74.09;74.09;
2026;04;18;18;71.85;71.85;
2026;04;18;19;71.04;71.04;
2026;04;18;20;66.65;66.65;
2026;04;18;21;71.14;71.14;
2026;04;18;22;71.01;71.01;
2026;04;18;23;71.02;71.02;
2026;04;18;24;77.00;77.00;
2026;04;18;25;83.98;83.98;
2026;04;18;26;88.55;88.55;
2026;04;18;27;82.02;82.02;
2026;04;18;28;83.52;83.52;
2026;04;18;29;83.15;83.15;
2026;04;18;30;90.68;90.68;
2026;04;18;31;92.20;92.20;
2026;04;18;32;89.16;89.16;
2026;04;18;33;89.26;89.26;
2026;04;18;34;75.90;75.90;
2026;04;18;35;61.89;61.89;
2026;04;18;36;36.88;36.88;
2026;04;18;37;51.73;51.73;
2026;04;18;38;20.45;20.45;
2026;04;18;39;8.50;8.50;
2026;04;18;40;4.36;4.36;
2026;04;18;41;1.20;1.20;
2026;04;18;42;1.20;1.20;
2026;04;18;43;0.99;.64;
2026;04;18;44;0.01;-1.00;
2026;04;18;45;0.99;-.01;
2026;04;18;46;0.99;.00;
2026;04;18;47;0.99;-.07;
2026;04;18;48;0.99;-.31;
2026;04;18;49;0.99;-.07;
2026;04;18;50;0.99;-.31;
2026;04;18;51;0.99;-.07;
2026;04;18;52;0.99;-.50;
2026;04;18;53;0.99;-.81;
2026;04;18;54;0.00;-.82;
2026;04;18;55;0.00;-1.89;
2026;04;18;56;0.00;-3.15;
2026;04;18;57;0.00;-4.27;
2026;04;18;58;0.00;-4.60;
2026;04;18;59;0.00;-2.60;
2026;04;18;60;-1.00;-1.01;
2026;04;18;61;0.00;-.50;
2026;04;18;62;0.00;-.50;
2026;04;18;63;0.00;-.81;
2026;04;18;64;-0.50;-.50;
2026;04;18;65;0.00;-.07;
2026;04;18;66;0.00;.00;
2026;04;18;67;0.00;.00;
2026;04;18;68;0.00;.00;
2026;04;18;69;0.00;.00;
2026;04;18;70;0.00;.00;
2026;04;18;71;0.01;-.07;
2026;04;18;72;0.01;-.07;
2026;04;18;73;5.41;5.41;
2026;04;18;74;17.12;17.12;
2026;04;18;75;17.47;17.47;
2026;04;18;76;30.00;30.00;
2026;04;18;77;17.66;17.66;
2026;04;18;78;40.60;40.60;
2026;04;18;79;65.16;65.16;
2026;04;18;80;78.98;78.98;
2026;04;18;81;66.15;66.15;
2026;04;18;82;79.99;79.99;
2026;04;18;83;83.26;83.26;
2026;04;18;84;84.15;84.15;
2026;04;18;85;82.05;82.05;
2026;04;18;86;83.45;83.45;
2026;04;18;87;83.74;83.74;
2026;04;18;88;85.15;85.15;
2026;04;18;89;94.94;94.94;
2026;04;18;90;91.60;91.60;
2026;04;18;91;87.72;87.72;
2026;04;18;92;81.20;81.20;
2026;04;18;93;83.65;83.65;
2026;04;18;94;80.39;80.39;
2026;04;18;95;80.99;80.99;
2026;04;18;96;78.90;78.90;
*
