MARGINALPIBC;
2026;04;28;1;78.41;78.41;
2026;04;28;2;79.69;79.69;
2026;04;28;3;77.53;77.53;
2026;04;28;4;81.19;81.19;
2026;04;28;5;92.20;92.20;
2026;04;28;6;90.49;90.49;
2026;04;28;7;90.00;90.00;
2026;04;28;8;89.20;89.20;
2026;04;28;9;88.86;88.86;
2026;04;28;10;87.00;87.00;
2026;04;28;11;85.86;85.86;
2026;04;28;12;82.60;82.60;
2026;04;28;13;71.99;71.99;
2026;04;28;14;67.00;67.00;
2026;04;28;15;65.02;65.02;
2026;04;28;16;65.11;65.11;
2026;04;28;17;57.10;57.10;
2026;04;28;18;61.40;61.40;
2026;04;28;19;69.29;69.29;
2026;04;28;20;79.48;79.48;
2026;04;28;21;71.38;71.38;
2026;04;28;22;75.30;75.30;
2026;04;28;23;73.50;73.50;
2026;04;28;24;68.20;68.20;
2026;04;28;25;60.47;60.47;
2026;04;28;26;80.14;80.14;
2026;04;28;27;67.62;67.62;
2026;04;28;28;73.02;73.02;
2026;04;28;29;73.82;73.82;
2026;04;28;30;79.80;79.80;
2026;04;28;31;90.74;90.74;
2026;04;28;32;86.64;86.64;
2026;04;28;33;87.56;87.56;
2026;04;28;34;82.87;82.87;
2026;04;28;35;84.36;84.36;
2026;04;28;36;87.50;87.50;
2026;04;28;37;98.02;98.02;
2026;04;28;38;85.55;85.55;
2026;04;28;39;50.24;50.24;
2026;04;28;40;15.40;15.40;
2026;04;28;41;46.86;46.86;
2026;04;28;42;15.00;15.00;
2026;04;28;43;2.70;2.70;
2026;04;28;44;1.99;1.99;
2026;04;28;45;8.06;3.91;
2026;04;28;46;7.55;1.24;
2026;04;28;47;10.84;-.07;
2026;04;28;48;10.84;-2.74;
2026;04;28;49;10.51;.00;
2026;04;28;50;10.51;-.01;
2026;04;28;51;10.51;-.07;
2026;04;28;52;10.33;.83;
2026;04;28;53;10.01;.84;
2026;04;28;54;10.01;.84;
2026;04;28;55;10.01;.84;
2026;04;28;56;10.01;.84;
2026;04;28;57;10.00;.84;
2026;04;28;58;10.01;.84;
2026;04;28;59;10.01;.01;
2026;04;28;60;10.01;.01;
2026;04;28;61;11.00;.01;
2026;04;28;62;11.43;.84;
2026;04;28;63;11.43;.84;
2026;04;28;64;11.43;-.01;
2026;04;28;65;11.43;-.07;
2026;04;28;66;11.99;.92;
2026;04;28;67;11.99;3.08;
2026;04;28;68;11.99;5.41;
2026;04;28;69;12.05;8.58;
2026;04;28;70;11.60;11.60;
2026;04;28;71;18.09;18.09;
2026;04;28;72;35.00;35.00;
2026;04;28;73;15.55;15.55;
2026;04;28;74;34.56;34.56;
2026;04;28;75;42.30;42.30;
2026;04;28;76;50.24;50.24;
2026;04;28;77;61.50;61.50;
2026;04;28;78;92.20;92.20;
2026;04;28;79;92.71;92.71;
2026;04;28;80;92.50;92.50;
2026;04;28;81;85.48;85.48;
2026;04;28;82;92.14;92.14;
2026;04;28;83;100.52;100.52;
2026;04;28;84;104.62;104.62;
2026;04;28;85;105.24;105.24;
2026;04;28;86;105.69;105.69;
2026;04;28;87;105.12;105.12;
2026;04;28;88;104.62;104.62;
2026;04;28;89;100.10;100.10;
2026;04;28;90;98.00;98.00;
2026;04;28;91;92.90;92.90;
2026;04;28;92;91.39;91.39;
2026;04;28;93;92.90;92.90;
2026;04;28;94;92.56;92.56;
2026;04;28;95;85.42;85.42;
2026;04;28;96;83.19;83.19;
*
