MARGINALPIBC;
2026;05;27;1;133.50;133.50;
2026;05;27;2;129.05;129.05;
2026;05;27;3;116.51;116.51;
2026;05;27;4;118.18;118.18;
2026;05;27;5;121.82;121.82;
2026;05;27;6;122.25;122.25;
2026;05;27;7;120.91;120.91;
2026;05;27;8;113.02;113.02;
2026;05;27;9;112.43;112.43;
2026;05;27;10;113.30;113.30;
2026;05;27;11;111.96;111.96;
2026;05;27;12;109.63;109.63;
2026;05;27;13;107.17;107.17;
2026;05;27;14;106.10;106.10;
2026;05;27;15;106.51;106.51;
2026;05;27;16;106.50;106.50;
2026;05;27;17;106.76;106.76;
2026;05;27;18;105.41;105.41;
2026;05;27;19;107.17;107.17;
2026;05;27;20;107.17;107.17;
2026;05;27;21;108.18;108.18;
2026;05;27;22;109.63;109.63;
2026;05;27;23;108.87;108.87;
2026;05;27;24;108.20;108.20;
2026;05;27;25;109.09;109.09;
2026;05;27;26;117.81;117.81;
2026;05;27;27;120.73;120.73;
2026;05;27;28;122.59;122.59;
2026;05;27;29;126.02;126.02;
2026;05;27;30;124.71;124.71;
2026;05;27;31;121.63;121.63;
2026;05;27;32;108.68;108.68;
2026;05;27;33;123.44;123.44;
2026;05;27;34;109.00;109.00;
2026;05;27;35;102.88;102.88;
2026;05;27;36;73.89;73.89;
2026;05;27;37;97.26;97.26;
2026;05;27;38;60.34;60.34;
2026;05;27;39;28.47;28.47;
2026;05;27;40;18.38;18.38;
2026;05;27;41;24.87;24.87;
2026;05;27;42;14.73;14.73;
2026;05;27;43;10.46;6.96;
2026;05;27;44;10.38;10.38;
2026;05;27;45;10.20;2.47;
2026;05;27;46;9.93;4.29;
2026;05;27;47;9.61;3.11;
2026;05;27;48;7.59;.84;
2026;05;27;49;9.54;7.00;
2026;05;27;50;7.59;.84;
2026;05;27;51;7.59;.84;
2026;05;27;52;7.59;.00;
2026;05;27;53;5.83;.00;
2026;05;27;54;5.83;-.07;
2026;05;27;55;7.58;6.81;
2026;05;27;56;7.58;7.42;
2026;05;27;57;7.70;7.70;
2026;05;27;58;7.79;7.79;
2026;05;27;59;8.69;8.69;
2026;05;27;60;5.83;.00;
2026;05;27;61;7.00;.11;
2026;05;27;62;7.59;6.54;
2026;05;27;63;7.70;7.70;
2026;05;27;64;7.58;7.58;
2026;05;27;65;8.90;8.90;
2026;05;27;66;9.55;9.55;
2026;05;27;67;10.20;10.20;
2026;05;27;68;15.70;15.70;
2026;05;27;69;22.05;22.05;
2026;05;27;70;24.51;24.51;
2026;05;27;71;41.07;41.07;
2026;05;27;72;45.00;45.00;
2026;05;27;73;40.11;40.11;
2026;05;27;74;46.50;46.50;
2026;05;27;75;52.13;52.13;
2026;05;27;76;65.52;65.52;
2026;05;27;77;37.50;37.50;
2026;05;27;78;63.93;63.93;
2026;05;27;79;93.83;93.83;
2026;05;27;80;104.12;104.12;
2026;05;27;81;104.13;104.13;
2026;05;27;82;111.85;111.85;
2026;05;27;83;129.91;129.91;
2026;05;27;84;140.85;140.85;
2026;05;27;85;143.02;148.80;
2026;05;27;86;142.71;159.49;
2026;05;27;87;141.00;154.36;
2026;05;27;88;143.67;143.67;
2026;05;27;89;137.90;148.48;
2026;05;27;90;136.50;136.50;
2026;05;27;91;141.38;141.38;
2026;05;27;92;134.71;134.71;
2026;05;27;93;131.46;131.46;
2026;05;27;94;121.79;121.79;
2026;05;27;95;123.36;123.36;
2026;05;27;96;117.50;117.50;
*
