MARGINALPIBC;
2026;06;22;1;135.04;135.04;
2026;06;22;2;135.02;135.02;
2026;06;22;3;127.42;127.42;
2026;06;22;4;119.36;119.36;
2026;06;22;5;132.31;132.31;
2026;06;22;6;127.59;127.59;
2026;06;22;7;124.13;124.13;
2026;06;22;8;119.54;119.54;
2026;06;22;9;125.34;125.34;
2026;06;22;10;120.28;120.28;
2026;06;22;11;117.95;117.95;
2026;06;22;12;116.81;116.81;
2026;06;22;13;117.70;117.70;
2026;06;22;14;114.96;114.96;
2026;06;22;15;115.30;115.30;
2026;06;22;16;115.92;115.92;
2026;06;22;17;113.49;113.49;
2026;06;22;18;113.50;113.50;
2026;06;22;19;113.22;113.22;
2026;06;22;20;111.87;111.87;
2026;06;22;21;108.60;108.60;
2026;06;22;22;110.55;110.55;
2026;06;22;23;109.29;109.29;
2026;06;22;24;110.79;110.79;
2026;06;22;25;110.38;110.38;
2026;06;22;26;117.91;117.91;
2026;06;22;27;119.62;119.62;
2026;06;22;28;124.09;124.09;
2026;06;22;29;133.14;133.14;
2026;06;22;30;133.20;133.20;
2026;06;22;31;129.90;129.90;
2026;06;22;32;122.81;122.81;
2026;06;22;33;124.32;124.32;
2026;06;22;34;117.17;117.17;
2026;06;22;35;113.13;113.13;
2026;06;22;36;107.50;107.50;
2026;06;22;37;113.41;113.41;
2026;06;22;38;102.83;102.83;
2026;06;22;39;99.73;99.73;
2026;06;22;40;79.78;79.78;
2026;06;22;41;104.61;104.61;
2026;06;22;42;91.77;91.77;
2026;06;22;43;82.10;82.10;
2026;06;22;44;54.50;54.50;
2026;06;22;45;64.51;64.51;
2026;06;22;46;62.91;62.91;
2026;06;22;47;57.23;57.23;
2026;06;22;48;53.95;53.95;
2026;06;22;49;70.76;70.76;
2026;06;22;50;58.50;58.50;
2026;06;22;51;57.22;57.22;
2026;06;22;52;51.44;51.44;
2026;06;22;53;50.40;50.40;
2026;06;22;54;48.42;48.42;
2026;06;22;55;47.39;47.39;
2026;06;22;56;48.79;48.79;
2026;06;22;57;63.59;63.59;
2026;06;22;58;70.60;70.60;
2026;06;22;59;72.81;72.81;
2026;06;22;60;73.56;73.56;
2026;06;22;61;75.16;75.16;
2026;06;22;62;79.90;79.90;
2026;06;22;63;83.56;83.56;
2026;06;22;64;87.66;87.66;
2026;06;22;65;84.16;84.16;
2026;06;22;66;90.00;90.00;
2026;06;22;67;98.53;98.53;
2026;06;22;68;101.11;101.11;
2026;06;22;69;96.91;96.91;
2026;06;22;70;98.00;98.00;
2026;06;22;71;91.75;91.75;
2026;06;22;72;90.81;90.81;
2026;06;22;73;60.01;60.01;
2026;06;22;74;60.01;60.01;
2026;06;22;75;60.01;60.01;
2026;06;22;76;62.51;62.51;
2026;06;22;77;60.01;60.01;
2026;06;22;78;81.98;81.98;
2026;06;22;79;92.74;92.74;
2026;06;22;80;95.16;95.16;
2026;06;22;81;105.03;105.03;
2026;06;22;82;115.93;115.93;
2026;06;22;83;130.58;130.58;
2026;06;22;84;154.79;154.79;
2026;06;22;85;169.38;169.38;
2026;06;22;86;180.00;180.00;
2026;06;22;87;179.74;179.74;
2026;06;22;88;161.28;161.28;
2026;06;22;89;180.81;180.81;
2026;06;22;90;170.22;170.22;
2026;06;22;91;167.60;167.60;
2026;06;22;92;153.46;153.46;
2026;06;22;93;150.00;150.00;
2026;06;22;94;144.63;144.63;
2026;06;22;95;144.67;144.67;
2026;06;22;96;127.41;127.41;
*
