MARGINALPIBC;
2026;01;27;1;20.11;20.11;
2026;01;27;2;15.22;15.22;
2026;01;27;3;1.90;1.90;
2026;01;27;4;10.33;10.33;
2026;01;27;5;8.50;8.50;
2026;01;27;6;4.46;4.46;
2026;01;27;7;0.00;.00;
2026;01;27;8;-1.22;-1.22;
2026;01;27;9;0.00;.00;
2026;01;27;10;0.00;.00;
2026;01;27;11;0.00;.00;
2026;01;27;12;3.28;3.28;
2026;01;27;13;1.00;1.00;
2026;01;27;14;0.91;.91;
2026;01;27;15;2.78;2.78;
2026;01;27;16;3.28;3.28;
2026;01;27;17;3.28;3.28;
2026;01;27;18;2.78;2.78;
2026;01;27;19;3.28;3.28;
2026;01;27;20;1.15;1.15;
2026;01;27;21;0.21;.21;
2026;01;27;22;0.77;.77;
2026;01;27;23;0.00;.00;
2026;01;27;24;1.00;1.00;
2026;01;27;25;3.78;3.78;
2026;01;27;26;3.78;3.78;
2026;01;27;27;3.78;3.78;
2026;01;27;28;7.53;7.53;
2026;01;27;29;3.78;3.78;
2026;01;27;30;0.91;.91;
2026;01;27;31;9.60;9.60;
2026;01;27;32;18.68;18.68;
2026;01;27;33;25.20;25.20;
2026;01;27;34;30.92;30.92;
2026;01;27;35;37.40;37.40;
2026;01;27;36;44.93;44.93;
2026;01;27;37;65.50;65.50;
2026;01;27;38;66.87;66.87;
2026;01;27;39;65.50;65.50;
2026;01;27;40;41.94;41.94;
2026;01;27;41;65.50;65.50;
2026;01;27;42;43.44;43.44;
2026;01;27;43;62.75;62.75;
2026;01;27;44;27.17;27.17;
2026;01;27;45;43.78;43.78;
2026;01;27;46;29.75;29.75;
2026;01;27;47;26.16;26.16;
2026;01;27;48;16.84;16.84;
2026;01;27;49;28.35;28.35;
2026;01;27;50;24.19;24.19;
2026;01;27;51;19.92;19.92;
2026;01;27;52;13.25;13.25;
2026;01;27;53;16.67;16.67;
2026;01;27;54;15.37;15.37;
2026;01;27;55;11.80;11.80;
2026;01;27;56;10.69;10.69;
2026;01;27;57;10.44;10.44;
2026;01;27;58;10.98;10.98;
2026;01;27;59;12.00;12.00;
2026;01;27;60;10.98;10.98;
2026;01;27;61;2.91;2.91;
2026;01;27;62;4.55;4.55;
2026;01;27;63;5.71;5.71;
2026;01;27;64;15.46;15.46;
2026;01;27;65;8.78;8.78;
2026;01;27;66;11.09;11.09;
2026;01;27;67;19.21;19.21;
2026;01;27;68;25.79;25.79;
2026;01;27;69;21.79;21.79;
2026;01;27;70;28.23;28.23;
2026;01;27;71;41.43;41.43;
2026;01;27;72;55.60;61.73;
2026;01;27;73;40.00;40.00;
2026;01;27;74;45.00;55.55;
2026;01;27;75;54.49;69.49;
2026;01;27;76;63.59;78.59;
2026;01;27;77;69.36;80.35;
2026;01;27;78;86.02;86.02;
2026;01;27;79;90.00;90.00;
2026;01;27;80;90.05;90.05;
2026;01;27;81;91.31;99.51;
2026;01;27;82;102.00;102.00;
2026;01;27;83;99.51;99.51;
2026;01;27;84;89.50;89.50;
2026;01;27;85;90.18;96.18;
2026;01;27;86;82.34;87.34;
2026;01;27;87;73.59;73.59;
2026;01;27;88;52.42;52.42;
2026;01;27;89;53.94;53.94;
2026;01;27;90;33.63;33.63;
2026;01;27;91;31.78;31.78;
2026;01;27;92;24.86;24.86;
2026;01;27;93;28.20;28.20;
2026;01;27;94;14.60;14.60;
2026;01;27;95;6.09;6.09;
2026;01;27;96;3.97;3.97;
*
