MARGINALPIBC;
2026;06;09;1;83.35;83.35;
2026;06;09;2;77.31;77.31;
2026;06;09;3;71.94;71.94;
2026;06;09;4;65.54;65.54;
2026;06;09;5;65.00;65.00;
2026;06;09;6;65.00;65.00;
2026;06;09;7;60.40;60.40;
2026;06;09;8;60.00;60.00;
2026;06;09;9;64.94;64.94;
2026;06;09;10;62.10;62.10;
2026;06;09;11;59.22;59.22;
2026;06;09;12;57.44;57.44;
2026;06;09;13;60.16;60.16;
2026;06;09;14;61.47;61.47;
2026;06;09;15;61.15;61.15;
2026;06;09;16;60.00;60.00;
2026;06;09;17;62.16;62.16;
2026;06;09;18;63.74;63.74;
2026;06;09;19;62.25;62.25;
2026;06;09;20;62.33;62.33;
2026;06;09;21;62.89;62.89;
2026;06;09;22;64.54;64.54;
2026;06;09;23;65.00;65.00;
2026;06;09;24;68.32;68.32;
2026;06;09;25;78.61;78.61;
2026;06;09;26;83.72;83.72;
2026;06;09;27;83.68;83.68;
2026;06;09;28;95.95;95.95;
2026;06;09;29;87.59;87.59;
2026;06;09;30;68.50;68.50;
2026;06;09;31;65.00;65.00;
2026;06;09;32;65.00;65.00;
2026;06;09;33;94.20;94.20;
2026;06;09;34;55.20;55.20;
2026;06;09;35;25.41;25.41;
2026;06;09;36;35.20;17.74;
2026;06;09;37;9.98;5.00;
2026;06;09;38;27.20;-2.86;
2026;06;09;39;2.00;-10.82;
2026;06;09;40;2.00;-14.00;
2026;06;09;41;1.74;-14.00;
2026;06;09;42;1.43;-.86;
2026;06;09;43;1.00;-10.82;
2026;06;09;44;1.42;-4.61;
2026;06;09;45;1.99;.00;
2026;06;09;46;1.99;.00;
2026;06;09;47;1.74;-.02;
2026;06;09;48;1.49;.00;
2026;06;09;49;3.76;.00;
2026;06;09;50;2.15;.00;
2026;06;09;51;2.15;.00;
2026;06;09;52;1.90;.00;
2026;06;09;53;1.75;.00;
2026;06;09;54;1.50;.00;
2026;06;09;55;1.14;-.02;
2026;06;09;56;0.99;-.02;
2026;06;09;57;0.99;-.71;
2026;06;09;58;0.10;-.77;
2026;06;09;59;0.00;-.15;
2026;06;09;60;0.00;-.60;
2026;06;09;61;-0.51;-.51;
2026;06;09;62;-0.02;-.02;
2026;06;09;63;-2.15;-2.15;
2026;06;09;64;-2.51;-2.51;
2026;06;09;65;0.00;.00;
2026;06;09;66;-0.01;-.01;
2026;06;09;67;0.00;.00;
2026;06;09;68;0.00;.00;
2026;06;09;69;0.00;.00;
2026;06;09;70;-1.01;-1.01;
2026;06;09;71;-0.51;-14.00;
2026;06;09;72;0.00;-5.03;
2026;06;09;73;-6.36;-6.36;
2026;06;09;74;-1.86;-1.86;
2026;06;09;75;-4.51;-4.51;
2026;06;09;76;1.10;1.10;
2026;06;09;77;4.50;4.50;
2026;06;09;78;18.48;18.48;
2026;06;09;79;32.07;32.07;
2026;06;09;80;48.11;48.11;
2026;06;09;81;27.72;27.72;
2026;06;09;82;66.69;66.69;
2026;06;09;83;84.97;84.97;
2026;06;09;84;106.00;106.00;
2026;06;09;85;103.62;103.62;
2026;06;09;86;118.92;118.92;
2026;06;09;87;121.20;121.20;
2026;06;09;88;120.06;120.06;
2026;06;09;89;118.51;118.51;
2026;06;09;90;112.58;112.58;
2026;06;09;91;117.70;117.70;
2026;06;09;92;109.90;109.90;
2026;06;09;93;100.50;100.50;
2026;06;09;94;98.37;98.37;
2026;06;09;95;99.50;99.50;
2026;06;09;96;90.96;90.96;
*
