MARGINALPIBC;
2026;05;16;1;105.36;105.36;
2026;05;16;2;104.40;104.40;
2026;05;16;3;94.13;94.13;
2026;05;16;4;91.37;91.37;
2026;05;16;5;92.95;92.95;
2026;05;16;6;91.37;91.37;
2026;05;16;7;95.89;95.89;
2026;05;16;8;92.95;92.95;
2026;05;16;9;91.00;91.00;
2026;05;16;10;85.25;85.25;
2026;05;16;11;86.77;86.77;
2026;05;16;12;84.39;84.39;
2026;05;16;13;84.76;84.76;
2026;05;16;14;81.63;81.63;
2026;05;16;15;79.53;79.53;
2026;05;16;16;81.64;81.64;
2026;05;16;17;89.43;89.43;
2026;05;16;18;86.67;86.67;
2026;05;16;19;77.10;77.10;
2026;05;16;20;79.60;79.60;
2026;05;16;21;80.51;80.51;
2026;05;16;22;82.98;82.98;
2026;05;16;23;86.82;86.82;
2026;05;16;24;88.32;88.32;
2026;05;16;25;81.23;81.23;
2026;05;16;26;84.88;84.88;
2026;05;16;27;84.64;84.64;
2026;05;16;28;83.83;83.83;
2026;05;16;29;85.52;85.52;
2026;05;16;30;79.94;79.94;
2026;05;16;31;74.97;74.97;
2026;05;16;32;60.68;60.68;
2026;05;16;33;82.45;82.45;
2026;05;16;34;74.43;74.43;
2026;05;16;35;25.02;25.02;
2026;05;16;36;-0.07;-.07;
2026;05;16;37;10.00;10.00;
2026;05;16;38;4.00;4.00;
2026;05;16;39;1.00;1.00;
2026;05;16;40;1.00;1.00;
2026;05;16;41;0.84;.84;
2026;05;16;42;0.00;.00;
2026;05;16;43;0.10;.00;
2026;05;16;44;0.00;.00;
2026;05;16;45;27.01;.00;
2026;05;16;46;27.01;-.07;
2026;05;16;47;25.01;-.07;
2026;05;16;48;20.33;-.07;
2026;05;16;49;10.00;-.07;
2026;05;16;50;5.00;-.07;
2026;05;16;51;4.00;-.07;
2026;05;16;52;3.00;-.07;
2026;05;16;53;2.32;-.01;
2026;05;16;54;2.00;-.02;
2026;05;16;55;2.00;-.07;
2026;05;16;56;0.50;-.18;
2026;05;16;57;0.00;-.07;
2026;05;16;58;2.00;-.07;
2026;05;16;59;0.10;-.07;
2026;05;16;60;0.00;-.30;
2026;05;16;61;2.00;-.81;
2026;05;16;62;2.00;-.82;
2026;05;16;63;0.00;-.82;
2026;05;16;64;0.00;-.81;
2026;05;16;65;0.00;-.82;
2026;05;16;66;2.00;-.82;
2026;05;16;67;0.00;-.82;
2026;05;16;68;0.00;-.81;
2026;05;16;69;0.10;-1.46;
2026;05;16;70;0.00;-1.66;
2026;05;16;71;0.13;-1.85;
2026;05;16;72;2.00;-1.16;
2026;05;16;73;2.00;-1.16;
2026;05;16;74;2.00;-4.40;
2026;05;16;75;4.00;.01;
2026;05;16;76;2.00;2.00;
2026;05;16;77;5.10;5.10;
2026;05;16;78;16.85;16.85;
2026;05;16;79;14.82;14.82;
2026;05;16;80;55.60;55.60;
2026;05;16;81;46.80;46.80;
2026;05;16;82;72.74;72.74;
2026;05;16;83;92.50;92.50;
2026;05;16;84;101.09;104.09;
2026;05;16;85;102.05;112.46;
2026;05;16;86;105.51;113.69;
2026;05;16;87;111.06;113.69;
2026;05;16;88;105.99;110.81;
2026;05;16;89;117.01;117.01;
2026;05;16;90;112.58;112.58;
2026;05;16;91;117.69;117.69;
2026;05;16;92;113.43;113.43;
2026;05;16;93;101.70;101.70;
2026;05;16;94;92.94;92.94;
2026;05;16;95;104.52;104.52;
2026;05;16;96;92.84;92.84;
*
