MARGINALPIBC;
2026;03;07;1;80.01;80.01;
2026;03;07;2;80.01;80.01;
2026;03;07;3;74.22;74.22;
2026;03;07;4;70.01;70.01;
2026;03;07;5;70.00;70.00;
2026;03;07;6;67.14;67.14;
2026;03;07;7;65.11;65.11;
2026;03;07;8;65.11;65.11;
2026;03;07;9;77.41;77.41;
2026;03;07;10;80.01;80.01;
2026;03;07;11;80.01;80.01;
2026;03;07;12;79.96;79.96;
2026;03;07;13;76.02;76.02;
2026;03;07;14;75.24;75.24;
2026;03;07;15;74.35;74.35;
2026;03;07;16;70.10;70.10;
2026;03;07;17;70.59;70.59;
2026;03;07;18;70.59;70.59;
2026;03;07;19;71.09;71.09;
2026;03;07;20;70.65;70.65;
2026;03;07;21;73.68;73.68;
2026;03;07;22;71.17;71.17;
2026;03;07;23;70.01;70.01;
2026;03;07;24;76.13;76.13;
2026;03;07;25;80.00;80.00;
2026;03;07;26;80.01;80.01;
2026;03;07;27;80.20;80.20;
2026;03;07;28;80.01;80.01;
2026;03;07;29;80.20;80.20;
2026;03;07;30;80.01;80.01;
2026;03;07;31;80.20;80.20;
2026;03;07;32;80.01;80.01;
2026;03;07;33;89.88;89.88;
2026;03;07;34;84.38;84.38;
2026;03;07;35;80.20;80.20;
2026;03;07;36;77.12;77.12;
2026;03;07;37;70.01;70.01;
2026;03;07;38;70.01;70.01;
2026;03;07;39;40.59;40.59;
2026;03;07;40;20.01;20.01;
2026;03;07;41;50.24;50.24;
2026;03;07;42;39.10;39.10;
2026;03;07;43;32.82;32.82;
2026;03;07;44;23.16;23.16;
2026;03;07;45;23.55;23.55;
2026;03;07;46;34.00;34.00;
2026;03;07;47;26.27;26.27;
2026;03;07;48;25.53;25.53;
2026;03;07;49;31.86;31.86;
2026;03;07;50;20.12;20.12;
2026;03;07;51;18.96;18.96;
2026;03;07;52;15.06;15.06;
2026;03;07;53;14.00;14.00;
2026;03;07;54;12.38;12.38;
2026;03;07;55;11.44;11.44;
2026;03;07;56;14.00;14.00;
2026;03;07;57;14.61;14.61;
2026;03;07;58;18.05;18.05;
2026;03;07;59;22.13;22.13;
2026;03;07;60;29.90;29.90;
2026;03;07;61;30.81;30.81;
2026;03;07;62;26.30;26.30;
2026;03;07;63;25.95;25.95;
2026;03;07;64;25.69;25.69;
2026;03;07;65;24.00;24.00;
2026;03;07;66;23.59;23.59;
2026;03;07;67;29.10;29.10;
2026;03;07;68;45.78;45.78;
2026;03;07;69;30.20;30.20;
2026;03;07;70;40.78;40.78;
2026;03;07;71;51.89;51.89;
2026;03;07;72;45.00;45.00;
2026;03;07;73;77.89;77.89;
2026;03;07;74;80.01;86.73;
2026;03;07;75;84.61;107.90;
2026;03;07;76;100.50;105.51;
2026;03;07;77;108.78;125.85;
2026;03;07;78;118.40;137.77;
2026;03;07;79;125.33;140.33;
2026;03;07;80;125.33;138.33;
2026;03;07;81;119.38;129.39;
2026;03;07;82;114.34;124.19;
2026;03;07;83;110.00;119.65;
2026;03;07;84;104.00;109.59;
2026;03;07;85;99.36;123.55;
2026;03;07;86;97.01;121.37;
2026;03;07;87;90.20;118.98;
2026;03;07;88;85.00;106.01;
2026;03;07;89;84.61;122.91;
2026;03;07;90;80.01;120.00;
2026;03;07;91;85.00;124.64;
2026;03;07;92;81.38;120.45;
2026;03;07;93;81.91;119.76;
2026;03;07;94;80.01;113.08;
2026;03;07;95;80.01;112.74;
2026;03;07;96;80.01;103.80;
*
