MARGINALPIBC;
2026;04;27;1;89.33;89.33;
2026;04;27;2;72.23;72.23;
2026;04;27;3;45.66;45.66;
2026;04;27;4;45.00;45.00;
2026;04;27;5;50.00;50.00;
2026;04;27;6;50.00;50.00;
2026;04;27;7;59.09;59.09;
2026;04;27;8;33.71;33.71;
2026;04;27;9;32.54;32.54;
2026;04;27;10;34.40;34.40;
2026;04;27;11;26.47;26.47;
2026;04;27;12;19.70;19.70;
2026;04;27;13;30.60;30.60;
2026;04;27;14;18.55;18.55;
2026;04;27;15;11.58;11.58;
2026;04;27;16;12.98;12.98;
2026;04;27;17;30.33;30.33;
2026;04;27;18;35.09;35.09;
2026;04;27;19;30.33;30.33;
2026;04;27;20;29.85;29.85;
2026;04;27;21;35.00;35.00;
2026;04;27;22;33.60;33.60;
2026;04;27;23;63.19;63.19;
2026;04;27;24;80.21;80.21;
2026;04;27;25;73.94;73.94;
2026;04;27;26;81.00;81.00;
2026;04;27;27;84.38;84.38;
2026;04;27;28;89.64;89.64;
2026;04;27;29;91.30;91.30;
2026;04;27;30;96.97;96.97;
2026;04;27;31;97.02;97.02;
2026;04;27;32;95.00;95.00;
2026;04;27;33;101.84;101.84;
2026;04;27;34;94.64;94.64;
2026;04;27;35;85.39;85.39;
2026;04;27;36;50.99;50.99;
2026;04;27;37;71.52;71.52;
2026;04;27;38;37.49;37.49;
2026;04;27;39;17.79;17.79;
2026;04;27;40;6.66;3.08;
2026;04;27;41;1.99;-.07;
2026;04;27;42;16.00;-.17;
2026;04;27;43;4.00;-.49;
2026;04;27;44;3.99;-.91;
2026;04;27;45;1.75;.00;
2026;04;27;46;3.89;.00;
2026;04;27;47;3.98;.00;
2026;04;27;48;3.97;.00;
2026;04;27;49;3.98;-.07;
2026;04;27;50;3.94;-.07;
2026;04;27;51;1.75;-.07;
2026;04;27;52;1.75;-.02;
2026;04;27;53;3.49;-.30;
2026;04;27;54;3.17;-.41;
2026;04;27;55;2.99;-.81;
2026;04;27;56;1.75;-.83;
2026;04;27;57;1.75;-.11;
2026;04;27;58;1.75;-.11;
2026;04;27;59;1.75;-.07;
2026;04;27;60;3.49;-.41;
2026;04;27;61;3.50;-.41;
2026;04;27;62;3.50;-.30;
2026;04;27;63;3.58;-.21;
2026;04;27;64;3.94;-.07;
2026;04;27;65;3.88;-.07;
2026;04;27;66;3.97;-.01;
2026;04;27;67;3.98;-.01;
2026;04;27;68;3.99;-.07;
2026;04;27;69;3.99;-.07;
2026;04;27;70;4.00;-.07;
2026;04;27;71;5.61;-.07;
2026;04;27;72;6.00;-.07;
2026;04;27;73;6.20;-.07;
2026;04;27;74;24.08;.84;
2026;04;27;75;14.91;14.91;
2026;04;27;76;25.30;25.30;
2026;04;27;77;38.92;38.92;
2026;04;27;78;56.51;56.51;
2026;04;27;79;78.24;78.24;
2026;04;27;80;86.84;86.84;
2026;04;27;81;85.34;85.34;
2026;04;27;82;89.33;89.33;
2026;04;27;83;89.04;89.04;
2026;04;27;84;94.64;94.64;
2026;04;27;85;97.33;97.33;
2026;04;27;86;101.90;101.90;
2026;04;27;87;98.00;98.00;
2026;04;27;88;94.64;94.64;
2026;04;27;89;89.04;89.04;
2026;04;27;90;89.33;89.33;
2026;04;27;91;89.33;89.33;
2026;04;27;92;84.29;84.29;
2026;04;27;93;83.44;83.44;
2026;04;27;94;81.48;81.48;
2026;04;27;95;85.10;85.10;
2026;04;27;96;78.04;78.04;
*
