MARGINALPIBC;
2026;06;15;1;134.16;134.16;
2026;06;15;2;130.37;130.37;
2026;06;15;3;129.46;129.46;
2026;06;15;4;124.42;124.42;
2026;06;15;5;115.72;115.72;
2026;06;15;6;124.00;124.00;
2026;06;15;7;122.92;122.92;
2026;06;15;8;121.23;121.23;
2026;06;15;9;123.84;123.84;
2026;06;15;10;122.40;122.40;
2026;06;15;11;122.23;122.23;
2026;06;15;12;122.23;122.23;
2026;06;15;13;122.23;122.23;
2026;06;15;14;122.83;122.83;
2026;06;15;15;122.23;122.23;
2026;06;15;16;122.23;122.23;
2026;06;15;17;122.23;122.23;
2026;06;15;18;120.97;120.97;
2026;06;15;19;120.50;120.50;
2026;06;15;20;118.10;118.10;
2026;06;15;21;114.00;114.00;
2026;06;15;22;121.23;121.23;
2026;06;15;23;118.52;118.52;
2026;06;15;24;114.00;114.00;
2026;06;15;25;121.23;121.23;
2026;06;15;26;124.21;124.21;
2026;06;15;27;133.69;133.69;
2026;06;15;28;140.44;140.44;
2026;06;15;29;140.44;140.44;
2026;06;15;30;139.26;139.26;
2026;06;15;31;131.23;131.23;
2026;06;15;32;115.27;115.27;
2026;06;15;33;110.00;110.00;
2026;06;15;34;106.57;106.57;
2026;06;15;35;118.72;118.72;
2026;06;15;36;99.59;99.59;
2026;06;15;37;118.35;118.35;
2026;06;15;38;101.84;101.84;
2026;06;15;39;73.95;73.95;
2026;06;15;40;56.29;56.29;
2026;06;15;41;56.57;56.57;
2026;06;15;42;47.35;47.35;
2026;06;15;43;34.19;34.19;
2026;06;15;44;27.17;25.37;
2026;06;15;45;12.69;12.69;
2026;06;15;46;12.58;12.58;
2026;06;15;47;11.74;11.74;
2026;06;15;48;10.84;10.84;
2026;06;15;49;10.55;10.55;
2026;06;15;50;11.30;11.30;
2026;06;15;51;11.08;11.08;
2026;06;15;52;9.26;9.26;
2026;06;15;53;8.84;8.84;
2026;06;15;54;8.95;8.95;
2026;06;15;55;9.54;9.54;
2026;06;15;56;9.60;9.60;
2026;06;15;57;9.60;9.60;
2026;06;15;58;9.60;9.60;
2026;06;15;59;9.51;9.51;
2026;06;15;60;9.03;9.03;
2026;06;15;61;9.80;9.80;
2026;06;15;62;9.80;9.80;
2026;06;15;63;9.96;9.96;
2026;06;15;64;10.42;10.42;
2026;06;15;65;11.42;11.42;
2026;06;15;66;14.13;14.13;
2026;06;15;67;19.87;19.87;
2026;06;15;68;40.02;40.02;
2026;06;15;69;34.86;34.86;
2026;06;15;70;49.90;49.90;
2026;06;15;71;66.02;66.02;
2026;06;15;72;75.00;75.00;
2026;06;15;73;65.00;65.00;
2026;06;15;74;87.57;87.57;
2026;06;15;75;103.44;103.44;
2026;06;15;76;118.47;118.47;
2026;06;15;77;93.67;93.67;
2026;06;15;78;115.72;115.72;
2026;06;15;79;134.50;134.50;
2026;06;15;80;142.92;142.92;
2026;06;15;81;136.18;136.18;
2026;06;15;82;145.79;145.79;
2026;06;15;83;160.65;160.65;
2026;06;15;84;173.34;173.34;
2026;06;15;85;160.00;160.00;
2026;06;15;86;164.70;164.70;
2026;06;15;87;165.01;165.01;
2026;06;15;88;156.99;156.99;
2026;06;15;89;160.00;160.00;
2026;06;15;90;154.05;154.05;
2026;06;15;91;153.37;153.37;
2026;06;15;92;141.60;141.60;
2026;06;15;93;148.10;148.10;
2026;06;15;94;132.38;132.38;
2026;06;15;95;130.01;130.01;
2026;06;15;96;125.47;125.47;
*
