MARGINALPIBC;
2026;02;08;1;0.01;3.78;
2026;02;08;2;0.01;2.00;
2026;02;08;3;0.00;.16;
2026;02;08;4;0.00;.00;
2026;02;08;5;0.00;.00;
2026;02;08;6;0.00;.00;
2026;02;08;7;0.00;.00;
2026;02;08;8;0.00;.00;
2026;02;08;9;0.00;.00;
2026;02;08;10;0.00;.00;
2026;02;08;11;0.00;.00;
2026;02;08;12;0.00;.00;
2026;02;08;13;0.00;.00;
2026;02;08;14;0.00;.00;
2026;02;08;15;0.00;.00;
2026;02;08;16;0.00;.00;
2026;02;08;17;0.00;.00;
2026;02;08;18;0.00;.00;
2026;02;08;19;0.00;.00;
2026;02;08;20;0.00;.00;
2026;02;08;21;0.00;.00;
2026;02;08;22;0.00;.00;
2026;02;08;23;0.00;.00;
2026;02;08;24;0.00;.00;
2026;02;08;25;0.00;.00;
2026;02;08;26;0.00;.00;
2026;02;08;27;0.00;.00;
2026;02;08;28;0.00;.00;
2026;02;08;29;0.00;.00;
2026;02;08;30;0.00;.00;
2026;02;08;31;-0.50;-.50;
2026;02;08;32;-0.50;-.50;
2026;02;08;33;0.00;.00;
2026;02;08;34;0.00;.00;
2026;02;08;35;0.00;.00;
2026;02;08;36;0.00;.00;
2026;02;08;37;0.00;.00;
2026;02;08;38;0.00;.00;
2026;02;08;39;0.00;.00;
2026;02;08;40;0.00;.00;
2026;02;08;41;0.00;.00;
2026;02;08;42;0.00;.00;
2026;02;08;43;0.00;.00;
2026;02;08;44;-0.42;-.42;
2026;02;08;45;0.00;.00;
2026;02;08;46;0.00;-.42;
2026;02;08;47;0.00;-.50;
2026;02;08;48;0.00;-.50;
2026;02;08;49;-0.30;-1.60;
2026;02;08;50;-0.81;-.81;
2026;02;08;51;-0.81;-.81;
2026;02;08;52;-0.81;-.81;
2026;02;08;53;-0.81;-.81;
2026;02;08;54;-0.81;-.81;
2026;02;08;55;-0.81;-.81;
2026;02;08;56;-0.81;-.81;
2026;02;08;57;-0.81;-.81;
2026;02;08;58;-0.30;-.81;
2026;02;08;59;-0.30;-.81;
2026;02;08;60;0.00;-.81;
2026;02;08;61;-0.81;-.81;
2026;02;08;62;-0.81;-.81;
2026;02;08;63;-0.81;-.81;
2026;02;08;64;-0.81;-.81;
2026;02;08;65;-0.81;-.81;
2026;02;08;66;-0.81;-.81;
2026;02;08;67;-0.81;-.81;
2026;02;08;68;-0.40;-.40;
2026;02;08;69;-0.41;-.41;
2026;02;08;70;0.00;.00;
2026;02;08;71;0.00;.00;
2026;02;08;72;0.01;.01;
2026;02;08;73;0.50;.90;
2026;02;08;74;0.71;3.78;
2026;02;08;75;2.18;3.78;
2026;02;08;76;3.34;5.73;
2026;02;08;77;4.19;22.50;
2026;02;08;78;4.19;37.83;
2026;02;08;79;4.19;35.00;
2026;02;08;80;4.19;45.02;
2026;02;08;81;4.19;72.60;
2026;02;08;82;4.19;93.87;
2026;02;08;83;4.19;93.66;
2026;02;08;84;4.19;83.27;
2026;02;08;85;4.28;92.99;
2026;02;08;86;4.28;93.78;
2026;02;08;87;4.28;92.62;
2026;02;08;88;4.19;60.02;
2026;02;08;89;4.19;35.00;
2026;02;08;90;4.19;30.00;
2026;02;08;91;4.19;10.90;
2026;02;08;92;4.00;4.00;
2026;02;08;93;-5.00;5.00;
2026;02;08;94;-4.10;.00;
2026;02;08;95;-4.00;.00;
2026;02;08;96;-4.00;.00;
*
