MARGINALPIBC;
2026;01;15;1;111.76;111.76;
2026;01;15;2;110.24;110.24;
2026;01;15;3;103.83;103.83;
2026;01;15;4;102.41;102.41;
2026;01;15;5;103.38;103.38;
2026;01;15;6;102.10;102.10;
2026;01;15;7;100.32;100.32;
2026;01;15;8;98.63;98.63;
2026;01;15;9;95.01;95.01;
2026;01;15;10;92.95;92.95;
2026;01;15;11;92.19;92.19;
2026;01;15;12;90.01;90.01;
2026;01;15;13;92.75;92.75;
2026;01;15;14;90.01;90.01;
2026;01;15;15;90.00;90.00;
2026;01;15;16;90.00;90.00;
2026;01;15;17;89.50;89.50;
2026;01;15;18;87.50;87.50;
2026;01;15;19;87.79;87.79;
2026;01;15;20;87.35;87.35;
2026;01;15;21;87.00;87.00;
2026;01;15;22;86.00;86.00;
2026;01;15;23;88.52;88.52;
2026;01;15;24;89.99;89.99;
2026;01;15;25;93.40;93.40;
2026;01;15;26;98.56;98.56;
2026;01;15;27;100.00;100.00;
2026;01;15;28;103.73;103.73;
2026;01;15;29;104.13;104.13;
2026;01;15;30;106.95;106.95;
2026;01;15;31;115.00;115.00;
2026;01;15;32;116.91;116.91;
2026;01;15;33;115.99;115.99;
2026;01;15;34;121.00;121.00;
2026;01;15;35;116.18;116.18;
2026;01;15;36;113.79;113.79;
2026;01;15;37;119.07;119.07;
2026;01;15;38;113.22;113.22;
2026;01;15;39;104.00;104.00;
2026;01;15;40;93.00;93.00;
2026;01;15;41;107.39;107.39;
2026;01;15;42;102.89;102.89;
2026;01;15;43;98.54;98.54;
2026;01;15;44;88.88;88.88;
2026;01;15;45;98.84;98.84;
2026;01;15;46;94.36;94.36;
2026;01;15;47;90.01;90.01;
2026;01;15;48;89.64;89.64;
2026;01;15;49;90.00;90.00;
2026;01;15;50;89.64;89.64;
2026;01;15;51;89.99;89.99;
2026;01;15;52;89.99;89.99;
2026;01;15;53;87.80;87.80;
2026;01;15;54;86.43;86.43;
2026;01;15;55;86.22;86.22;
2026;01;15;56;88.22;88.22;
2026;01;15;57;88.61;88.61;
2026;01;15;58;91.07;91.07;
2026;01;15;59;93.14;93.14;
2026;01;15;60;97.38;97.38;
2026;01;15;61;92.88;92.88;
2026;01;15;62;90.43;90.43;
2026;01;15;63;95.63;95.63;
2026;01;15;64;101.13;101.13;
2026;01;15;65;97.57;97.57;
2026;01;15;66;99.77;99.77;
2026;01;15;67;105.81;105.81;
2026;01;15;68;117.77;117.77;
2026;01;15;69;106.86;106.86;
2026;01;15;70;115.09;115.09;
2026;01;15;71;121.38;121.38;
2026;01;15;72;129.33;129.33;
2026;01;15;73;117.27;117.27;
2026;01;15;74;119.37;119.37;
2026;01;15;75;121.72;121.72;
2026;01;15;76;123.64;123.64;
2026;01;15;77;124.39;124.39;
2026;01;15;78;131.43;131.43;
2026;01;15;79;133.32;133.32;
2026;01;15;80;141.32;141.32;
2026;01;15;81;139.25;139.25;
2026;01;15;82;140.55;145.29;
2026;01;15;83;149.01;150.71;
2026;01;15;84;150.71;150.71;
2026;01;15;85;150.94;152.83;
2026;01;15;86;150.89;152.78;
2026;01;15;87;149.98;151.78;
2026;01;15;88;143.83;143.83;
2026;01;15;89;139.34;139.34;
2026;01;15;90;135.20;135.20;
2026;01;15;91;131.59;131.59;
2026;01;15;92;127.84;127.84;
2026;01;15;93;123.75;123.75;
2026;01;15;94;112.39;112.39;
2026;01;15;95;107.72;107.72;
2026;01;15;96;103.28;103.28;
*
