MARGINALPIBC;
2026;03;04;1;95.35;95.35;
2026;03;04;2;88.07;88.07;
2026;03;04;3;97.36;97.36;
2026;03;04;4;89.50;89.50;
2026;03;04;5;79.94;79.94;
2026;03;04;6;79.94;79.94;
2026;03;04;7;70.99;70.99;
2026;03;04;8;63.26;63.26;
2026;03;04;9;79.94;79.94;
2026;03;04;10;79.94;79.94;
2026;03;04;11;79.94;79.94;
2026;03;04;12;77.28;77.28;
2026;03;04;13;70.99;70.99;
2026;03;04;14;70.99;70.99;
2026;03;04;15;75.64;75.64;
2026;03;04;16;70.99;70.99;
2026;03;04;17;79.94;79.94;
2026;03;04;18;79.32;79.32;
2026;03;04;19;74.25;74.25;
2026;03;04;20;70.99;70.99;
2026;03;04;21;85.56;85.56;
2026;03;04;22;88.42;88.42;
2026;03;04;23;70.99;70.99;
2026;03;04;24;79.94;79.94;
2026;03;04;25;86.02;86.02;
2026;03;04;26;89.16;89.16;
2026;03;04;27;79.94;109.66;
2026;03;04;28;63.26;108.00;
2026;03;04;29;63.26;110.40;
2026;03;04;30;63.26;121.61;
2026;03;04;31;54.92;130.00;
2026;03;04;32;55.01;132.64;
2026;03;04;33;55.01;130.00;
2026;03;04;34;56.91;123.12;
2026;03;04;35;63.26;118.91;
2026;03;04;36;90.09;90.09;
2026;03;04;37;123.96;123.96;
2026;03;04;38;103.37;103.37;
2026;03;04;39;78.37;78.37;
2026;03;04;40;79.94;79.94;
2026;03;04;41;74.72;74.72;
2026;03;04;42;59.31;59.31;
2026;03;04;43;60.20;60.20;
2026;03;04;44;50.20;50.20;
2026;03;04;45;68.00;68.00;
2026;03;04;46;48.04;48.04;
2026;03;04;47;52.94;52.94;
2026;03;04;48;40.04;40.04;
2026;03;04;49;34.50;34.50;
2026;03;04;50;30.01;30.01;
2026;03;04;51;30.01;30.01;
2026;03;04;52;26.44;26.44;
2026;03;04;53;24.10;24.10;
2026;03;04;54;15.54;15.54;
2026;03;04;55;11.60;11.60;
2026;03;04;56;10.00;10.00;
2026;03;04;57;14.05;14.05;
2026;03;04;58;15.45;15.45;
2026;03;04;59;18.27;18.27;
2026;03;04;60;25.15;25.15;
2026;03;04;61;29.00;29.00;
2026;03;04;62;29.00;29.00;
2026;03;04;63;33.34;33.34;
2026;03;04;64;44.68;44.68;
2026;03;04;65;28.87;28.87;
2026;03;04;66;49.00;49.00;
2026;03;04;67;40.00;40.00;
2026;03;04;68;53.03;53.03;
2026;03;04;69;47.30;47.30;
2026;03;04;70;59.61;59.61;
2026;03;04;71;52.16;52.16;
2026;03;04;72;76.58;76.58;
2026;03;04;73;86.33;86.33;
2026;03;04;74;82.15;96.97;
2026;03;04;75;95.43;111.86;
2026;03;04;76;128.16;128.16;
2026;03;04;77;158.35;158.35;
2026;03;04;78;169.04;169.04;
2026;03;04;79;183.61;183.61;
2026;03;04;80;170.66;170.66;
2026;03;04;81;157.81;157.81;
2026;03;04;82;162.00;162.00;
2026;03;04;83;147.56;147.56;
2026;03;04;84;136.30;136.30;
2026;03;04;85;130.13;130.13;
2026;03;04;86;129.61;129.61;
2026;03;04;87;124.54;124.54;
2026;03;04;88;108.10;108.10;
2026;03;04;89;108.10;113.21;
2026;03;04;90;106.41;106.41;
2026;03;04;91;103.37;110.00;
2026;03;04;92;87.40;109.40;
2026;03;04;93;87.64;97.64;
2026;03;04;94;85.10;99.15;
2026;03;04;95;78.22;107.10;
2026;03;04;96;93.05;93.05;
*
