MARGINALPIBC;
2026;07;08;1;149.52;149.52;
2026;07;08;2;146.00;146.00;
2026;07;08;3;131.02;131.02;
2026;07;08;4;122.96;122.96;
2026;07;08;5;133.44;133.44;
2026;07;08;6;129.26;129.26;
2026;07;08;7;130.66;130.66;
2026;07;08;8;125.78;125.78;
2026;07;08;9;145.50;145.50;
2026;07;08;10;155.00;155.00;
2026;07;08;11;145.50;145.50;
2026;07;08;12;144.96;144.96;
2026;07;08;13;143.10;143.10;
2026;07;08;14;142.56;142.56;
2026;07;08;15;142.53;142.53;
2026;07;08;16;140.45;140.45;
2026;07;08;17;138.00;138.00;
2026;07;08;18;136.00;136.00;
2026;07;08;19;129.66;129.66;
2026;07;08;20;142.12;142.12;
2026;07;08;21;143.77;143.77;
2026;07;08;22;143.00;143.00;
2026;07;08;23;141.50;141.50;
2026;07;08;24;142.53;142.53;
2026;07;08;25;147.77;147.77;
2026;07;08;26;160.88;160.88;
2026;07;08;27;163.30;163.30;
2026;07;08;28;164.70;164.70;
2026;07;08;29;167.66;167.66;
2026;07;08;30;165.00;165.00;
2026;07;08;31;163.02;163.02;
2026;07;08;32;162.50;162.50;
2026;07;08;33;148.99;148.99;
2026;07;08;34;155.00;140.50;
2026;07;08;35;145.50;121.41;
2026;07;08;36;111.01;111.01;
2026;07;08;37;126.26;126.26;
2026;07;08;38;113.32;113.32;
2026;07;08;39;90.20;78.71;
2026;07;08;40;90.20;50.24;
2026;07;08;41;90.20;87.13;
2026;07;08;42;87.50;69.55;
2026;07;08;43;87.50;48.39;
2026;07;08;44;87.50;13.23;
2026;07;08;45;93.30;41.27;
2026;07;08;46;101.00;34.17;
2026;07;08;47;101.00;38.05;
2026;07;08;48;101.00;18.06;
2026;07;08;49;94.56;42.74;
2026;07;08;50;94.56;22.59;
2026;07;08;51;94.56;30.86;
2026;07;08;52;94.56;26.80;
2026;07;08;53;94.56;18.79;
2026;07;08;54;92.37;22.86;
2026;07;08;55;92.37;15.00;
2026;07;08;56;90.67;10.00;
2026;07;08;57;90.67;12.50;
2026;07;08;58;90.67;25.08;
2026;07;08;59;90.67;16.26;
2026;07;08;60;92.37;9.06;
2026;07;08;61;92.37;10.60;
2026;07;08;62;92.37;14.11;
2026;07;08;63;92.37;5.00;
2026;07;08;64;92.37;12.04;
2026;07;08;65;92.37;2.27;
2026;07;08;66;92.37;23.35;
2026;07;08;67;92.37;37.02;
2026;07;08;68;92.37;49.05;
2026;07;08;69;92.37;71.50;
2026;07;08;70;92.37;88.00;
2026;07;08;71;92.37;88.74;
2026;07;08;72;95.00;95.00;
2026;07;08;73;94.56;93.60;
2026;07;08;74;100.31;100.31;
2026;07;08;75;111.56;111.56;
2026;07;08;76;111.00;111.00;
2026;07;08;77;110.70;110.70;
2026;07;08;78;116.03;116.03;
2026;07;08;79;129.28;129.28;
2026;07;08;80;148.67;148.67;
2026;07;08;81;117.00;117.00;
2026;07;08;82;144.00;144.00;
2026;07;08;83;150.16;150.16;
2026;07;08;84;160.28;160.28;
2026;07;08;85;153.01;153.01;
2026;07;08;86;160.06;160.06;
2026;07;08;87;160.00;160.00;
2026;07;08;88;158.60;158.60;
2026;07;08;89;161.82;161.82;
2026;07;08;90;160.65;160.65;
2026;07;08;91;158.72;158.72;
2026;07;08;92;150.00;150.00;
2026;07;08;93;151.46;151.46;
2026;07;08;94;144.01;144.01;
2026;07;08;95;142.06;142.06;
2026;07;08;96;136.63;136.63;
*
