MARGINALPIBC;
2026;01;23;1;20.00;20.00;
2026;01;23;2;20.00;20.00;
2026;01;23;3;14.90;14.90;
2026;01;23;4;16.81;16.81;
2026;01;23;5;15.11;15.11;
2026;01;23;6;10.00;10.00;
2026;01;23;7;5.00;5.00;
2026;01;23;8;1.17;1.17;
2026;01;23;9;23.20;23.20;
2026;01;23;10;15.79;15.79;
2026;01;23;11;15.11;15.11;
2026;01;23;12;18.95;18.95;
2026;01;23;13;22.00;22.00;
2026;01;23;14;18.30;18.30;
2026;01;23;15;20.75;20.75;
2026;01;23;16;17.60;17.60;
2026;01;23;17;19.70;19.70;
2026;01;23;18;19.70;19.70;
2026;01;23;19;20.85;20.85;
2026;01;23;20;26.48;26.48;
2026;01;23;21;31.48;31.48;
2026;01;23;22;35.68;35.68;
2026;01;23;23;36.27;36.27;
2026;01;23;24;40.00;40.00;
2026;01;23;25;39.99;39.99;
2026;01;23;26;48.50;48.50;
2026;01;23;27;50.74;50.74;
2026;01;23;28;48.20;48.20;
2026;01;23;29;60.77;60.77;
2026;01;23;30;89.00;89.00;
2026;01;23;31;89.00;89.00;
2026;01;23;32;89.00;89.00;
2026;01;23;33;89.00;89.00;
2026;01;23;34;95.33;95.33;
2026;01;23;35;92.50;92.50;
2026;01;23;36;97.50;97.50;
2026;01;23;37;86.30;86.30;
2026;01;23;38;50.93;50.93;
2026;01;23;39;40.51;40.51;
2026;01;23;40;47.17;47.17;
2026;01;23;41;49.30;49.30;
2026;01;23;42;30.10;30.10;
2026;01;23;43;25.63;25.63;
2026;01;23;44;12.00;12.00;
2026;01;23;45;20.00;20.00;
2026;01;23;46;15.62;15.62;
2026;01;23;47;5.96;5.96;
2026;01;23;48;5.95;5.95;
2026;01;23;49;1.01;1.01;
2026;01;23;50;1.50;1.50;
2026;01;23;51;0.98;.98;
2026;01;23;52;0.91;.91;
2026;01;23;53;0.00;.00;
2026;01;23;54;0.90;.90;
2026;01;23;55;0.99;.99;
2026;01;23;56;0.96;.96;
2026;01;23;57;0.99;.99;
2026;01;23;58;2.44;2.44;
2026;01;23;59;5.44;5.44;
2026;01;23;60;8.78;8.78;
2026;01;23;61;10.87;10.87;
2026;01;23;62;16.10;16.10;
2026;01;23;63;30.71;30.71;
2026;01;23;64;50.94;50.94;
2026;01;23;65;39.85;39.85;
2026;01;23;66;46.40;46.40;
2026;01;23;67;30.10;30.10;
2026;01;23;68;49.30;49.30;
2026;01;23;69;36.00;36.00;
2026;01;23;70;49.78;49.78;
2026;01;23;71;54.01;54.01;
2026;01;23;72;56.00;70.51;
2026;01;23;73;62.69;62.69;
2026;01;23;74;69.11;77.45;
2026;01;23;75;70.75;97.50;
2026;01;23;76;80.96;105.04;
2026;01;23;77;87.00;102.66;
2026;01;23;78;92.00;111.81;
2026;01;23;79;100.00;112.00;
2026;01;23;80;105.00;115.00;
2026;01;23;81;93.47;119.00;
2026;01;23;82;97.47;119.31;
2026;01;23;83;90.69;114.00;
2026;01;23;84;87.69;109.00;
2026;01;23;85;65.00;110.69;
2026;01;23;86;55.00;105.28;
2026;01;23;87;50.00;92.00;
2026;01;23;88;42.34;85.00;
2026;01;23;89;53.20;89.18;
2026;01;23;90;46.36;75.07;
2026;01;23;91;31.10;72.77;
2026;01;23;92;50.59;63.00;
2026;01;23;93;24.44;62.75;
2026;01;23;94;54.00;54.00;
2026;01;23;95;47.51;47.51;
2026;01;23;96;43.75;43.75;
*
