MARGINALPIBC;
2026;04;30;1;108.06;108.06;
2026;04;30;2;108.70;108.70;
2026;04;30;3;107.93;107.93;
2026;04;30;4;104.67;104.67;
2026;04;30;5;107.74;107.74;
2026;04;30;6;107.04;107.04;
2026;04;30;7;105.13;105.13;
2026;04;30;8;106.19;106.19;
2026;04;30;9;106.06;106.06;
2026;04;30;10;104.55;104.55;
2026;04;30;11;103.69;103.69;
2026;04;30;12;103.26;103.26;
2026;04;30;13;103.70;103.70;
2026;04;30;14;103.70;103.70;
2026;04;30;15;103.90;103.90;
2026;04;30;16;103.70;103.70;
2026;04;30;17;103.50;103.50;
2026;04;30;18;103.70;103.70;
2026;04;30;19;105.40;105.40;
2026;04;30;20;105.13;105.13;
2026;04;30;21;101.90;101.90;
2026;04;30;22;98.99;98.99;
2026;04;30;23;100.99;100.99;
2026;04;30;24;91.48;91.48;
2026;04;30;25;97.82;97.82;
2026;04;30;26;104.77;104.77;
2026;04;30;27;104.52;104.52;
2026;04;30;28;106.24;106.24;
2026;04;30;29;120.00;120.00;
2026;04;30;30;126.66;126.66;
2026;04;30;31;129.63;129.63;
2026;04;30;32;126.66;126.66;
2026;04;30;33;126.66;126.66;
2026;04;30;34;116.66;116.66;
2026;04;30;35;110.65;110.65;
2026;04;30;36;107.22;107.22;
2026;04;30;37;107.71;107.71;
2026;04;30;38;102.22;102.22;
2026;04;30;39;63.70;63.70;
2026;04;30;40;48.68;48.68;
2026;04;30;41;58.71;58.71;
2026;04;30;42;24.50;24.50;
2026;04;30;43;11.50;11.50;
2026;04;30;44;7.50;5.70;
2026;04;30;45;8.25;1.45;
2026;04;30;46;7.93;1.00;
2026;04;30;47;7.34;.00;
2026;04;30;48;7.01;-.07;
2026;04;30;49;8.50;.01;
2026;04;30;50;8.50;-.07;
2026;04;30;51;8.50;.00;
2026;04;30;52;8.50;.00;
2026;04;30;53;8.50;-.07;
2026;04;30;54;8.50;-.07;
2026;04;30;55;8.25;-.07;
2026;04;30;56;7.93;-1.00;
2026;04;30;57;6.50;-1.25;
2026;04;30;58;6.50;-.50;
2026;04;30;59;7.50;-.99;
2026;04;30;60;7.93;-1.25;
2026;04;30;61;8.00;-.99;
2026;04;30;62;8.25;-1.01;
2026;04;30;63;8.25;-.50;
2026;04;30;64;8.25;-.07;
2026;04;30;65;8.25;.00;
2026;04;30;66;8.50;.61;
2026;04;30;67;8.50;.81;
2026;04;30;68;20.33;3.18;
2026;04;30;69;8.50;1.00;
2026;04;30;70;8.50;.84;
2026;04;30;71;20.33;1.54;
2026;04;30;72;20.33;12.05;
2026;04;30;73;19.87;19.87;
2026;04;30;74;33.98;33.98;
2026;04;30;75;43.52;43.52;
2026;04;30;76;58.70;58.70;
2026;04;30;77;49.28;49.28;
2026;04;30;78;64.00;64.00;
2026;04;30;79;81.00;81.00;
2026;04;30;80;94.33;94.33;
2026;04;30;81;106.28;106.28;
2026;04;30;82;113.25;113.25;
2026;04;30;83;120.00;120.00;
2026;04;30;84;126.39;126.39;
2026;04;30;85;127.66;127.66;
2026;04;30;86;120.54;120.54;
2026;04;30;87;120.54;120.54;
2026;04;30;88;120.54;120.54;
2026;04;30;89;111.90;111.90;
2026;04;30;90;111.56;111.56;
2026;04;30;91;111.56;111.56;
2026;04;30;92;108.52;108.52;
2026;04;30;93;107.94;107.94;
2026;04;30;94;104.77;104.77;
2026;04;30;95;104.00;104.00;
2026;04;30;96;101.32;101.32;
*
