MARGINALPIBC;
2026;02;11;1;0.02;.02;
2026;02;11;2;0.02;.02;
2026;02;11;3;0.00;.00;
2026;02;11;4;0.00;.00;
2026;02;11;5;0.00;.00;
2026;02;11;6;0.00;.00;
2026;02;11;7;0.00;.00;
2026;02;11;8;0.00;.00;
2026;02;11;9;0.00;.00;
2026;02;11;10;0.00;.00;
2026;02;11;11;0.00;.00;
2026;02;11;12;-0.50;-.50;
2026;02;11;13;0.00;.00;
2026;02;11;14;0.00;.00;
2026;02;11;15;0.00;.00;
2026;02;11;16;-0.01;-.01;
2026;02;11;17;-0.01;-.01;
2026;02;11;18;-0.01;-.01;
2026;02;11;19;0.00;.00;
2026;02;11;20;0.00;.00;
2026;02;11;21;0.00;.00;
2026;02;11;22;0.00;.00;
2026;02;11;23;0.00;.00;
2026;02;11;24;0.00;.00;
2026;02;11;25;0.00;.00;
2026;02;11;26;0.00;.00;
2026;02;11;27;0.02;1.72;
2026;02;11;28;0.02;1.98;
2026;02;11;29;0.02;1.98;
2026;02;11;30;0.02;3.78;
2026;02;11;31;0.03;3.78;
2026;02;11;32;0.04;3.78;
2026;02;11;33;0.09;3.78;
2026;02;11;34;1.02;5.37;
2026;02;11;35;1.02;11.28;
2026;02;11;36;1.02;4.28;
2026;02;11;37;1.03;3.78;
2026;02;11;38;1.03;3.78;
2026;02;11;39;1.04;3.78;
2026;02;11;40;1.00;3.78;
2026;02;11;41;3.78;3.78;
2026;02;11;42;3.78;3.78;
2026;02;11;43;3.78;3.78;
2026;02;11;44;1.98;1.98;
2026;02;11;45;2.00;2.00;
2026;02;11;46;1.98;1.98;
2026;02;11;47;1.98;1.98;
2026;02;11;48;1.98;1.98;
2026;02;11;49;0.10;.10;
2026;02;11;50;0.02;.02;
2026;02;11;51;0.02;.02;
2026;02;11;52;0.02;.02;
2026;02;11;53;1.98;1.98;
2026;02;11;54;1.98;1.98;
2026;02;11;55;1.98;1.98;
2026;02;11;56;1.98;1.98;
2026;02;11;57;1.00;1.00;
2026;02;11;58;1.05;1.05;
2026;02;11;59;1.98;1.98;
2026;02;11;60;1.98;1.98;
2026;02;11;61;1.98;1.98;
2026;02;11;62;1.98;1.98;
2026;02;11;63;1.98;1.98;
2026;02;11;64;1.98;1.98;
2026;02;11;65;1.05;1.50;
2026;02;11;66;0.79;1.98;
2026;02;11;67;0.97;2.00;
2026;02;11;68;0.98;3.78;
2026;02;11;69;0.55;3.78;
2026;02;11;70;0.55;3.78;
2026;02;11;71;0.59;3.78;
2026;02;11;72;0.79;5.37;
2026;02;11;73;0.08;5.37;
2026;02;11;74;0.11;7.00;
2026;02;11;75;0.33;5.93;
2026;02;11;76;0.50;5.10;
2026;02;11;77;0.55;12.00;
2026;02;11;78;0.59;24.75;
2026;02;11;79;0.79;27.10;
2026;02;11;80;0.80;26.75;
2026;02;11;81;2.34;28.00;
2026;02;11;82;2.34;28.70;
2026;02;11;83;2.39;18.72;
2026;02;11;84;2.34;8.50;
2026;02;11;85;2.34;10.00;
2026;02;11;86;2.01;4.50;
2026;02;11;87;0.98;3.06;
2026;02;11;88;0.97;1.56;
2026;02;11;89;0.79;5.37;
2026;02;11;90;0.79;1.69;
2026;02;11;91;0.55;3.78;
2026;02;11;92;0.33;3.78;
2026;02;11;93;0.33;2.00;
2026;02;11;94;0.08;1.98;
2026;02;11;95;0.03;1.98;
2026;02;11;96;0.01;.01;
*
