MARGINALPIBC;
2026;01;02;1;72.30;72.30;
2026;01;02;2;71.80;71.80;
2026;01;02;3;62.74;62.74;
2026;01;02;4;40.00;40.00;
2026;01;02;5;36.88;36.88;
2026;01;02;6;30.25;30.25;
2026;01;02;7;30.00;30.00;
2026;01;02;8;25.57;25.57;
2026;01;02;9;30.00;30.00;
2026;01;02;10;25.35;25.35;
2026;01;02;11;41.93;41.93;
2026;01;02;12;28.73;28.73;
2026;01;02;13;28.72;28.72;
2026;01;02;14;22.77;22.77;
2026;01;02;15;20.10;20.10;
2026;01;02;16;21.92;21.92;
2026;01;02;17;20.18;20.18;
2026;01;02;18;20.10;20.10;
2026;01;02;19;21.62;21.62;
2026;01;02;20;21.75;21.75;
2026;01;02;21;21.19;21.19;
2026;01;02;22;22.89;22.89;
2026;01;02;23;28.19;28.19;
2026;01;02;24;37.07;37.07;
2026;01;02;25;47.43;47.43;
2026;01;02;26;58.37;58.37;
2026;01;02;27;60.00;60.00;
2026;01;02;28;61.60;61.60;
2026;01;02;29;63.12;63.12;
2026;01;02;30;72.30;72.30;
2026;01;02;31;73.62;73.62;
2026;01;02;32;75.40;75.40;
2026;01;02;33;73.32;73.32;
2026;01;02;34;83.90;83.90;
2026;01;02;35;86.30;86.30;
2026;01;02;36;86.72;86.72;
2026;01;02;37;100.50;100.50;
2026;01;02;38;95.21;95.21;
2026;01;02;39;88.00;88.00;
2026;01;02;40;82.49;82.49;
2026;01;02;41;98.97;98.97;
2026;01;02;42;90.39;90.39;
2026;01;02;43;84.52;84.52;
2026;01;02;44;77.22;77.22;
2026;01;02;45;89.97;89.97;
2026;01;02;46;89.04;89.04;
2026;01;02;47;84.53;84.53;
2026;01;02;48;80.67;80.67;
2026;01;02;49;85.07;85.07;
2026;01;02;50;84.40;84.40;
2026;01;02;51;87.64;87.64;
2026;01;02;52;87.64;87.64;
2026;01;02;53;72.60;72.60;
2026;01;02;54;76.27;76.27;
2026;01;02;55;78.70;78.70;
2026;01;02;56;80.48;80.48;
2026;01;02;57;80.00;80.00;
2026;01;02;58;82.33;82.33;
2026;01;02;59;85.20;85.20;
2026;01;02;60;85.67;85.67;
2026;01;02;61;85.24;85.24;
2026;01;02;62;85.80;85.80;
2026;01;02;63;87.64;87.64;
2026;01;02;64;92.10;92.10;
2026;01;02;65;89.31;89.31;
2026;01;02;66;93.47;93.47;
2026;01;02;67;95.10;95.10;
2026;01;02;68;97.60;97.60;
2026;01;02;69;92.30;92.30;
2026;01;02;70;100.50;100.50;
2026;01;02;71;101.00;101.00;
2026;01;02;72;105.00;105.00;
2026;01;02;73;101.74;101.74;
2026;01;02;74;102.82;104.80;
2026;01;02;75;103.74;106.87;
2026;01;02;76;106.17;109.91;
2026;01;02;77;102.81;106.11;
2026;01;02;78;102.81;102.81;
2026;01;02;79;103.54;105.07;
2026;01;02;80;103.54;105.00;
2026;01;02;81;100.64;100.64;
2026;01;02;82;97.04;97.04;
2026;01;02;83;98.40;98.40;
2026;01;02;84;95.19;95.19;
2026;01;02;85;98.60;98.60;
2026;01;02;86;95.78;95.78;
2026;01;02;87;93.53;93.53;
2026;01;02;88;89.91;89.91;
2026;01;02;89;92.64;92.64;
2026;01;02;90;89.64;89.64;
2026;01;02;91;95.08;95.08;
2026;01;02;92;89.86;89.86;
2026;01;02;93;94.04;94.04;
2026;01;02;94;94.74;94.74;
2026;01;02;95;94.50;94.50;
2026;01;02;96;87.92;87.92;
*
