MARGINALPIBC;
2026;06;05;1;83.61;83.61;
2026;06;05;2;87.27;87.27;
2026;06;05;3;82.71;82.71;
2026;06;05;4;79.04;79.04;
2026;06;05;5;79.48;79.48;
2026;06;05;6;77.47;77.47;
2026;06;05;7;75.00;75.00;
2026;06;05;8;74.40;74.40;
2026;06;05;9;65.00;65.00;
2026;06;05;10;55.61;55.61;
2026;06;05;11;72.75;72.75;
2026;06;05;12;83.28;83.28;
2026;06;05;13;70.48;70.48;
2026;06;05;14;66.78;66.78;
2026;06;05;15;70.48;70.48;
2026;06;05;16;69.22;69.22;
2026;06;05;17;70.48;70.48;
2026;06;05;18;68.54;68.54;
2026;06;05;19;65.83;65.83;
2026;06;05;20;51.35;51.35;
2026;06;05;21;49.80;49.80;
2026;06;05;22;49.80;49.80;
2026;06;05;23;49.80;49.80;
2026;06;05;24;49.80;49.80;
2026;06;05;25;44.62;44.62;
2026;06;05;26;49.50;49.50;
2026;06;05;27;56.83;56.83;
2026;06;05;28;58.78;58.78;
2026;06;05;29;82.46;82.46;
2026;06;05;30;68.23;68.23;
2026;06;05;31;56.58;56.58;
2026;06;05;32;55.46;55.46;
2026;06;05;33;55.61;55.61;
2026;06;05;34;96.65;96.65;
2026;06;05;35;65.25;65.25;
2026;06;05;36;40.20;40.20;
2026;06;05;37;49.16;49.16;
2026;06;05;38;27.60;27.60;
2026;06;05;39;15.16;15.16;
2026;06;05;40;8.17;8.17;
2026;06;05;41;8.96;.00;
2026;06;05;42;6.71;2.75;
2026;06;05;43;5.11;4.62;
2026;06;05;44;4.07;-.07;
2026;06;05;45;8.37;-3.82;
2026;06;05;46;8.05;-2.39;
2026;06;05;47;7.80;-5.52;
2026;06;05;48;6.60;-6.00;
2026;06;05;49;7.11;7.11;
2026;06;05;50;10.29;10.29;
2026;06;05;51;14.12;14.12;
2026;06;05;52;9.24;9.24;
2026;06;05;53;7.80;7.80;
2026;06;05;54;7.14;7.14;
2026;06;05;55;6.00;6.00;
2026;06;05;56;5.95;5.41;
2026;06;05;57;6.42;6.42;
2026;06;05;58;6.16;6.16;
2026;06;05;59;5.95;5.95;
2026;06;05;60;5.59;5.59;
2026;06;05;61;2.96;.34;
2026;06;05;62;2.73;.00;
2026;06;05;63;2.63;-.07;
2026;06;05;64;2.00;-.07;
2026;06;05;65;2.63;.84;
2026;06;05;66;2.00;.85;
2026;06;05;67;2.96;2.96;
2026;06;05;68;6.00;6.00;
2026;06;05;69;6.83;6.83;
2026;06;05;70;7.20;7.20;
2026;06;05;71;15.00;15.00;
2026;06;05;72;29.00;29.00;
2026;06;05;73;22.63;22.63;
2026;06;05;74;29.79;29.79;
2026;06;05;75;25.98;25.98;
2026;06;05;76;32.91;32.91;
2026;06;05;77;26.49;26.49;
2026;06;05;78;20.53;20.53;
2026;06;05;79;68.77;68.77;
2026;06;05;80;74.96;74.96;
2026;06;05;81;79.87;79.87;
2026;06;05;82;94.94;94.94;
2026;06;05;83;112.00;112.00;
2026;06;05;84;131.18;131.18;
2026;06;05;85;117.90;117.90;
2026;06;05;86;125.01;125.01;
2026;06;05;87;128.85;128.85;
2026;06;05;88;126.40;126.40;
2026;06;05;89;134.18;134.18;
2026;06;05;90;132.68;132.68;
2026;06;05;91;135.00;135.00;
2026;06;05;92;131.51;131.51;
2026;06;05;93;133.20;133.20;
2026;06;05;94;126.68;126.68;
2026;06;05;95;130.75;130.75;
2026;06;05;96;114.53;114.53;
*
