MARGINALPIBC;
2026;06;17;1;147.23;147.23;
2026;06;17;2;141.67;141.67;
2026;06;17;3;138.10;138.10;
2026;06;17;4;136.40;136.40;
2026;06;17;5;134.74;134.74;
2026;06;17;6;132.41;132.41;
2026;06;17;7;130.26;130.26;
2026;06;17;8;121.27;121.27;
2026;06;17;9;131.18;131.18;
2026;06;17;10;133.60;133.60;
2026;06;17;11;137.01;137.01;
2026;06;17;12;136.60;136.60;
2026;06;17;13;140.17;140.17;
2026;06;17;14;140.01;140.01;
2026;06;17;15;138.17;138.17;
2026;06;17;16;138.17;138.17;
2026;06;17;17;136.60;136.60;
2026;06;17;18;136.60;136.60;
2026;06;17;19;136.61;136.61;
2026;06;17;20;137.72;137.72;
2026;06;17;21;138.17;138.17;
2026;06;17;22;136.60;136.60;
2026;06;17;23;137.14;137.14;
2026;06;17;24;136.60;136.60;
2026;06;17;25;135.40;135.40;
2026;06;17;26;135.51;135.51;
2026;06;17;27;138.17;138.17;
2026;06;17;28;138.17;138.17;
2026;06;17;29;145.01;145.01;
2026;06;17;30;145.01;145.01;
2026;06;17;31;140.17;140.17;
2026;06;17;32;127.55;127.55;
2026;06;17;33;134.25;134.25;
2026;06;17;34;118.00;118.00;
2026;06;17;35;105.38;105.38;
2026;06;17;36;94.66;90.49;
2026;06;17;37;107.47;107.47;
2026;06;17;38;97.87;97.87;
2026;06;17;39;89.50;89.50;
2026;06;17;40;81.04;81.04;
2026;06;17;41;86.98;86.98;
2026;06;17;42;76.05;76.05;
2026;06;17;43;67.50;67.50;
2026;06;17;44;62.51;55.56;
2026;06;17;45;67.05;65.38;
2026;06;17;46;62.17;60.50;
2026;06;17;47;60.67;56.20;
2026;06;17;48;50.87;45.36;
2026;06;17;49;80.80;55.50;
2026;06;17;50;80.80;46.60;
2026;06;17;51;67.17;45.80;
2026;06;17;52;67.17;30.50;
2026;06;17;53;80.79;17.10;
2026;06;17;54;67.16;12.53;
2026;06;17;55;62.16;5.27;
2026;06;17;56;62.16;9.60;
2026;06;17;57;61.24;32.88;
2026;06;17;58;61.24;41.16;
2026;06;17;59;62.01;36.50;
2026;06;17;60;67.00;31.31;
2026;06;17;61;47.23;41.69;
2026;06;17;62;55.34;49.80;
2026;06;17;63;45.84;40.30;
2026;06;17;64;56.46;50.72;
2026;06;17;65;54.55;50.25;
2026;06;17;66;57.74;57.74;
2026;06;17;67;58.74;58.74;
2026;06;17;68;64.99;64.99;
2026;06;17;69;70.09;70.09;
2026;06;17;70;73.99;73.99;
2026;06;17;71;78.88;78.88;
2026;06;17;72;78.40;78.40;
2026;06;17;73;85.86;85.86;
2026;06;17;74;86.97;86.97;
2026;06;17;75;86.21;86.21;
2026;06;17;76;96.78;96.78;
2026;06;17;77;88.38;88.38;
2026;06;17;78;95.13;95.13;
2026;06;17;79;105.06;105.06;
2026;06;17;80;134.48;134.48;
2026;06;17;81;115.14;115.14;
2026;06;17;82;129.96;129.96;
2026;06;17;83;140.01;140.01;
2026;06;17;84;150.00;150.00;
2026;06;17;85;149.03;149.03;
2026;06;17;86;153.10;153.10;
2026;06;17;87;157.47;157.47;
2026;06;17;88;150.00;150.00;
2026;06;17;89;157.13;157.13;
2026;06;17;90;148.94;148.94;
2026;06;17;91;151.54;151.54;
2026;06;17;92;141.35;141.35;
2026;06;17;93;140.12;140.12;
2026;06;17;94;132.67;132.67;
2026;06;17;95;132.67;132.67;
2026;06;17;96;128.37;128.37;
*
