MARGINALPIBC;
2026;01;08;1;98.36;98.36;
2026;01;08;2;97.28;97.28;
2026;01;08;3;92.39;92.39;
2026;01;08;4;90.05;90.05;
2026;01;08;5;93.86;93.86;
2026;01;08;6;91.23;91.23;
2026;01;08;7;89.30;89.30;
2026;01;08;8;90.30;90.30;
2026;01;08;9;90.48;90.48;
2026;01;08;10;89.30;89.30;
2026;01;08;11;88.20;88.20;
2026;01;08;12;86.87;86.87;
2026;01;08;13;86.87;86.87;
2026;01;08;14;84.66;84.66;
2026;01;08;15;74.37;74.37;
2026;01;08;16;63.10;63.10;
2026;01;08;17;60.01;60.01;
2026;01;08;18;60.00;60.00;
2026;01;08;19;60.00;60.00;
2026;01;08;20;60.56;60.56;
2026;01;08;21;61.94;61.94;
2026;01;08;22;65.00;65.00;
2026;01;08;23;86.87;86.87;
2026;01;08;24;88.37;88.37;
2026;01;08;25;58.49;58.49;
2026;01;08;26;62.87;62.87;
2026;01;08;27;81.10;81.10;
2026;01;08;28;76.87;76.87;
2026;01;08;29;82.59;82.59;
2026;01;08;30;88.87;88.87;
2026;01;08;31;79.20;79.20;
2026;01;08;32;80.42;80.42;
2026;01;08;33;81.98;81.98;
2026;01;08;34;90.15;90.15;
2026;01;08;35;100.53;100.53;
2026;01;08;36;100.53;100.53;
2026;01;08;37;100.53;100.53;
2026;01;08;38;90.15;90.15;
2026;01;08;39;90.18;90.18;
2026;01;08;40;64.90;64.90;
2026;01;08;41;84.09;84.09;
2026;01;08;42;89.35;89.35;
2026;01;08;43;82.54;82.54;
2026;01;08;44;54.35;54.35;
2026;01;08;45;87.77;87.77;
2026;01;08;46;80.22;80.22;
2026;01;08;47;41.37;41.37;
2026;01;08;48;40.00;40.00;
2026;01;08;49;69.75;69.75;
2026;01;08;50;64.35;64.35;
2026;01;08;51;60.00;60.00;
2026;01;08;52;62.10;62.10;
2026;01;08;53;57.70;57.70;
2026;01;08;54;56.70;56.70;
2026;01;08;55;53.75;53.75;
2026;01;08;56;57.79;57.79;
2026;01;08;57;57.00;57.00;
2026;01;08;58;56.70;56.70;
2026;01;08;59;57.90;57.90;
2026;01;08;60;60.20;60.20;
2026;01;08;61;65.00;65.00;
2026;01;08;62;71.67;71.67;
2026;01;08;63;80.05;80.05;
2026;01;08;64;70.24;70.24;
2026;01;08;65;78.85;78.85;
2026;01;08;66;71.33;71.33;
2026;01;08;67;88.30;88.30;
2026;01;08;68;92.02;92.02;
2026;01;08;69;82.49;82.49;
2026;01;08;70;87.20;87.20;
2026;01;08;71;92.19;92.19;
2026;01;08;72;92.19;92.19;
2026;01;08;73;90.35;90.35;
2026;01;08;74;90.61;90.61;
2026;01;08;75;90.15;90.15;
2026;01;08;76;90.15;90.15;
2026;01;08;77;94.08;94.08;
2026;01;08;78;96.43;96.43;
2026;01;08;79;95.56;95.56;
2026;01;08;80;94.55;94.55;
2026;01;08;81;96.39;96.39;
2026;01;08;82;96.21;96.21;
2026;01;08;83;91.80;91.80;
2026;01;08;84;93.20;93.20;
2026;01;08;85;92.19;92.19;
2026;01;08;86;93.31;93.31;
2026;01;08;87;95.86;95.86;
2026;01;08;88;89.42;89.42;
2026;01;08;89;94.30;94.30;
2026;01;08;90;91.62;91.62;
2026;01;08;91;94.21;94.21;
2026;01;08;92;89.16;89.16;
2026;01;08;93;92.76;92.76;
2026;01;08;94;84.65;84.65;
2026;01;08;95;76.33;76.33;
2026;01;08;96;62.69;62.69;
*
