MARGINALPIBC;
2026;05;02;1;90.34;90.34;
2026;05;02;2;92.20;92.20;
2026;05;02;3;75.89;75.89;
2026;05;02;4;62.99;62.99;
2026;05;02;5;78.51;78.51;
2026;05;02;6;85.69;85.69;
2026;05;02;7;92.03;92.03;
2026;05;02;8;87.40;87.40;
2026;05;02;9;77.26;77.26;
2026;05;02;10;65.04;65.04;
2026;05;02;11;65.88;65.88;
2026;05;02;12;67.22;67.22;
2026;05;02;13;77.00;77.00;
2026;05;02;14;84.17;84.17;
2026;05;02;15;92.01;92.01;
2026;05;02;16;88.69;88.69;
2026;05;02;17;67.62;67.62;
2026;05;02;18;73.65;73.65;
2026;05;02;19;74.17;74.17;
2026;05;02;20;66.12;66.12;
2026;05;02;21;84.17;84.17;
2026;05;02;22;88.81;88.81;
2026;05;02;23;88.67;88.67;
2026;05;02;24;92.01;92.01;
2026;05;02;25;92.73;92.73;
2026;05;02;26;95.80;95.80;
2026;05;02;27;95.80;95.80;
2026;05;02;28;93.97;93.97;
2026;05;02;29;83.91;83.91;
2026;05;02;30;78.55;78.55;
2026;05;02;31;80.98;80.98;
2026;05;02;32;73.29;73.29;
2026;05;02;33;60.49;60.49;
2026;05;02;34;59.04;59.04;
2026;05;02;35;34.68;34.68;
2026;05;02;36;30.63;30.63;
2026;05;02;37;60.00;60.00;
2026;05;02;38;60.50;60.50;
2026;05;02;39;45.23;45.23;
2026;05;02;40;36.65;36.65;
2026;05;02;41;49.50;49.50;
2026;05;02;42;65.10;65.10;
2026;05;02;43;53.21;53.21;
2026;05;02;44;38.58;38.58;
2026;05;02;45;20.50;20.50;
2026;05;02;46;13.97;13.97;
2026;05;02;47;5.41;5.41;
2026;05;02;48;3.08;3.08;
2026;05;02;49;4.55;3.08;
2026;05;02;50;5.84;3.08;
2026;05;02;51;5.75;.84;
2026;05;02;52;5.51;.84;
2026;05;02;53;5.01;.84;
2026;05;02;54;5.01;.84;
2026;05;02;55;5.00;.84;
2026;05;02;56;5.00;.84;
2026;05;02;57;5.00;.84;
2026;05;02;58;5.00;.84;
2026;05;02;59;5.00;.84;
2026;05;02;60;5.00;.00;
2026;05;02;61;3.01;.00;
2026;05;02;62;3.01;.00;
2026;05;02;63;3.00;.00;
2026;05;02;64;2.32;.00;
2026;05;02;65;1.75;.00;
2026;05;02;66;1.75;.01;
2026;05;02;67;1.45;.00;
2026;05;02;68;1.50;.50;
2026;05;02;69;1.06;.84;
2026;05;02;70;1.50;1.50;
2026;05;02;71;5.41;5.41;
2026;05;02;72;11.05;11.05;
2026;05;02;73;5.41;5.41;
2026;05;02;74;12.81;12.81;
2026;05;02;75;22.76;22.76;
2026;05;02;76;37.62;37.62;
2026;05;02;77;42.69;42.69;
2026;05;02;78;63.25;63.25;
2026;05;02;79;64.44;64.44;
2026;05;02;80;62.97;62.97;
2026;05;02;81;50.24;50.24;
2026;05;02;82;88.02;88.02;
2026;05;02;83;96.07;96.07;
2026;05;02;84;98.91;98.91;
2026;05;02;85;99.76;99.76;
2026;05;02;86;101.20;101.20;
2026;05;02;87;103.39;103.39;
2026;05;02;88;98.42;98.42;
2026;05;02;89;98.58;98.58;
2026;05;02;90;96.12;96.12;
2026;05;02;91;98.58;98.58;
2026;05;02;92;90.80;90.80;
2026;05;02;93;88.83;88.83;
2026;05;02;94;88.23;88.23;
2026;05;02;95;88.08;88.08;
2026;05;02;96;83.36;83.36;
*
