MARGINALPIBC;
2026;07;12;1;140.51;140.51;
2026;07;12;2;139.38;139.38;
2026;07;12;3;133.70;133.70;
2026;07;12;4;128.00;128.00;
2026;07;12;5;131.02;131.02;
2026;07;12;6;128.67;128.67;
2026;07;12;7;127.56;127.56;
2026;07;12;8;123.66;123.66;
2026;07;12;9;125.59;125.59;
2026;07;12;10;125.00;125.00;
2026;07;12;11;125.00;125.00;
2026;07;12;12;125.13;125.13;
2026;07;12;13;130.50;130.50;
2026;07;12;14;130.00;130.00;
2026;07;12;15;129.03;129.03;
2026;07;12;16;128.00;128.00;
2026;07;12;17;126.37;126.37;
2026;07;12;18;126.00;126.00;
2026;07;12;19;126.02;126.02;
2026;07;12;20;127.01;127.01;
2026;07;12;21;125.99;125.99;
2026;07;12;22;125.70;125.70;
2026;07;12;23;125.78;125.78;
2026;07;12;24;125.37;125.37;
2026;07;12;25;128.17;128.17;
2026;07;12;26;128.72;128.72;
2026;07;12;27;129.93;129.93;
2026;07;12;28;130.10;130.10;
2026;07;12;29;128.17;128.17;
2026;07;12;30;125.30;125.30;
2026;07;12;31;121.93;121.93;
2026;07;12;32;105.00;105.00;
2026;07;12;33;106.56;106.56;
2026;07;12;34;88.43;88.43;
2026;07;12;35;67.94;67.94;
2026;07;12;36;48.90;48.90;
2026;07;12;37;40.76;40.76;
2026;07;12;38;11.95;11.95;
2026;07;12;39;5.88;5.88;
2026;07;12;40;1.95;1.95;
2026;07;12;41;3.98;3.98;
2026;07;12;42;1.00;1.00;
2026;07;12;43;0.00;.00;
2026;07;12;44;0.00;.00;
2026;07;12;45;0.00;.00;
2026;07;12;46;0.00;.00;
2026;07;12;47;0.00;.00;
2026;07;12;48;0.00;.00;
2026;07;12;49;-0.81;-.81;
2026;07;12;50;-0.81;-.81;
2026;07;12;51;-0.81;-.81;
2026;07;12;52;-0.81;-.81;
2026;07;12;53;-0.81;-.81;
2026;07;12;54;-0.81;-.81;
2026;07;12;55;-0.29;-.29;
2026;07;12;56;-0.43;-.43;
2026;07;12;57;-0.81;-.81;
2026;07;12;58;-0.81;-.81;
2026;07;12;59;-0.43;-.43;
2026;07;12;60;-0.53;-.53;
2026;07;12;61;-0.50;-.50;
2026;07;12;62;-0.50;-.50;
2026;07;12;63;-0.30;-.30;
2026;07;12;64;-0.30;-.30;
2026;07;12;65;-0.01;-.01;
2026;07;12;66;0.00;.00;
2026;07;12;67;0.00;.00;
2026;07;12;68;0.17;.17;
2026;07;12;69;0.17;.17;
2026;07;12;70;0.17;.17;
2026;07;12;71;1.00;1.00;
2026;07;12;72;4.00;4.00;
2026;07;12;73;6.78;6.78;
2026;07;12;74;12.81;12.81;
2026;07;12;75;15.76;15.76;
2026;07;12;76;35.06;35.06;
2026;07;12;77;48.77;48.77;
2026;07;12;78;62.68;62.68;
2026;07;12;79;67.96;67.96;
2026;07;12;80;93.77;93.77;
2026;07;12;81;92.47;92.47;
2026;07;12;82;126.93;126.93;
2026;07;12;83;139.00;139.00;
2026;07;12;84;146.49;146.49;
2026;07;12;85;144.19;144.19;
2026;07;12;86;146.14;146.14;
2026;07;12;87;146.88;146.88;
2026;07;12;88;156.98;156.98;
2026;07;12;89;160.00;160.00;
2026;07;12;90;160.42;160.42;
2026;07;12;91;163.42;163.42;
2026;07;12;92;160.01;160.01;
2026;07;12;93;159.42;159.42;
2026;07;12;94;158.42;158.42;
2026;07;12;95;155.85;155.85;
2026;07;12;96;149.93;149.93;
*
