MARGINALPIBC;
2026;02;18;1;0.34;65.27;
2026;02;18;2;0.34;62.02;
2026;02;18;3;-2.44;43.43;
2026;02;18;4;-2.44;15.41;
2026;02;18;5;0.34;40.60;
2026;02;18;6;0.01;20.00;
2026;02;18;7;-2.44;24.90;
2026;02;18;8;-2.46;12.84;
2026;02;18;9;0.01;16.82;
2026;02;18;10;5.90;5.90;
2026;02;18;11;4.10;4.10;
2026;02;18;12;4.00;4.00;
2026;02;18;13;3.78;3.78;
2026;02;18;14;5.00;5.00;
2026;02;18;15;5.00;5.00;
2026;02;18;16;3.78;3.78;
2026;02;18;17;3.78;3.78;
2026;02;18;18;3.78;3.78;
2026;02;18;19;3.78;3.78;
2026;02;18;20;0.97;.97;
2026;02;18;21;4.10;4.10;
2026;02;18;22;4.10;4.10;
2026;02;18;23;5.00;5.00;
2026;02;18;24;5.00;5.00;
2026;02;18;25;0.97;.97;
2026;02;18;26;4.50;4.50;
2026;02;18;27;8.62;8.62;
2026;02;18;28;20.00;20.00;
2026;02;18;29;32.12;36.39;
2026;02;18;30;32.12;60.39;
2026;02;18;31;32.12;76.36;
2026;02;18;32;32.11;80.48;
2026;02;18;33;32.11;97.58;
2026;02;18;34;0.97;92.50;
2026;02;18;35;0.34;82.98;
2026;02;18;36;0.34;75.02;
2026;02;18;37;0.34;78.23;
2026;02;18;38;0.34;45.37;
2026;02;18;39;0.34;50.24;
2026;02;18;40;9.00;35.05;
2026;02;18;41;22.50;22.50;
2026;02;18;42;13.80;13.80;
2026;02;18;43;4.85;4.85;
2026;02;18;44;3.78;3.78;
2026;02;18;45;3.78;3.78;
2026;02;18;46;3.78;3.78;
2026;02;18;47;3.78;3.78;
2026;02;18;48;2.00;2.00;
2026;02;18;49;1.79;1.79;
2026;02;18;50;1.11;1.11;
2026;02;18;51;1.11;1.08;
2026;02;18;52;1.11;1.08;
2026;02;18;53;1.11;.91;
2026;02;18;54;0.91;.91;
2026;02;18;55;0.91;.91;
2026;02;18;56;0.58;.01;
2026;02;18;57;0.58;.00;
2026;02;18;58;0.58;.00;
2026;02;18;59;0.58;.00;
2026;02;18;60;0.58;.00;
2026;02;18;61;0.58;.00;
2026;02;18;62;0.58;.00;
2026;02;18;63;0.58;.00;
2026;02;18;64;0.58;.00;
2026;02;18;65;0.91;.91;
2026;02;18;66;0.91;.91;
2026;02;18;67;1.11;1.11;
2026;02;18;68;1.79;1.79;
2026;02;18;69;1.98;1.98;
2026;02;18;70;3.78;3.78;
2026;02;18;71;0.34;3.78;
2026;02;18;72;0.97;3.78;
2026;02;18;73;2.34;2.34;
2026;02;18;74;0.01;17.07;
2026;02;18;75;3.63;25.00;
2026;02;18;76;0.99;33.90;
2026;02;18;77;3.28;35.70;
2026;02;18;78;3.49;35.70;
2026;02;18;79;8.97;36.70;
2026;02;18;80;0.70;36.60;
2026;02;18;81;8.00;37.38;
2026;02;18;82;7.00;37.49;
2026;02;18;83;8.12;33.90;
2026;02;18;84;9.62;28.54;
2026;02;18;85;8.50;24.60;
2026;02;18;86;7.50;29.10;
2026;02;18;87;4.32;23.97;
2026;02;18;88;1.79;14.00;
2026;02;18;89;0.01;21.10;
2026;02;18;90;1.20;10.87;
2026;02;18;91;8.72;8.72;
2026;02;18;92;4.14;4.14;
2026;02;18;93;3.69;3.69;
2026;02;18;94;0.97;.97;
2026;02;18;95;0.46;.46;
2026;02;18;96;0.00;.00;
*
