MARGINALPIBC;
2026;01;01;1;91.31;91.31;
2026;01;01;2;93.30;93.30;
2026;01;01;3;92.16;92.16;
2026;01;01;4;92.00;92.00;
2026;01;01;5;92.00;92.00;
2026;01;01;6;91.17;91.17;
2026;01;01;7;86.00;86.00;
2026;01;01;8;86.00;86.00;
2026;01;01;9;86.00;86.00;
2026;01;01;10;81.00;81.00;
2026;01;01;11;80.50;80.50;
2026;01;01;12;72.60;72.60;
2026;01;01;13;72.00;72.00;
2026;01;01;14;72.00;72.00;
2026;01;01;15;72.00;72.00;
2026;01;01;16;72.00;72.00;
2026;01;01;17;33.50;33.50;
2026;01;01;18;29.50;29.50;
2026;01;01;19;29.50;29.50;
2026;01;01;20;16.01;16.01;
2026;01;01;21;15.66;15.66;
2026;01;01;22;15.66;15.66;
2026;01;01;23;15.00;15.00;
2026;01;01;24;20.00;20.00;
2026;01;01;25;34.92;34.92;
2026;01;01;26;35.01;35.01;
2026;01;01;27;25.60;25.60;
2026;01;01;28;37.20;37.20;
2026;01;01;29;38.75;38.75;
2026;01;01;30;38.75;38.75;
2026;01;01;31;38.75;38.75;
2026;01;01;32;25.00;25.00;
2026;01;01;33;20.00;20.00;
2026;01;01;34;15.00;15.00;
2026;01;01;35;19.34;19.34;
2026;01;01;36;22.79;22.79;
2026;01;01;37;35.00;35.00;
2026;01;01;38;22.13;22.13;
2026;01;01;39;21.00;21.00;
2026;01;01;40;20.00;20.00;
2026;01;01;41;62.00;62.00;
2026;01;01;42;63.00;63.00;
2026;01;01;43;63.00;63.00;
2026;01;01;44;72.51;72.51;
2026;01;01;45;75.40;75.40;
2026;01;01;46;75.00;75.00;
2026;01;01;47;75.00;75.00;
2026;01;01;48;75.00;75.00;
2026;01;01;49;74.61;74.61;
2026;01;01;50;73.00;73.00;
2026;01;01;51;67.76;67.76;
2026;01;01;52;65.57;65.57;
2026;01;01;53;63.00;63.00;
2026;01;01;54;62.74;62.74;
2026;01;01;55;68.20;68.20;
2026;01;01;56;68.00;68.00;
2026;01;01;57;66.88;66.88;
2026;01;01;58;68.25;68.25;
2026;01;01;59;73.00;73.00;
2026;01;01;60;68.75;68.75;
2026;01;01;61;68.48;68.48;
2026;01;01;62;71.19;71.19;
2026;01;01;63;64.98;64.98;
2026;01;01;64;71.39;71.39;
2026;01;01;65;65.48;65.48;
2026;01;01;66;66.00;66.00;
2026;01;01;67;69.00;69.00;
2026;01;01;68;72.60;72.60;
2026;01;01;69;75.00;75.00;
2026;01;01;70;79.69;79.69;
2026;01;01;71;84.04;84.04;
2026;01;01;72;83.42;83.42;
2026;01;01;73;104.58;104.58;
2026;01;01;74;106.30;106.30;
2026;01;01;75;104.72;104.72;
2026;01;01;76;108.32;108.32;
2026;01;01;77;108.32;108.32;
2026;01;01;78;108.32;108.32;
2026;01;01;79;107.00;107.00;
2026;01;01;80;107.36;107.36;
2026;01;01;81;107.90;107.90;
2026;01;01;82;108.92;108.92;
2026;01;01;83;108.94;108.94;
2026;01;01;84;108.52;108.52;
2026;01;01;85;111.94;111.94;
2026;01;01;86;110.42;110.42;
2026;01;01;87;108.08;108.08;
2026;01;01;88;106.51;106.51;
2026;01;01;89;106.01;106.01;
2026;01;01;90;105.45;105.45;
2026;01;01;91;105.56;105.56;
2026;01;01;92;102.20;102.20;
2026;01;01;93;102.58;102.58;
2026;01;01;94;100.22;100.22;
2026;01;01;95;100.00;100.00;
2026;01;01;96;98.47;98.47;
*
