MARGINALPIBC;
2026;02;05;1;3.14;3.14;
2026;02;05;2;2.51;5.00;
2026;02;05;3;1.83;4.16;
2026;02;05;4;0.99;3.00;
2026;02;05;5;0.55;10.00;
2026;02;05;6;0.35;5.01;
2026;02;05;7;0.35;3.00;
2026;02;05;8;0.25;5.00;
2026;02;05;9;0.01;.01;
2026;02;05;10;0.00;.00;
2026;02;05;11;0.00;.00;
2026;02;05;12;0.00;.00;
2026;02;05;13;0.00;.00;
2026;02;05;14;0.00;.00;
2026;02;05;15;0.00;.00;
2026;02;05;16;0.00;.00;
2026;02;05;17;0.00;.00;
2026;02;05;18;0.00;.00;
2026;02;05;19;0.00;.00;
2026;02;05;20;0.00;.00;
2026;02;05;21;0.00;.00;
2026;02;05;22;0.00;.00;
2026;02;05;23;0.00;.00;
2026;02;05;24;0.00;6.00;
2026;02;05;25;0.00;25.00;
2026;02;05;26;0.00;34.89;
2026;02;05;27;0.00;40.91;
2026;02;05;28;0.00;34.89;
2026;02;05;29;0.00;4.16;
2026;02;05;30;-0.01;9.78;
2026;02;05;31;-0.01;8.76;
2026;02;05;32;-0.01;9.94;
2026;02;05;33;0.15;14.19;
2026;02;05;34;0.26;15.40;
2026;02;05;35;0.96;14.00;
2026;02;05;36;0.99;8.91;
2026;02;05;37;2.18;6.75;
2026;02;05;38;2.18;2.18;
2026;02;05;39;2.56;2.56;
2026;02;05;40;2.13;3.78;
2026;02;05;41;-2.00;-2.00;
2026;02;05;42;0.00;.00;
2026;02;05;43;0.00;.00;
2026;02;05;44;0.00;.00;
2026;02;05;45;0.99;1.00;
2026;02;05;46;0.05;.05;
2026;02;05;47;0.00;.00;
2026;02;05;48;0.00;.00;
2026;02;05;49;-0.40;-.40;
2026;02;05;50;-0.40;-.40;
2026;02;05;51;-0.50;-.50;
2026;02;05;52;-0.99;-.99;
2026;02;05;53;-0.50;-.50;
2026;02;05;54;-0.50;-.50;
2026;02;05;55;-0.40;-.40;
2026;02;05;56;-0.10;-.10;
2026;02;05;57;-0.16;-.16;
2026;02;05;58;-0.16;-.16;
2026;02;05;59;-0.05;-.05;
2026;02;05;60;-0.10;-.10;
2026;02;05;61;-0.10;-.10;
2026;02;05;62;-0.10;-.10;
2026;02;05;63;-0.10;-.10;
2026;02;05;64;-0.10;-.10;
2026;02;05;65;-0.05;-.05;
2026;02;05;66;-0.01;-.01;
2026;02;05;67;-0.01;-.01;
2026;02;05;68;0.00;.00;
2026;02;05;69;-0.40;-.40;
2026;02;05;70;-0.50;-.50;
2026;02;05;71;0.00;.21;
2026;02;05;72;0.00;.90;
2026;02;05;73;-1.00;-1.00;
2026;02;05;74;-0.99;-.99;
2026;02;05;75;-0.82;-.82;
2026;02;05;76;0.00;13.74;
2026;02;05;77;0.00;22.99;
2026;02;05;78;0.00;22.99;
2026;02;05;79;0.00;27.51;
2026;02;05;80;0.00;32.51;
2026;02;05;81;0.00;35.02;
2026;02;05;82;0.00;41.12;
2026;02;05;83;0.00;41.23;
2026;02;05;84;0.00;36.53;
2026;02;05;85;0.00;33.00;
2026;02;05;86;0.00;32.02;
2026;02;05;87;0.00;25.01;
2026;02;05;88;0.00;9.00;
2026;02;05;89;0.00;9.60;
2026;02;05;90;0.00;2.27;
2026;02;05;91;0.00;.05;
2026;02;05;92;-0.99;-.99;
2026;02;05;93;-0.03;-.03;
2026;02;05;94;-0.50;-.50;
2026;02;05;95;-2.90;-2.90;
2026;02;05;96;-5.00;-5.00;
*
