MARGINALPIBC;
2026;01;10;1;88.95;88.95;
2026;01;10;2;85.84;85.84;
2026;01;10;3;80.84;80.84;
2026;01;10;4;78.26;78.26;
2026;01;10;5;82.41;82.41;
2026;01;10;6;78.39;78.39;
2026;01;10;7;77.27;77.27;
2026;01;10;8;75.07;75.07;
2026;01;10;9;75.10;75.10;
2026;01;10;10;73.58;73.58;
2026;01;10;11;70.54;70.54;
2026;01;10;12;70.84;70.84;
2026;01;10;13;71.93;71.93;
2026;01;10;14;71.39;71.39;
2026;01;10;15;67.89;67.89;
2026;01;10;16;65.57;65.57;
2026;01;10;17;62.98;62.98;
2026;01;10;18;62.92;62.92;
2026;01;10;19;62.97;62.97;
2026;01;10;20;62.86;62.86;
2026;01;10;21;54.09;54.09;
2026;01;10;22;54.39;54.39;
2026;01;10;23;49.66;49.66;
2026;01;10;24;57.35;57.35;
2026;01;10;25;61.05;61.05;
2026;01;10;26;57.85;57.85;
2026;01;10;27;64.70;64.70;
2026;01;10;28;80.81;80.81;
2026;01;10;29;74.12;74.12;
2026;01;10;30;72.04;72.04;
2026;01;10;31;75.20;75.20;
2026;01;10;32;74.98;74.98;
2026;01;10;33;74.19;74.19;
2026;01;10;34;83.77;83.77;
2026;01;10;35;88.11;88.11;
2026;01;10;36;88.89;88.89;
2026;01;10;37;96.06;96.06;
2026;01;10;38;93.97;93.97;
2026;01;10;39;88.80;88.80;
2026;01;10;40;80.18;80.18;
2026;01;10;41;86.69;86.69;
2026;01;10;42;78.37;78.37;
2026;01;10;43;76.40;76.40;
2026;01;10;44;63.50;63.50;
2026;01;10;45;75.63;75.63;
2026;01;10;46;68.15;68.15;
2026;01;10;47;65.70;65.70;
2026;01;10;48;60.50;60.50;
2026;01;10;49;45.73;45.73;
2026;01;10;50;43.50;43.50;
2026;01;10;51;38.36;38.36;
2026;01;10;52;37.61;37.61;
2026;01;10;53;40.44;40.44;
2026;01;10;54;43.50;43.50;
2026;01;10;55;45.50;45.50;
2026;01;10;56;50.12;50.12;
2026;01;10;57;51.70;51.70;
2026;01;10;58;54.00;54.00;
2026;01;10;59;54.00;54.00;
2026;01;10;60;55.73;55.73;
2026;01;10;61;56.08;56.08;
2026;01;10;62;60.50;60.50;
2026;01;10;63;67.48;67.48;
2026;01;10;64;79.07;79.07;
2026;01;10;65;62.61;62.61;
2026;01;10;66;57.01;57.01;
2026;01;10;67;72.44;72.44;
2026;01;10;68;90.00;90.00;
2026;01;10;69;88.11;88.11;
2026;01;10;70;96.24;96.24;
2026;01;10;71;97.64;97.64;
2026;01;10;72;103.18;103.18;
2026;01;10;73;100.01;101.88;
2026;01;10;74;107.39;107.39;
2026;01;10;75;114.22;114.22;
2026;01;10;76;119.62;119.62;
2026;01;10;77;76.70;122.06;
2026;01;10;78;79.52;124.12;
2026;01;10;79;120.36;121.36;
2026;01;10;80;121.97;121.97;
2026;01;10;81;112.67;112.67;
2026;01;10;82;109.27;109.27;
2026;01;10;83;108.59;108.59;
2026;01;10;84;106.27;106.27;
2026;01;10;85;106.99;106.99;
2026;01;10;86;101.85;101.85;
2026;01;10;87;101.18;101.18;
2026;01;10;88;102.26;102.26;
2026;01;10;89;100.45;100.45;
2026;01;10;90;100.01;100.01;
2026;01;10;91;104.24;104.24;
2026;01;10;92;103.42;103.42;
2026;01;10;93;103.64;103.64;
2026;01;10;94;100.23;100.23;
2026;01;10;95;100.74;100.74;
2026;01;10;96;97.90;97.90;
*
