MARGINALPIBC;
2026;03;29;1;-2.10;-2.10;
2026;03;29;2;-2.10;-2.10;
2026;03;29;3;-2.70;-2.70;
2026;03;29;4;-4.43;-4.43;
2026;03;29;5;-0.81;-.81;
2026;03;29;6;-2.00;-2.00;
2026;03;29;7;-5.00;-5.00;
2026;03;29;8;-0.81;-.81;
2026;03;29;9;-1.13;-1.13;
2026;03;29;10;-1.13;-1.13;
2026;03;29;11;-1.87;-1.87;
2026;03;29;12;-1.87;-1.87;
2026;03;29;13;-0.81;-.81;
2026;03;29;14;-0.81;-.81;
2026;03;29;15;-0.81;-.81;
2026;03;29;16;-0.81;-.81;
2026;03;29;17;-0.81;-.81;
2026;03;29;18;-0.81;-.81;
2026;03;29;19;-0.81;-.81;
2026;03;29;20;-0.81;-.81;
2026;03;29;21;-0.81;-.81;
2026;03;29;22;-0.81;-.81;
2026;03;29;23;-0.81;-.81;
2026;03;29;24;-0.81;-.81;
2026;03;29;25;-2.10;-2.10;
2026;03;29;26;-2.10;-2.10;
2026;03;29;27;-2.51;-2.51;
2026;03;29;28;-3.10;-3.10;
2026;03;29;29;-1.00;-1.00;
2026;03;29;30;-5.00;-5.00;
2026;03;29;31;-10.01;-10.01;
2026;03;29;32;-5.00;-5.00;
2026;03;29;33;-0.81;-.81;
2026;03;29;34;-0.82;-.82;
2026;03;29;35;-1.00;-1.00;
2026;03;29;36;-8.00;-8.00;
2026;03;29;37;-12.51;-12.51;
2026;03;29;38;-14.00;-14.00;
2026;03;29;39;-14.00;-14.00;
2026;03;29;40;-14.00;-14.00;
2026;03;29;41;0.00;-6.00;
2026;03;29;42;0.00;-15.00;
2026;03;29;43;0.00;-16.00;
2026;03;29;44;0.00;-17.00;
2026;03;29;45;0.00;-20.00;
2026;03;29;46;0.00;-22.40;
2026;03;29;47;0.00;-23.30;
2026;03;29;48;0.00;-23.30;
2026;03;29;49;-1.00;-22.40;
2026;03;29;50;-1.00;-22.40;
2026;03;29;51;-1.00;-22.40;
2026;03;29;52;0.00;-23.40;
2026;03;29;53;-1.00;-22.40;
2026;03;29;54;-1.00;-23.40;
2026;03;29;55;-2.00;-23.31;
2026;03;29;56;-2.00;-23.91;
2026;03;29;57;-2.00;-25.30;
2026;03;29;58;-2.00;-25.30;
2026;03;29;59;-5.00;-26.30;
2026;03;29;60;-6.00;-26.30;
2026;03;29;61;-6.00;-26.30;
2026;03;29;62;-2.00;-26.30;
2026;03;29;63;-5.00;-26.30;
2026;03;29;64;-2.00;-25.60;
2026;03;29;65;-2.51;-25.00;
2026;03;29;66;-5.00;-24.00;
2026;03;29;67;-6.00;-20.82;
2026;03;29;68;-17.51;-17.51;
2026;03;29;69;-14.00;-14.00;
2026;03;29;70;-12.51;-12.51;
2026;03;29;71;-12.51;-12.51;
2026;03;29;72;-5.00;-5.00;
2026;03;29;73;-0.71;-.71;
2026;03;29;74;0.00;.00;
2026;03;29;75;0.84;.84;
2026;03;29;76;3.08;3.08;
2026;03;29;77;5.41;5.41;
2026;03;29;78;6.10;6.10;
2026;03;29;79;6.82;6.82;
2026;03;29;80;12.00;12.00;
2026;03;29;81;11.25;11.25;
2026;03;29;82;14.00;14.00;
2026;03;29;83;14.00;14.00;
2026;03;29;84;6.50;6.50;
2026;03;29;85;12.00;12.00;
2026;03;29;86;10.35;10.35;
2026;03;29;87;9.81;9.81;
2026;03;29;88;7.06;7.06;
2026;03;29;89;7.06;7.06;
2026;03;29;90;6.58;6.58;
2026;03;29;91;6.10;6.10;
2026;03;29;92;5.50;5.50;
*
