MARGINALPIBC;
2026;04;05;1;61.60;61.60;
2026;04;05;2;61.20;61.20;
2026;04;05;3;60.90;60.90;
2026;04;05;4;60.20;60.20;
2026;04;05;5;58.71;58.71;
2026;04;05;6;38.52;38.52;
2026;04;05;7;31.14;31.14;
2026;04;05;8;30.01;30.01;
2026;04;05;9;30.40;30.40;
2026;04;05;10;28.47;28.47;
2026;04;05;11;28.47;28.47;
2026;04;05;12;28.47;28.47;
2026;04;05;13;27.83;27.83;
2026;04;05;14;25.14;25.14;
2026;04;05;15;25.14;25.14;
2026;04;05;16;25.14;25.14;
2026;04;05;17;25.14;25.14;
2026;04;05;18;25.14;25.14;
2026;04;05;19;25.14;25.14;
2026;04;05;20;25.14;25.14;
2026;04;05;21;25.14;25.14;
2026;04;05;22;25.14;25.14;
2026;04;05;23;25.14;25.14;
2026;04;05;24;30.00;30.00;
2026;04;05;25;28.47;28.47;
2026;04;05;26;28.47;28.47;
2026;04;05;27;28.47;28.47;
2026;04;05;28;30.01;30.01;
2026;04;05;29;28.47;28.47;
2026;04;05;30;28.47;28.47;
2026;04;05;31;28.47;28.47;
2026;04;05;32;27.83;27.83;
2026;04;05;33;46.52;46.52;
2026;04;05;34;33.00;33.00;
2026;04;05;35;28.47;28.47;
2026;04;05;36;5.41;5.41;
2026;04;05;37;-0.07;-.07;
2026;04;05;38;0.00;.00;
2026;04;05;39;0.00;.00;
2026;04;05;40;-5.56;-5.56;
2026;04;05;41;-7.43;-7.43;
2026;04;05;42;-14.00;-14.00;
2026;04;05;43;-15.00;-15.00;
2026;04;05;44;-16.53;-23.00;
2026;04;05;45;-6.00;-22.10;
2026;04;05;46;-2.00;-14.00;
2026;04;05;47;-2.00;-14.00;
2026;04;05;48;-2.00;-17.00;
2026;04;05;49;-7.12;-14.00;
2026;04;05;50;-7.57;-15.00;
2026;04;05;51;-11.67;-15.01;
2026;04;05;52;-7.89;-15.20;
2026;04;05;53;-12.17;-14.00;
2026;04;05;54;-10.90;-14.00;
2026;04;05;55;-11.67;-14.01;
2026;04;05;56;-11.67;-14.00;
2026;04;05;57;-11.67;-15.00;
2026;04;05;58;-7.89;-14.00;
2026;04;05;59;-14.00;-14.00;
2026;04;05;60;-12.67;-14.00;
2026;04;05;61;-13.18;-22.51;
2026;04;05;62;-12.51;-22.51;
2026;04;05;63;-13.18;-23.91;
2026;04;05;64;-9.40;-23.91;
2026;04;05;65;-13.18;-23.81;
2026;04;05;66;-11.00;-23.81;
2026;04;05;67;-11.00;-23.81;
2026;04;05;68;-11.00;-22.94;
2026;04;05;69;-11.00;-22.53;
2026;04;05;70;-11.00;-14.00;
2026;04;05;71;-6.00;-6.00;
2026;04;05;72;-1.10;-1.10;
2026;04;05;73;-0.81;-.81;
2026;04;05;74;-0.07;-.07;
2026;04;05;75;0.00;.00;
2026;04;05;76;0.84;.84;
2026;04;05;77;0.00;.00;
2026;04;05;78;2.02;2.02;
2026;04;05;79;16.70;16.70;
2026;04;05;80;49.52;49.52;
2026;04;05;81;33.17;60.90;
2026;04;05;82;33.17;79.52;
2026;04;05;83;33.17;79.52;
2026;04;05;84;33.17;81.02;
2026;04;05;85;42.51;84.02;
2026;04;05;86;74.02;85.00;
2026;04;05;87;73.02;78.02;
2026;04;05;88;68.00;68.00;
2026;04;05;89;33.17;84.02;
2026;04;05;90;33.17;81.02;
2026;04;05;91;33.17;90.00;
2026;04;05;92;33.17;81.02;
2026;04;05;93;33.17;82.52;
2026;04;05;94;33.17;79.52;
2026;04;05;95;33.17;66.60;
2026;04;05;96;30.73;60.90;
*
