MARGINALPIBC;
2026;07;01;1;117.23;117.23;
2026;07;01;2;114.34;114.34;
2026;07;01;3;110.00;110.00;
2026;07;01;4;107.86;107.86;
2026;07;01;5;122.02;122.02;
2026;07;01;6;117.85;117.85;
2026;07;01;7;116.53;116.53;
2026;07;01;8;111.65;111.65;
2026;07;01;9;113.75;113.75;
2026;07;01;10;111.65;111.65;
2026;07;01;11;106.50;106.50;
2026;07;01;12;102.97;102.97;
2026;07;01;13;101.10;101.10;
2026;07;01;14;101.00;101.00;
2026;07;01;15;99.99;99.99;
2026;07;01;16;97.91;97.91;
2026;07;01;17;93.24;93.24;
2026;07;01;18;91.92;91.92;
2026;07;01;19;88.47;88.47;
2026;07;01;20;88.17;88.17;
2026;07;01;21;95.23;95.23;
2026;07;01;22;96.60;96.60;
2026;07;01;23;92.70;92.70;
2026;07;01;24;89.19;89.19;
2026;07;01;25;90.89;90.89;
2026;07;01;26;103.18;103.18;
2026;07;01;27;95.69;95.69;
2026;07;01;28;105.47;105.47;
2026;07;01;29;102.13;102.13;
2026;07;01;30;101.72;101.72;
2026;07;01;31;91.08;91.08;
2026;07;01;32;89.60;89.60;
2026;07;01;33;102.24;102.24;
2026;07;01;34;96.71;96.71;
2026;07;01;35;83.54;83.54;
2026;07;01;36;47.68;47.68;
2026;07;01;37;51.91;51.91;
2026;07;01;38;24.90;24.90;
2026;07;01;39;22.85;22.85;
2026;07;01;40;24.11;21.03;
2026;07;01;41;16.57;16.57;
2026;07;01;42;16.38;16.38;
2026;07;01;43;15.50;15.50;
2026;07;01;44;10.83;10.83;
2026;07;01;45;5.00;5.00;
2026;07;01;46;5.00;5.00;
2026;07;01;47;5.00;5.00;
2026;07;01;48;3.00;3.00;
2026;07;01;49;3.00;3.00;
2026;07;01;50;2.59;2.59;
2026;07;01;51;3.59;3.59;
2026;07;01;52;5.00;5.00;
2026;07;01;53;5.00;5.00;
2026;07;01;54;5.00;5.00;
2026;07;01;55;5.00;5.00;
2026;07;01;56;3.00;3.00;
2026;07;01;57;3.00;3.00;
2026;07;01;58;3.77;3.77;
2026;07;01;59;3.00;3.00;
2026;07;01;60;2.48;2.48;
2026;07;01;61;0.17;.17;
2026;07;01;62;0.17;.17;
2026;07;01;63;0.17;.17;
2026;07;01;64;0.00;.00;
2026;07;01;65;-3.00;-3.00;
2026;07;01;66;-3.00;-3.00;
2026;07;01;67;-2.99;-2.99;
2026;07;01;68;-0.33;-.33;
2026;07;01;69;-2.71;-2.71;
2026;07;01;70;-5.00;-5.00;
2026;07;01;71;-5.00;-5.00;
2026;07;01;72;-4.50;-4.50;
2026;07;01;73;-0.22;-.22;
2026;07;01;74;0.17;.17;
2026;07;01;75;1.00;1.00;
2026;07;01;76;3.14;3.14;
2026;07;01;77;2.00;2.00;
2026;07;01;78;2.88;2.88;
2026;07;01;79;31.89;31.89;
2026;07;01;80;49.15;49.15;
2026;07;01;81;46.94;46.94;
2026;07;01;82;71.29;71.29;
2026;07;01;83;84.31;84.31;
2026;07;01;84;98.20;98.20;
2026;07;01;85;97.33;97.33;
2026;07;01;86;106.97;106.97;
2026;07;01;87;109.33;109.33;
2026;07;01;88;105.47;105.47;
2026;07;01;89;108.00;108.00;
2026;07;01;90;105.50;105.50;
2026;07;01;91;105.87;105.87;
2026;07;01;92;100.00;100.00;
2026;07;01;93;96.59;96.59;
2026;07;01;94;95.30;95.30;
2026;07;01;95;88.16;88.16;
2026;07;01;96;82.64;82.64;
*
