MARGINALPIBC;
2026;02;21;1;0.00;.00;
2026;02;21;2;0.00;.00;
2026;02;21;3;-4.78;-4.78;
2026;02;21;4;-6.00;-6.00;
2026;02;21;5;-6.00;-6.00;
2026;02;21;6;-5.00;-5.00;
2026;02;21;7;-3.37;-3.37;
2026;02;21;8;-4.32;-4.32;
2026;02;21;9;-0.56;-.56;
2026;02;21;10;-0.56;-.56;
2026;02;21;11;-1.10;-1.10;
2026;02;21;12;-5.00;-5.00;
2026;02;21;13;0.00;.00;
2026;02;21;14;0.00;.00;
2026;02;21;15;-0.56;-.56;
2026;02;21;16;0.00;.00;
2026;02;21;17;-0.56;-.56;
2026;02;21;18;-0.56;-.56;
2026;02;21;19;-0.81;-.81;
2026;02;21;20;0.00;.00;
2026;02;21;21;-0.81;-.81;
2026;02;21;22;-0.81;-.81;
2026;02;21;23;0.00;.00;
2026;02;21;24;0.00;.00;
2026;02;21;25;-3.99;-3.99;
2026;02;21;26;-0.28;-.28;
2026;02;21;27;-0.56;-.56;
2026;02;21;28;0.00;.60;
2026;02;21;29;0.00;.00;
2026;02;21;30;-0.56;-.56;
2026;02;21;31;0.00;.00;
2026;02;21;32;-0.56;-.56;
2026;02;21;33;0.00;5.58;
2026;02;21;34;0.00;.82;
2026;02;21;35;4.85;6.40;
2026;02;21;36;-0.20;-.20;
2026;02;21;37;-4.72;-4.72;
2026;02;21;38;-4.90;-4.90;
2026;02;21;39;-3.38;-3.38;
2026;02;21;40;0.00;-8.00;
2026;02;21;41;0.00;-5.42;
2026;02;21;42;0.00;-5.42;
2026;02;21;43;0.00;-5.42;
2026;02;21;44;0.00;-5.42;
2026;02;21;45;0.00;-10.00;
2026;02;21;46;0.00;-11.00;
2026;02;21;47;0.00;-11.00;
2026;02;21;48;0.00;-13.00;
2026;02;21;49;0.00;-12.00;
2026;02;21;50;0.00;-12.12;
2026;02;21;51;0.00;-13.16;
2026;02;21;52;0.00;-10.00;
2026;02;21;53;0.00;-9.00;
2026;02;21;54;0.00;-5.70;
2026;02;21;55;0.00;-2.51;
2026;02;21;56;0.00;-2.51;
2026;02;21;57;0.00;-2.51;
2026;02;21;58;0.00;-2.51;
2026;02;21;59;0.00;-2.51;
2026;02;21;60;0.00;-2.51;
2026;02;21;61;0.00;-2.14;
2026;02;21;62;0.00;-2.51;
2026;02;21;63;0.00;-2.51;
2026;02;21;64;0.00;-1.00;
2026;02;21;65;0.00;-13.00;
2026;02;21;66;0.00;-11.00;
2026;02;21;67;0.00;-9.00;
2026;02;21;68;0.00;-5.42;
2026;02;21;69;0.00;-2.35;
2026;02;21;70;0.00;-5.42;
2026;02;21;71;0.00;.00;
2026;02;21;72;-10.00;-10.00;
2026;02;21;73;-5.70;-5.70;
2026;02;21;74;0.00;1.15;
2026;02;21;75;0.00;38.46;
2026;02;21;76;0.00;69.30;
2026;02;21;77;0.00;88.17;
2026;02;21;78;0.00;85.29;
2026;02;21;79;10.00;84.12;
2026;02;21;80;15.00;82.17;
2026;02;21;81;15.00;70.57;
2026;02;21;82;15.00;76.83;
2026;02;21;83;15.00;83.75;
2026;02;21;84;15.00;83.75;
2026;02;21;85;15.00;73.48;
2026;02;21;86;15.00;73.11;
2026;02;21;87;10.00;87.10;
2026;02;21;88;10.00;66.11;
2026;02;21;89;15.00;79.88;
2026;02;21;90;10.94;56.39;
2026;02;21;91;5.00;46.20;
2026;02;21;92;5.00;25.00;
2026;02;21;93;0.56;19.37;
2026;02;21;94;0.00;40.78;
2026;02;21;95;0.56;34.41;
2026;02;21;96;0.00;6.91;
*
