MARGINALPIBC;
2026;03;12;1;96.09;96.09;
2026;03;12;2;96.81;96.81;
2026;03;12;3;93.76;93.76;
2026;03;12;4;93.24;93.24;
2026;03;12;5;92.86;92.86;
2026;03;12;6;91.80;91.80;
2026;03;12;7;90.54;90.54;
2026;03;12;8;86.36;86.36;
2026;03;12;9;85.64;85.64;
2026;03;12;10;83.30;83.30;
2026;03;12;11;80.42;80.42;
2026;03;12;12;76.12;76.12;
2026;03;12;13;70.00;70.00;
2026;03;12;14;68.90;68.90;
2026;03;12;15;76.60;76.60;
2026;03;12;16;71.42;71.42;
2026;03;12;17;72.83;72.83;
2026;03;12;18;70.00;70.00;
2026;03;12;19;70.00;70.00;
2026;03;12;20;79.73;79.73;
2026;03;12;21;90.20;90.20;
2026;03;12;22;75.47;75.47;
2026;03;12;23;85.80;85.80;
2026;03;12;24;78.47;78.47;
2026;03;12;25;92.00;92.00;
2026;03;12;26;97.21;97.21;
2026;03;12;27;107.35;107.35;
2026;03;12;28;110.19;110.19;
2026;03;12;29;101.20;119.23;
2026;03;12;30;101.74;118.51;
2026;03;12;31;106.20;119.51;
2026;03;12;32;105.20;116.01;
2026;03;12;33;115.72;122.68;
2026;03;12;34;107.46;107.46;
2026;03;12;35;101.10;101.10;
2026;03;12;36;76.01;76.01;
2026;03;12;37;92.14;92.14;
2026;03;12;38;60.00;60.00;
2026;03;12;39;20.00;20.00;
2026;03;12;40;14.50;14.50;
2026;03;12;41;20.50;20.50;
2026;03;12;42;8.99;8.99;
2026;03;12;43;3.00;3.00;
2026;03;12;44;1.00;.00;
2026;03;12;45;1.00;.61;
2026;03;12;46;1.00;-.59;
2026;03;12;47;1.00;-.01;
2026;03;12;48;1.00;-2.10;
2026;03;12;49;0.91;.91;
2026;03;12;50;0.91;.91;
2026;03;12;51;1.27;1.27;
2026;03;12;52;0.91;.91;
2026;03;12;53;1.10;1.10;
2026;03;12;54;0.91;.91;
2026;03;12;55;0.45;.45;
2026;03;12;56;0.91;.91;
2026;03;12;57;0.95;.95;
2026;03;12;58;1.10;1.10;
2026;03;12;59;0.40;.40;
2026;03;12;60;1.55;1.55;
2026;03;12;61;0.91;.91;
2026;03;12;62;1.10;1.10;
2026;03;12;63;1.20;1.20;
2026;03;12;64;0.91;.91;
2026;03;12;65;1.72;1.72;
2026;03;12;66;2.10;2.10;
2026;03;12;67;3.00;3.00;
2026;03;12;68;5.00;5.00;
2026;03;12;69;3.78;3.78;
2026;03;12;70;3.78;3.78;
2026;03;12;71;27.01;27.01;
2026;03;12;72;75.28;75.28;
2026;03;12;73;67.90;53.55;
2026;03;12;74;90.54;90.54;
2026;03;12;75;105.42;105.42;
2026;03;12;76;110.20;110.20;
2026;03;12;77;114.49;118.80;
2026;03;12;78;120.93;121.01;
2026;03;12;79;131.20;135.00;
2026;03;12;80;135.73;139.53;
2026;03;12;81;151.46;151.46;
2026;03;12;82;162.70;167.00;
2026;03;12;83;171.20;175.00;
2026;03;12;84;165.01;165.01;
2026;03;12;85;151.75;156.05;
2026;03;12;86;148.16;148.16;
2026;03;12;87;146.54;146.54;
2026;03;12;88;137.63;137.63;
2026;03;12;89;119.84;119.84;
2026;03;12;90;115.35;115.35;
2026;03;12;91;105.54;105.54;
2026;03;12;92;103.49;103.49;
2026;03;12;93;96.80;96.80;
2026;03;12;94;95.74;95.74;
2026;03;12;95;83.55;83.55;
2026;03;12;96;84.54;84.54;
*
