MARGINALPIBC;
2026;02;17;1;1.21;1.21;
2026;02;17;2;1.21;1.21;
2026;02;17;3;0.00;.00;
2026;02;17;4;1.21;1.21;
2026;02;17;5;1.21;1.21;
2026;02;17;6;3.14;3.14;
2026;02;17;7;1.98;1.98;
2026;02;17;8;1.27;1.74;
2026;02;17;9;1.27;1.40;
2026;02;17;10;1.16;1.28;
2026;02;17;11;2.00;2.00;
2026;02;17;12;1.98;1.98;
2026;02;17;13;3.78;3.78;
2026;02;17;14;2.00;2.00;
2026;02;17;15;1.98;1.98;
2026;02;17;16;1.98;1.98;
2026;02;17;17;1.80;1.80;
2026;02;17;18;1.72;1.72;
2026;02;17;19;1.98;1.98;
2026;02;17;20;1.98;1.98;
2026;02;17;21;0.92;1.01;
2026;02;17;22;1.03;3.13;
2026;02;17;23;1.16;2.00;
2026;02;17;24;1.16;1.16;
2026;02;17;25;-4.32;-4.32;
2026;02;17;26;1.10;1.10;
2026;02;17;27;1.20;1.20;
2026;02;17;28;1.21;1.21;
2026;02;17;29;1.21;24.00;
2026;02;17;30;1.27;22.46;
2026;02;17;31;1.27;44.90;
2026;02;17;32;1.27;50.50;
2026;02;17;33;1.53;50.71;
2026;02;17;34;28.47;56.71;
2026;02;17;35;37.49;55.50;
2026;02;17;36;5.13;43.79;
2026;02;17;37;5.13;24.00;
2026;02;17;38;5.13;24.20;
2026;02;17;39;5.13;8.52;
2026;02;17;40;2.73;2.73;
2026;02;17;41;2.78;2.78;
2026;02;17;42;1.50;1.50;
2026;02;17;43;1.09;1.09;
2026;02;17;44;0.59;.59;
2026;02;17;45;0.35;.35;
2026;02;17;46;0.13;.13;
2026;02;17;47;0.10;.10;
2026;02;17;48;0.13;.01;
2026;02;17;49;0.13;.01;
2026;02;17;50;0.13;.01;
2026;02;17;51;0.13;.00;
2026;02;17;52;0.13;.00;
2026;02;17;53;0.13;-1.47;
2026;02;17;54;0.14;-2.94;
2026;02;17;55;0.11;-5.00;
2026;02;17;56;0.11;-5.50;
2026;02;17;57;1.45;-5.50;
2026;02;17;58;1.75;-5.50;
2026;02;17;59;1.75;-5.50;
2026;02;17;60;2.76;-5.50;
2026;02;17;61;2.76;-5.00;
2026;02;17;62;1.75;-4.22;
2026;02;17;63;1.75;-.54;
2026;02;17;64;1.75;-3.00;
2026;02;17;65;0.11;-2.00;
2026;02;17;66;0.10;.00;
2026;02;17;67;0.91;.91;
2026;02;17;68;0.91;.91;
2026;02;17;69;0.80;.80;
2026;02;17;70;1.90;1.90;
2026;02;17;71;0.00;.00;
2026;02;17;72;-1.14;16.40;
2026;02;17;73;0.00;8.23;
2026;02;17;74;0.00;46.80;
2026;02;17;75;0.00;86.56;
2026;02;17;76;0.00;134.78;
2026;02;17;77;-3.47;134.16;
2026;02;17;78;-3.47;133.00;
2026;02;17;79;-3.47;126.78;
2026;02;17;80;-3.47;122.88;
2026;02;17;81;7.47;120.00;
2026;02;17;82;7.47;116.01;
2026;02;17;83;7.47;107.48;
2026;02;17;84;7.47;100.10;
2026;02;17;85;7.47;107.46;
2026;02;17;86;7.47;98.15;
2026;02;17;87;7.47;84.96;
2026;02;17;88;1.05;83.20;
2026;02;17;89;0.00;89.07;
2026;02;17;90;0.00;84.95;
2026;02;17;91;0.00;86.02;
2026;02;17;92;0.00;83.62;
2026;02;17;93;0.00;87.61;
2026;02;17;94;10.36;80.80;
2026;02;17;95;8.78;79.46;
2026;02;17;96;7.47;49.97;
*
