MARGINALPIBC;
2026;05;25;1;20.01;20.01;
2026;05;25;2;11.42;11.42;
2026;05;25;3;11.42;11.42;
2026;05;25;4;3.69;3.69;
2026;05;25;5;25.89;25.89;
2026;05;25;6;24.66;24.66;
2026;05;25;7;25.00;25.00;
2026;05;25;8;10.32;10.32;
2026;05;25;9;22.00;22.00;
2026;05;25;10;25.00;25.00;
2026;05;25;11;19.19;19.19;
2026;05;25;12;20.11;20.11;
2026;05;25;13;24.16;24.16;
2026;05;25;14;20.11;20.11;
2026;05;25;15;10.52;10.52;
2026;05;25;16;31.75;31.75;
2026;05;25;17;29.16;29.16;
2026;05;25;18;28.16;28.16;
2026;05;25;19;28.97;28.97;
2026;05;25;20;33.22;33.22;
2026;05;25;21;29.74;29.74;
2026;05;25;22;34.00;34.00;
2026;05;25;23;37.90;37.90;
2026;05;25;24;39.00;39.00;
2026;05;25;25;11.47;11.47;
2026;05;25;26;11.42;11.42;
2026;05;25;27;22.36;22.36;
2026;05;25;28;40.00;40.00;
2026;05;25;29;94.82;94.82;
2026;05;25;30;97.84;97.84;
2026;05;25;31;59.73;59.73;
2026;05;25;32;11.42;11.42;
2026;05;25;33;44.64;44.64;
2026;05;25;34;58.64;58.64;
2026;05;25;35;35.21;35.21;
2026;05;25;36;6.81;6.81;
2026;05;25;37;23.11;23.11;
2026;05;25;38;4.74;4.74;
2026;05;25;39;2.00;.84;
2026;05;25;40;1.75;.00;
2026;05;25;41;1.99;.00;
2026;05;25;42;1.98;.00;
2026;05;25;43;1.93;-.03;
2026;05;25;44;1.50;-.07;
2026;05;25;45;1.50;-.07;
2026;05;25;46;0.99;-1.65;
2026;05;25;47;0.98;-.91;
2026;05;25;48;0.49;-1.01;
2026;05;25;49;0.00;-1.00;
2026;05;25;50;0.00;-1.00;
2026;05;25;51;-0.01;-1.00;
2026;05;25;52;-0.02;-1.01;
2026;05;25;53;0.00;-1.10;
2026;05;25;54;0.00;-1.89;
2026;05;25;55;-0.11;-1.99;
2026;05;25;56;-0.11;-1.99;
2026;05;25;57;0.00;-3.52;
2026;05;25;58;0.00;-3.52;
2026;05;25;59;0.00;-4.60;
2026;05;25;60;0.00;-5.31;
2026;05;25;61;-0.11;-3.52;
2026;05;25;62;-0.59;-3.52;
2026;05;25;63;-0.49;-2.10;
2026;05;25;64;0.00;-1.25;
2026;05;25;65;0.00;-7.99;
2026;05;25;66;0.70;-.40;
2026;05;25;67;0.92;-.07;
2026;05;25;68;1.49;.00;
2026;05;25;69;1.49;.84;
2026;05;25;70;0.84;.84;
2026;05;25;71;1.51;.84;
2026;05;25;72;2.00;2.00;
2026;05;25;73;3.08;3.08;
2026;05;25;74;4.68;4.68;
2026;05;25;75;5.61;5.61;
2026;05;25;76;19.73;19.73;
2026;05;25;77;13.73;13.73;
2026;05;25;78;6.81;6.81;
2026;05;25;79;44.40;44.40;
2026;05;25;80;76.37;76.37;
2026;05;25;81;52.03;52.03;
2026;05;25;82;82.00;82.00;
2026;05;25;83;95.00;95.00;
2026;05;25;84;103.41;103.41;
2026;05;25;85;104.92;104.92;
2026;05;25;86;107.43;107.43;
2026;05;25;87;106.50;106.50;
2026;05;25;88;97.07;97.07;
2026;05;25;89;101.94;101.94;
2026;05;25;90;96.04;96.04;
2026;05;25;91;95.72;95.72;
2026;05;25;92;95.01;95.01;
2026;05;25;93;87.00;87.00;
2026;05;25;94;80.91;80.91;
2026;05;25;95;79.30;79.30;
2026;05;25;96;72.50;72.50;
*
