MARGINALPIBC;
2026;04;04;1;0.00;.00;
2026;04;04;2;12.96;12.96;
2026;04;04;3;8.79;8.79;
2026;04;04;4;6.30;6.30;
2026;04;04;5;17.19;17.19;
2026;04;04;6;14.00;14.00;
2026;04;04;7;17.62;17.62;
2026;04;04;8;9.00;9.00;
2026;04;04;9;23.41;23.41;
2026;04;04;10;9.49;9.49;
2026;04;04;11;12.10;12.10;
2026;04;04;12;11.00;11.00;
2026;04;04;13;16.47;16.47;
2026;04;04;14;16.47;16.47;
2026;04;04;15;23.14;23.14;
2026;04;04;16;22.66;22.66;
2026;04;04;17;8.78;8.78;
2026;04;04;18;14.22;14.22;
2026;04;04;19;30.14;30.14;
2026;04;04;20;21.43;21.43;
2026;04;04;21;15.91;15.91;
2026;04;04;22;16.47;16.47;
2026;04;04;23;16.59;16.59;
2026;04;04;24;28.97;28.97;
2026;04;04;25;30.26;30.26;
2026;04;04;26;25.25;25.25;
2026;04;04;27;25.00;25.00;
2026;04;04;28;32.73;32.73;
2026;04;04;29;32.73;32.73;
2026;04;04;30;32.73;32.73;
2026;04;04;31;32.73;32.73;
2026;04;04;32;34.21;34.21;
2026;04;04;33;46.18;46.18;
2026;04;04;34;30.00;30.00;
2026;04;04;35;31.51;31.51;
2026;04;04;36;20.38;20.38;
2026;04;04;37;49.80;49.80;
2026;04;04;38;20.52;20.52;
2026;04;04;39;9.94;9.94;
2026;04;04;40;0.84;.84;
2026;04;04;41;0.84;.84;
2026;04;04;42;0.84;.84;
2026;04;04;43;0.00;.00;
2026;04;04;44;0.00;.00;
2026;04;04;45;0.00;.00;
2026;04;04;46;-0.01;-.01;
2026;04;04;47;-0.50;-.50;
2026;04;04;48;-0.50;-.50;
2026;04;04;49;-0.82;-.82;
2026;04;04;50;-0.82;-.82;
2026;04;04;51;-0.82;-.82;
2026;04;04;52;-1.00;-1.00;
2026;04;04;53;-0.82;-.82;
2026;04;04;54;-0.82;-.82;
2026;04;04;55;-0.82;-.82;
2026;04;04;56;-1.00;-1.00;
2026;04;04;57;-2.10;-2.10;
2026;04;04;58;-2.10;-2.10;
2026;04;04;59;-2.10;-2.10;
2026;04;04;60;-2.10;-2.10;
2026;04;04;61;-2.10;-2.10;
2026;04;04;62;-2.11;-2.11;
2026;04;04;63;-2.10;-2.10;
2026;04;04;64;-2.11;-2.11;
2026;04;04;65;-5.01;-5.01;
2026;04;04;66;-5.87;-5.87;
2026;04;04;67;-4.60;-4.60;
2026;04;04;68;-4.10;-4.10;
2026;04;04;69;-0.50;-.50;
2026;04;04;70;-0.34;-.34;
2026;04;04;71;-0.01;-.01;
2026;04;04;72;0.61;.61;
2026;04;04;73;0.00;.00;
2026;04;04;74;-0.01;-.01;
2026;04;04;75;2.00;2.00;
2026;04;04;76;20.37;20.37;
2026;04;04;77;4.79;4.79;
2026;04;04;78;19.77;19.77;
2026;04;04;79;21.43;21.43;
2026;04;04;80;43.32;43.32;
2026;04;04;81;28.09;28.09;
2026;04;04;82;46.00;46.00;
2026;04;04;83;63.87;63.87;
2026;04;04;84;73.00;73.00;
2026;04;04;85;81.02;81.02;
2026;04;04;86;84.02;84.02;
2026;04;04;87;84.02;84.02;
2026;04;04;88;81.02;81.02;
2026;04;04;89;81.02;81.02;
2026;04;04;90;68.00;68.00;
2026;04;04;91;70.07;70.07;
2026;04;04;92;63.00;63.00;
2026;04;04;93;65.07;65.07;
2026;04;04;94;62.32;62.32;
2026;04;04;95;61.05;61.05;
2026;04;04;96;56.21;56.21;
*
