MARGINALPIBC;
2026;03;11;1;85.75;103.03;
2026;03;11;2;108.56;108.56;
2026;03;11;3;100.10;110.10;
2026;03;11;4;110.13;110.13;
2026;03;11;5;75.50;108.66;
2026;03;11;6;66.58;95.00;
2026;03;11;7;57.70;64.45;
2026;03;11;8;57.70;57.70;
2026;03;11;9;65.39;65.39;
2026;03;11;10;57.70;88.49;
2026;03;11;11;60.01;72.00;
2026;03;11;12;57.70;67.16;
2026;03;11;13;72.50;72.50;
2026;03;11;14;69.62;69.62;
2026;03;11;15;67.30;67.30;
2026;03;11;16;67.13;67.13;
2026;03;11;17;74.00;74.00;
2026;03;11;18;68.02;68.02;
2026;03;11;19;70.89;70.89;
2026;03;11;20;72.37;72.37;
2026;03;11;21;60.28;60.28;
2026;03;11;22;60.10;60.10;
2026;03;11;23;59.00;59.00;
2026;03;11;24;65.55;65.55;
2026;03;11;25;59.24;59.24;
2026;03;11;26;65.03;65.03;
2026;03;11;27;80.00;80.00;
2026;03;11;28;100.10;100.10;
2026;03;11;29;98.82;98.82;
2026;03;11;30;98.82;98.82;
2026;03;11;31;88.53;98.53;
2026;03;11;32;100.00;100.00;
2026;03;11;33;100.00;100.00;
2026;03;11;34;81.65;81.65;
2026;03;11;35;66.55;66.55;
2026;03;11;36;50.00;50.00;
2026;03;11;37;66.36;66.36;
2026;03;11;38;64.05;64.05;
2026;03;11;39;48.28;48.28;
2026;03;11;40;50.00;34.00;
2026;03;11;41;50.00;50.00;
2026;03;11;42;55.50;31.03;
2026;03;11;43;49.90;13.74;
2026;03;11;44;44.90;.01;
2026;03;11;45;31.91;22.01;
2026;03;11;46;23.74;7.47;
2026;03;11;47;23.69;7.69;
2026;03;11;48;20.15;1.00;
2026;03;11;49;20.15;4.58;
2026;03;11;50;20.15;1.10;
2026;03;11;51;20.15;6.00;
2026;03;11;52;18.55;5.11;
2026;03;11;53;12.67;12.67;
2026;03;11;54;11.20;9.35;
2026;03;11;55;17.10;17.10;
2026;03;11;56;16.67;16.67;
2026;03;11;57;5.50;5.50;
2026;03;11;58;20.62;20.62;
2026;03;11;59;28.00;28.00;
2026;03;11;60;30.00;30.00;
2026;03;11;61;24.50;24.50;
2026;03;11;62;30.00;30.00;
2026;03;11;63;30.00;30.00;
2026;03;11;64;49.76;49.76;
2026;03;11;65;30.00;30.00;
2026;03;11;66;46.86;46.86;
2026;03;11;67;50.00;50.00;
2026;03;11;68;54.00;54.00;
2026;03;11;69;49.90;49.90;
2026;03;11;70;77.08;77.08;
2026;03;11;71;56.54;56.54;
2026;03;11;72;90.28;90.28;
2026;03;11;73;75.84;75.84;
2026;03;11;74;115.01;115.01;
2026;03;11;75;128.31;128.31;
2026;03;11;76;123.76;154.80;
2026;03;11;77;123.76;155.35;
2026;03;11;78;123.76;157.76;
2026;03;11;79;144.39;146.89;
2026;03;11;80;148.30;157.00;
2026;03;11;81;148.30;201.85;
2026;03;11;82;148.30;231.99;
2026;03;11;83;148.30;233.33;
2026;03;11;84;148.30;213.59;
2026;03;11;85;148.30;181.47;
2026;03;11;86;148.30;166.05;
2026;03;11;87;148.30;138.12;
2026;03;11;88;148.30;101.90;
2026;03;11;89;123.20;114.36;
2026;03;11;90;124.97;124.97;
2026;03;11;91;125.31;114.32;
2026;03;11;92;116.50;103.00;
2026;03;11;93;122.09;122.09;
2026;03;11;94;119.91;119.91;
2026;03;11;95;106.78;106.78;
2026;03;11;96;94.97;94.97;
*
