MARGINALPIBC;
2026;03;26;1;6.60;6.60;
2026;03;26;2;4.51;4.51;
2026;03;26;3;2.70;2.70;
2026;03;26;4;4.50;4.50;
2026;03;26;5;1.28;1.28;
2026;03;26;6;0.20;.20;
2026;03;26;7;1.01;1.01;
2026;03;26;8;1.01;1.01;
2026;03;26;9;0.20;.20;
2026;03;26;10;1.01;1.01;
2026;03;26;11;1.01;1.01;
2026;03;26;12;3.51;3.51;
2026;03;26;13;2.00;2.00;
2026;03;26;14;1.01;1.01;
2026;03;26;15;3.51;3.51;
2026;03;26;16;3.51;3.51;
2026;03;26;17;2.51;2.51;
2026;03;26;18;2.00;2.00;
2026;03;26;19;1.01;1.01;
2026;03;26;20;2.00;2.00;
2026;03;26;21;3.51;3.51;
2026;03;26;22;3.51;3.51;
2026;03;26;23;3.51;3.51;
2026;03;26;24;3.51;3.51;
2026;03;26;25;4.99;4.99;
2026;03;26;26;10.00;10.00;
2026;03;26;27;10.50;10.50;
2026;03;26;28;14.00;14.00;
2026;03;26;29;14.00;14.00;
2026;03;26;30;14.00;14.00;
2026;03;26;31;14.00;14.00;
2026;03;26;32;4.99;4.99;
2026;03;26;33;3.51;3.51;
2026;03;26;34;3.51;3.51;
2026;03;26;35;2.00;2.00;
2026;03;26;36;0.90;.01;
2026;03;26;37;0.00;.00;
2026;03;26;38;0.00;.00;
2026;03;26;39;0.00;-.81;
2026;03;26;40;-0.86;-.86;
2026;03;26;41;-0.86;-.86;
2026;03;26;42;-1.01;-1.01;
2026;03;26;43;-6.00;-6.00;
2026;03;26;44;-8.80;-10.82;
2026;03;26;45;-10.82;-10.82;
2026;03;26;46;-12.20;-12.20;
2026;03;26;47;-12.20;-12.20;
2026;03;26;48;-9.00;-9.00;
2026;03;26;49;-8.80;-8.80;
2026;03;26;50;-9.11;-9.11;
2026;03;26;51;-9.00;-9.00;
2026;03;26;52;-9.71;-9.71;
2026;03;26;53;-1.00;-14.00;
2026;03;26;54;-1.17;-13.89;
2026;03;26;55;-2.00;-15.74;
2026;03;26;56;-2.00;-16.00;
2026;03;26;57;-12.20;-12.20;
2026;03;26;58;-12.20;-12.67;
2026;03;26;59;-6.00;-6.00;
2026;03;26;60;-6.00;-6.00;
2026;03;26;61;-6.00;-6.00;
2026;03;26;62;-6.00;-6.00;
2026;03;26;63;-6.00;-6.00;
2026;03;26;64;-6.00;-6.00;
2026;03;26;65;-10.20;-10.82;
2026;03;26;66;-8.60;-8.60;
2026;03;26;67;-2.10;-4.60;
2026;03;26;68;0.00;-1.10;
2026;03;26;69;0.01;-.81;
2026;03;26;70;0.00;-.50;
2026;03;26;71;0.01;.00;
2026;03;26;72;0.01;.00;
2026;03;26;73;0.90;.00;
2026;03;26;74;1.84;1.84;
2026;03;26;75;3.51;3.51;
2026;03;26;76;4.99;4.99;
2026;03;26;77;6.34;6.34;
2026;03;26;78;0.84;.84;
2026;03;26;79;1.70;1.70;
2026;03;26;80;14.15;14.15;
2026;03;26;81;18.00;18.00;
2026;03;26;82;25.50;25.50;
2026;03;26;83;25.50;25.50;
2026;03;26;84;25.50;25.50;
2026;03;26;85;25.00;25.00;
2026;03;26;86;25.42;25.42;
2026;03;26;87;13.42;13.42;
2026;03;26;88;4.57;4.57;
2026;03;26;89;3.51;3.51;
2026;03;26;90;2.77;2.77;
2026;03;26;91;2.77;2.77;
2026;03;26;92;2.77;2.77;
2026;03;26;93;4.70;4.70;
2026;03;26;94;2.77;2.77;
2026;03;26;95;2.77;2.77;
2026;03;26;96;2.77;2.77;
*
