MARGINALPIBC;
2026;04;26;1;82.01;82.01;
2026;04;26;2;70.55;70.55;
2026;04;26;3;42.07;42.07;
2026;04;26;4;40.00;40.00;
2026;04;26;5;65.69;65.69;
2026;04;26;6;55.00;55.00;
2026;04;26;7;56.91;56.91;
2026;04;26;8;52.31;52.31;
2026;04;26;9;57.81;57.81;
2026;04;26;10;57.01;57.01;
2026;04;26;11;55.00;55.00;
2026;04;26;12;55.00;55.00;
2026;04;26;13;70.00;70.00;
2026;04;26;14;70.00;70.00;
2026;04;26;15;70.40;70.40;
2026;04;26;16;70.00;70.00;
2026;04;26;17;70.65;70.65;
2026;04;26;18;68.27;68.27;
2026;04;26;19;67.29;67.29;
2026;04;26;20;70.00;70.00;
2026;04;26;21;70.97;70.97;
2026;04;26;22;70.00;70.00;
2026;04;26;23;55.00;55.00;
2026;04;26;24;55.00;55.00;
2026;04;26;25;44.38;44.38;
2026;04;26;26;37.26;37.26;
2026;04;26;27;66.00;66.00;
2026;04;26;28;74.49;74.49;
2026;04;26;29;40.00;40.00;
2026;04;26;30;40.15;40.15;
2026;04;26;31;62.13;62.13;
2026;04;26;32;54.51;54.51;
2026;04;26;33;55.19;55.19;
2026;04;26;34;15.55;15.55;
2026;04;26;35;9.81;9.81;
2026;04;26;36;27.01;3.16;
2026;04;26;37;25.00;25.00;
2026;04;26;38;11.77;11.77;
2026;04;26;39;3.95;.84;
2026;04;26;40;2.00;.00;
2026;04;26;41;2.00;.00;
2026;04;26;42;1.90;-1.10;
2026;04;26;43;1.90;-10.00;
2026;04;26;44;1.90;-13.41;
2026;04;26;45;1.75;-6.00;
2026;04;26;46;1.75;-6.00;
2026;04;26;47;1.75;-10.00;
2026;04;26;48;1.99;-13.04;
2026;04;26;49;1.75;-12.99;
2026;04;26;50;1.99;-12.99;
2026;04;26;51;1.99;-12.97;
2026;04;26;52;1.99;-12.97;
2026;04;26;53;1.99;-9.50;
2026;04;26;54;1.99;-9.50;
2026;04;26;55;1.99;-9.50;
2026;04;26;56;1.99;-9.50;
2026;04;26;57;1.99;-5.96;
2026;04;26;58;1.75;-5.71;
2026;04;26;59;1.75;-5.67;
2026;04;26;60;1.75;-6.00;
2026;04;26;61;0.00;-7.50;
2026;04;26;62;0.00;-7.75;
2026;04;26;63;0.00;-7.71;
2026;04;26;64;0.00;-7.50;
2026;04;26;65;0.00;-8.88;
2026;04;26;66;0.00;-8.85;
2026;04;26;67;0.00;-5.00;
2026;04;26;68;0.00;-2.10;
2026;04;26;69;1.75;-6.00;
2026;04;26;70;1.75;.84;
2026;04;26;71;3.08;3.08;
2026;04;26;72;4.00;4.00;
2026;04;26;73;4.01;4.01;
2026;04;26;74;10.27;10.27;
2026;04;26;75;20.24;20.24;
2026;04;26;76;27.16;27.16;
2026;04;26;77;21.94;21.94;
2026;04;26;78;24.38;24.38;
2026;04;26;79;43.30;43.30;
2026;04;26;80;54.61;54.61;
2026;04;26;81;34.60;34.60;
2026;04;26;82;76.25;76.25;
2026;04;26;83;93.94;93.94;
2026;04;26;84;95.69;95.69;
2026;04;26;85;105.42;105.42;
2026;04;26;86;104.80;104.80;
2026;04;26;87;105.25;105.25;
2026;04;26;88;99.43;99.43;
2026;04;26;89;93.55;109.06;
2026;04;26;90;100.69;105.15;
2026;04;26;91;90.69;106.57;
2026;04;26;92;95.69;99.42;
2026;04;26;93;95.18;95.18;
2026;04;26;94;91.50;91.50;
2026;04;26;95;90.78;90.78;
2026;04;26;96;93.04;93.04;
*
