MARGINALPIBC;
2026;05;10;1;62.30;62.30;
2026;05;10;2;50.24;50.24;
2026;05;10;3;26.14;26.14;
2026;05;10;4;13.25;13.25;
2026;05;10;5;26.14;26.14;
2026;05;10;6;18.57;18.57;
2026;05;10;7;18.35;18.35;
2026;05;10;8;12.14;12.14;
2026;05;10;9;12.14;12.14;
2026;05;10;10;12.14;12.14;
2026;05;10;11;12.14;12.14;
2026;05;10;12;12.14;12.14;
2026;05;10;13;12.14;12.14;
2026;05;10;14;12.14;12.14;
2026;05;10;15;12.14;12.14;
2026;05;10;16;12.14;12.14;
2026;05;10;17;12.14;12.14;
2026;05;10;18;15.17;15.17;
2026;05;10;19;12.14;12.14;
2026;05;10;20;12.14;12.14;
2026;05;10;21;12.14;12.14;
2026;05;10;22;12.14;12.14;
2026;05;10;23;12.14;12.14;
2026;05;10;24;15.17;15.17;
2026;05;10;25;12.14;12.14;
2026;05;10;26;15.17;15.17;
2026;05;10;27;15.17;15.17;
2026;05;10;28;15.17;15.17;
2026;05;10;29;19.17;19.17;
2026;05;10;30;15.17;15.17;
2026;05;10;31;12.14;12.14;
2026;05;10;32;8.00;8.00;
2026;05;10;33;12.14;12.14;
2026;05;10;34;9.53;9.53;
2026;05;10;35;10.52;10.52;
2026;05;10;36;5.41;5.41;
2026;05;10;37;31.14;31.14;
2026;05;10;38;20.90;20.90;
2026;05;10;39;6.14;6.14;
2026;05;10;40;3.08;3.08;
2026;05;10;41;27.01;3.08;
2026;05;10;42;18.57;.84;
2026;05;10;43;6.13;.84;
2026;05;10;44;4.00;.00;
2026;05;10;45;4.00;.84;
2026;05;10;46;6.13;.84;
2026;05;10;47;4.00;.19;
2026;05;10;48;2.17;.84;
2026;05;10;49;2.96;.84;
2026;05;10;50;4.84;.84;
2026;05;10;51;4.83;.84;
2026;05;10;52;4.79;.84;
2026;05;10;53;4.78;.84;
2026;05;10;54;4.39;.61;
2026;05;10;55;4.00;.00;
2026;05;10;56;4.00;.00;
2026;05;10;57;4.08;.19;
2026;05;10;58;4.39;.00;
2026;05;10;59;4.00;.00;
2026;05;10;60;4.00;.00;
2026;05;10;61;2.18;.00;
2026;05;10;62;2.19;.00;
2026;05;10;63;2.19;-.02;
2026;05;10;64;2.00;-.07;
2026;05;10;65;4.00;-.81;
2026;05;10;66;2.18;-.81;
2026;05;10;67;2.18;-.81;
2026;05;10;68;4.00;-.07;
2026;05;10;69;2.08;.00;
2026;05;10;70;2.37;.48;
2026;05;10;71;2.70;.70;
2026;05;10;72;4.99;.84;
2026;05;10;73;5.00;.84;
2026;05;10;74;5.00;.84;
2026;05;10;75;5.01;.84;
2026;05;10;76;5.84;3.08;
2026;05;10;77;5.41;5.41;
2026;05;10;78;18.76;18.76;
2026;05;10;79;47.12;47.12;
2026;05;10;80;40.01;40.01;
2026;05;10;81;27.69;27.69;
2026;05;10;82;50.51;50.51;
2026;05;10;83;68.02;68.02;
2026;05;10;84;71.83;91.69;
2026;05;10;85;72.14;100.00;
2026;05;10;86;72.14;106.80;
2026;05;10;87;81.45;109.89;
2026;05;10;88;79.45;109.89;
2026;05;10;89;77.56;108.79;
2026;05;10;90;76.71;106.80;
2026;05;10;91;71.91;108.30;
2026;05;10;92;67.32;103.82;
2026;05;10;93;70.60;97.71;
2026;05;10;94;75.00;75.00;
2026;05;10;95;65.71;79.70;
2026;05;10;96;70.11;70.11;
*
