MARGINALPIBC;
2026;06;28;1;133.87;133.87;
2026;06;28;2;123.28;123.28;
2026;06;28;3;112.14;112.14;
2026;06;28;4;107.08;107.08;
2026;06;28;5;112.44;112.44;
2026;06;28;6;111.07;111.07;
2026;06;28;7;109.57;109.57;
2026;06;28;8;108.07;108.07;
2026;06;28;9;110.40;110.40;
2026;06;28;10;108.07;108.07;
2026;06;28;11;103.82;103.82;
2026;06;28;12;100.51;100.51;
2026;06;28;13;106.21;106.21;
2026;06;28;14;102.50;102.50;
2026;06;28;15;101.89;101.89;
2026;06;28;16;101.80;101.80;
2026;06;28;17;104.18;104.18;
2026;06;28;18;104.43;104.43;
2026;06;28;19;106.29;106.29;
2026;06;28;20;105.18;105.18;
2026;06;28;21;107.01;107.01;
2026;06;28;22;106.53;106.53;
2026;06;28;23;106.32;106.32;
2026;06;28;24;106.13;106.13;
2026;06;28;25;109.71;109.71;
2026;06;28;26;108.97;108.97;
2026;06;28;27;104.82;104.82;
2026;06;28;28;104.57;104.57;
2026;06;28;29;105.80;105.80;
2026;06;28;30;103.44;103.44;
2026;06;28;31;90.00;90.00;
2026;06;28;32;63.07;63.07;
2026;06;28;33;77.28;77.28;
2026;06;28;34;82.86;82.86;
2026;06;28;35;60.45;60.45;
2026;06;28;36;35.11;35.11;
2026;06;28;37;57.83;57.83;
2026;06;28;38;40.96;40.96;
2026;06;28;39;34.99;34.99;
2026;06;28;40;45.33;45.33;
2026;06;28;41;32.18;32.18;
2026;06;28;42;18.03;18.03;
2026;06;28;43;11.75;11.75;
2026;06;28;44;1.49;1.49;
2026;06;28;45;5.51;5.51;
2026;06;28;46;1.00;1.00;
2026;06;28;47;-0.07;-.07;
2026;06;28;48;-0.07;-.07;
2026;06;28;49;0.01;.01;
2026;06;28;50;0.99;.99;
2026;06;28;51;1.00;1.00;
2026;06;28;52;0.01;.01;
2026;06;28;53;0.00;.00;
2026;06;28;54;-0.07;-.07;
2026;06;28;55;-0.65;-.65;
2026;06;28;56;-2.00;-2.00;
2026;06;28;57;-2.38;-2.38;
2026;06;28;58;-2.46;-2.46;
2026;06;28;59;-2.50;-2.50;
2026;06;28;60;-2.00;-2.00;
2026;06;28;61;-0.22;-.22;
2026;06;28;62;-0.51;-.51;
2026;06;28;63;-1.00;-1.00;
2026;06;28;64;-0.07;-.07;
2026;06;28;65;0.84;.84;
2026;06;28;66;1.00;1.00;
2026;06;28;67;2.00;2.00;
2026;06;28;68;10.50;10.50;
2026;06;28;69;7.50;7.50;
2026;06;28;70;8.50;8.50;
2026;06;28;71;9.16;9.16;
2026;06;28;72;27.54;27.54;
2026;06;28;73;55.11;55.11;
2026;06;28;74;59.45;59.45;
2026;06;28;75;70.25;70.25;
2026;06;28;76;93.52;93.52;
2026;06;28;77;77.01;77.01;
2026;06;28;78;64.77;64.77;
2026;06;28;79;77.04;77.04;
2026;06;28;80;61.82;61.82;
2026;06;28;81;74.99;74.99;
2026;06;28;82;105.00;105.00;
2026;06;28;83;110.87;110.87;
2026;06;28;84;121.07;121.07;
2026;06;28;85;125.21;125.21;
2026;06;28;86;131.93;131.93;
2026;06;28;87;132.57;132.57;
2026;06;28;88;130.29;130.29;
2026;06;28;89;133.39;133.39;
2026;06;28;90;130.98;130.98;
2026;06;28;91;143.21;143.21;
2026;06;28;92;128.30;128.30;
2026;06;28;93;128.30;128.30;
2026;06;28;94;124.97;124.97;
2026;06;28;95;124.24;124.24;
2026;06;28;96;110.10;110.10;
*
