MARGINALPIBC;
2026;01;18;1;111.06;111.06;
2026;01;18;2;113.99;113.99;
2026;01;18;3;112.68;112.68;
2026;01;18;4;111.36;111.36;
2026;01;18;5;109.00;109.00;
2026;01;18;6;106.19;106.19;
2026;01;18;7;105.71;105.71;
2026;01;18;8;105.10;105.10;
2026;01;18;9;106.00;106.00;
2026;01;18;10;107.40;107.40;
2026;01;18;11;102.80;102.80;
2026;01;18;12;101.22;101.22;
2026;01;18;13;103.83;103.83;
2026;01;18;14;104.95;104.95;
2026;01;18;15;106.73;106.73;
2026;01;18;16;109.51;109.51;
2026;01;18;17;108.93;108.93;
2026;01;18;18;107.75;107.75;
2026;01;18;19;107.40;107.40;
2026;01;18;20;107.72;107.72;
2026;01;18;21;109.89;109.89;
2026;01;18;22;109.33;109.33;
2026;01;18;23;109.33;109.33;
2026;01;18;24;108.93;108.93;
2026;01;18;25;110.63;110.63;
2026;01;18;26;109.89;109.89;
2026;01;18;27;110.64;110.64;
2026;01;18;28;110.84;110.84;
2026;01;18;29;110.77;110.77;
2026;01;18;30;110.89;110.89;
2026;01;18;31;110.25;110.25;
2026;01;18;32;108.23;108.23;
2026;01;18;33;109.90;109.90;
2026;01;18;34;111.29;111.29;
2026;01;18;35;113.09;113.09;
2026;01;18;36;111.53;111.53;
2026;01;18;37;119.55;119.55;
2026;01;18;38;113.72;113.72;
2026;01;18;39;111.03;111.03;
2026;01;18;40;104.90;104.90;
2026;01;18;41;117.50;117.50;
2026;01;18;42;109.89;109.89;
2026;01;18;43;106.61;106.61;
2026;01;18;44;103.00;103.00;
2026;01;18;45;105.44;105.44;
2026;01;18;46;105.10;105.10;
2026;01;18;47;103.49;103.49;
2026;01;18;48;102.34;102.34;
2026;01;18;49;103.86;103.86;
2026;01;18;50;100.00;100.00;
2026;01;18;51;101.07;101.07;
2026;01;18;52;101.03;101.03;
2026;01;18;53;102.40;102.40;
2026;01;18;54;100.60;100.60;
2026;01;18;55;100.00;100.00;
2026;01;18;56;101.00;101.00;
2026;01;18;57;104.00;104.00;
2026;01;18;58;105.37;105.37;
2026;01;18;59;106.23;106.23;
2026;01;18;60;106.73;106.73;
2026;01;18;61;105.87;105.87;
2026;01;18;62;104.95;104.95;
2026;01;18;63;111.62;111.62;
2026;01;18;64;119.40;119.40;
2026;01;18;65;102.77;102.77;
2026;01;18;66;106.85;106.85;
2026;01;18;67;110.38;110.38;
2026;01;18;68;122.49;122.49;
2026;01;18;69;125.61;125.61;
2026;01;18;70;134.03;134.03;
2026;01;18;71;136.76;136.76;
2026;01;18;72;144.14;144.14;
2026;01;18;73;143.83;143.83;
2026;01;18;74;151.63;151.63;
2026;01;18;75;158.12;158.12;
2026;01;18;76;151.35;166.50;
2026;01;18;77;141.79;146.79;
2026;01;18;78;152.00;152.00;
2026;01;18;79;152.02;152.02;
2026;01;18;80;162.00;162.00;
2026;01;18;81;166.17;168.17;
2026;01;18;82;186.34;186.34;
2026;01;18;83;183.71;183.71;
2026;01;18;84;184.92;184.92;
2026;01;18;85;179.48;184.58;
2026;01;18;86;170.03;175.03;
2026;01;18;87;162.33;162.33;
2026;01;18;88;141.03;141.03;
2026;01;18;89;151.10;151.10;
2026;01;18;90;141.03;141.03;
2026;01;18;91;135.03;135.03;
2026;01;18;92;131.16;131.16;
2026;01;18;93;141.13;141.13;
2026;01;18;94;136.19;136.19;
2026;01;18;95;126.15;126.15;
2026;01;18;96;118.99;118.99;
*
