MARGINALPIBC;
2026;04;09;1;102.70;102.70;
2026;04;09;2;103.20;103.20;
2026;04;09;3;92.17;92.17;
2026;04;09;4;85.29;85.29;
2026;04;09;5;98.89;98.89;
2026;04;09;6;93.75;93.75;
2026;04;09;7;93.01;93.01;
2026;04;09;8;87.20;87.20;
2026;04;09;9;86.50;86.50;
2026;04;09;10;88.00;88.00;
2026;04;09;11;89.49;89.49;
2026;04;09;12;83.05;83.05;
2026;04;09;13;84.51;84.51;
2026;04;09;14;83.05;83.05;
2026;04;09;15;81.98;81.98;
2026;04;09;16;80.00;80.00;
2026;04;09;17;78.50;78.50;
2026;04;09;18;74.10;74.10;
2026;04;09;19;74.27;74.27;
2026;04;09;20;74.54;74.54;
2026;04;09;21;69.70;69.70;
2026;04;09;22;72.24;72.24;
2026;04;09;23;81.28;81.28;
2026;04;09;24;82.01;82.01;
2026;04;09;25;83.19;83.19;
2026;04;09;26;93.24;93.24;
2026;04;09;27;96.70;96.70;
2026;04;09;28;102.12;102.12;
2026;04;09;29;46.20;108.25;
2026;04;09;30;50.01;110.63;
2026;04;09;31;50.01;131.07;
2026;04;09;32;50.01;123.93;
2026;04;09;33;51.00;104.78;
2026;04;09;34;102.12;102.12;
2026;04;09;35;99.86;99.86;
2026;04;09;36;86.22;86.22;
2026;04;09;37;89.04;89.04;
2026;04;09;38;71.33;71.33;
2026;04;09;39;65.90;65.90;
2026;04;09;40;44.36;44.36;
2026;04;09;41;71.35;71.35;
2026;04;09;42;43.04;43.04;
2026;04;09;43;3.87;3.87;
2026;04;09;44;1.51;1.51;
2026;04;09;45;2.09;2.09;
2026;04;09;46;3.08;3.08;
2026;04;09;47;1.01;1.01;
2026;04;09;48;0.84;.84;
2026;04;09;49;1.51;.84;
2026;04;09;50;1.51;.01;
2026;04;09;51;1.51;.84;
2026;04;09;52;1.75;.01;
2026;04;09;53;1.75;.01;
2026;04;09;54;1.50;.01;
2026;04;09;55;1.45;-.07;
2026;04;09;56;1.00;.00;
2026;04;09;57;1.75;.00;
2026;04;09;58;1.75;.00;
2026;04;09;59;2.00;.00;
2026;04;09;60;2.00;-.01;
2026;04;09;61;2.00;-.07;
2026;04;09;62;4.00;-.07;
2026;04;09;63;4.18;-.01;
2026;04;09;64;4.43;.01;
2026;04;09;65;4.50;.01;
2026;04;09;66;4.70;-.01;
2026;04;09;67;4.00;.48;
2026;04;09;68;4.99;.50;
2026;04;09;69;3.00;.00;
2026;04;09;70;4.99;.84;
2026;04;09;71;5.00;3.08;
2026;04;09;72;5.01;3.08;
2026;04;09;73;5.41;5.41;
2026;04;09;74;12.02;12.02;
2026;04;09;75;31.80;31.80;
2026;04;09;76;51.87;51.87;
2026;04;09;77;53.51;53.51;
2026;04;09;78;62.48;62.48;
2026;04;09;79;78.18;78.18;
2026;04;09;80;83.05;83.05;
2026;04;09;81;90.71;90.71;
2026;04;09;82;83.05;100.18;
2026;04;09;83;90.44;100.75;
2026;04;09;84;97.86;97.86;
2026;04;09;85;99.03;99.03;
2026;04;09;86;98.08;98.08;
2026;04;09;87;96.20;96.20;
2026;04;09;88;93.40;93.40;
2026;04;09;89;86.97;86.97;
2026;04;09;90;86.97;86.97;
2026;04;09;91;85.54;85.54;
2026;04;09;92;83.05;83.05;
2026;04;09;93;84.68;84.68;
2026;04;09;94;75.42;75.42;
2026;04;09;95;73.24;73.24;
2026;04;09;96;66.50;66.50;
*
