MARGINALPIBC;
2026;07;02;1;114.46;114.46;
2026;07;02;2;107.49;107.49;
2026;07;02;3;97.63;97.63;
2026;07;02;4;93.11;93.11;
2026;07;02;5;108.28;108.28;
2026;07;02;6;102.99;102.99;
2026;07;02;7;90.30;90.30;
2026;07;02;8;81.93;81.93;
2026;07;02;9;87.25;87.25;
2026;07;02;10;80.46;80.46;
2026;07;02;11;75.39;75.39;
2026;07;02;12;72.11;72.11;
2026;07;02;13;61.51;61.51;
2026;07;02;14;61.14;61.14;
2026;07;02;15;57.52;57.52;
2026;07;02;16;53.61;53.61;
2026;07;02;17;48.07;48.07;
2026;07;02;18;42.64;42.64;
2026;07;02;19;55.96;55.96;
2026;07;02;20;52.18;52.18;
2026;07;02;21;50.00;50.00;
2026;07;02;22;48.94;48.94;
2026;07;02;23;48.47;48.47;
2026;07;02;24;56.01;56.01;
2026;07;02;25;55.04;55.04;
2026;07;02;26;70.12;70.12;
2026;07;02;27;72.00;72.00;
2026;07;02;28;79.64;79.64;
2026;07;02;29;94.89;94.89;
2026;07;02;30;90.23;90.23;
2026;07;02;31;83.92;83.92;
2026;07;02;32;50.03;50.03;
2026;07;02;33;87.53;87.53;
2026;07;02;34;58.75;58.75;
2026;07;02;35;30.77;30.77;
2026;07;02;36;-0.33;-.33;
2026;07;02;37;0.17;.17;
2026;07;02;38;-10.82;-10.82;
2026;07;02;39;-6.24;-6.24;
2026;07;02;40;-6.24;-6.24;
2026;07;02;41;-10.82;-10.82;
2026;07;02;42;-11.32;-11.32;
2026;07;02;43;-14.00;-14.00;
2026;07;02;44;-10.82;-10.82;
2026;07;02;45;-6.24;-6.24;
2026;07;02;46;-0.01;-.01;
2026;07;02;47;-1.26;-1.26;
2026;07;02;48;-0.01;-.01;
2026;07;02;49;-6.24;-6.24;
2026;07;02;50;-5.36;-5.36;
2026;07;02;51;-2.73;-2.73;
2026;07;02;52;-2.71;-2.71;
2026;07;02;53;-0.03;-.03;
2026;07;02;54;-0.01;-.01;
2026;07;02;55;-0.03;-.03;
2026;07;02;56;-0.03;-.03;
2026;07;02;57;-0.03;-.03;
2026;07;02;58;-0.01;-.01;
2026;07;02;59;0.00;.00;
2026;07;02;60;-0.01;-.01;
2026;07;02;61;0.00;.00;
2026;07;02;62;0.00;.00;
2026;07;02;63;0.00;.00;
2026;07;02;64;0.00;.00;
2026;07;02;65;0.00;.00;
2026;07;02;66;0.00;.00;
2026;07;02;67;0.00;.00;
2026;07;02;68;0.00;.00;
2026;07;02;69;-7.02;-7.02;
2026;07;02;70;-2.00;-2.00;
2026;07;02;71;-2.00;-2.00;
2026;07;02;72;0.00;.00;
2026;07;02;73;0.17;.17;
2026;07;02;74;0.19;.19;
2026;07;02;75;1.00;1.00;
2026;07;02;76;1.19;1.19;
2026;07;02;77;3.43;3.43;
2026;07;02;78;5.88;5.88;
2026;07;02;79;12.96;12.96;
2026;07;02;80;34.15;34.15;
2026;07;02;81;37.10;37.10;
2026;07;02;82;68.99;68.99;
2026;07;02;83;100.46;100.46;
2026;07;02;84;105.17;105.17;
2026;07;02;85;106.52;106.52;
2026;07;02;86;120.00;120.00;
2026;07;02;87;132.36;132.36;
2026;07;02;88;133.07;133.07;
2026;07;02;89;133.80;133.80;
2026;07;02;90;129.69;129.69;
2026;07;02;91;119.15;119.15;
2026;07;02;92;112.54;112.54;
2026;07;02;93;109.31;109.31;
2026;07;02;94;106.15;106.15;
2026;07;02;95;102.01;102.01;
2026;07;02;96;101.22;101.22;
*
