MARGINALPIBC;
2026;05;18;1;100.90;100.90;
2026;05;18;2;100.30;100.30;
2026;05;18;3;57.30;57.30;
2026;05;18;4;52.47;52.47;
2026;05;18;5;68.16;68.16;
2026;05;18;6;66.85;66.85;
2026;05;18;7;62.82;62.82;
2026;05;18;8;64.00;64.00;
2026;05;18;9;70.00;70.00;
2026;05;18;10;69.43;69.43;
2026;05;18;11;66.01;66.01;
2026;05;18;12;66.76;66.76;
2026;05;18;13;67.20;67.20;
2026;05;18;14;57.80;57.80;
2026;05;18;15;54.60;54.60;
2026;05;18;16;55.31;55.31;
2026;05;18;17;52.26;52.26;
2026;05;18;18;59.80;59.80;
2026;05;18;19;60.90;60.90;
2026;05;18;20;60.70;60.70;
2026;05;18;21;68.53;68.53;
2026;05;18;22;62.80;62.80;
2026;05;18;23;70.52;70.52;
2026;05;18;24;71.15;71.15;
2026;05;18;25;60.31;60.31;
2026;05;18;26;58.98;58.98;
2026;05;18;27;66.44;66.44;
2026;05;18;28;94.11;94.11;
2026;05;18;29;116.98;116.98;
2026;05;18;30;120.01;120.01;
2026;05;18;31;116.04;116.04;
2026;05;18;32;114.04;114.04;
2026;05;18;33;117.86;117.86;
2026;05;18;34;110.46;110.46;
2026;05;18;35;92.00;92.00;
2026;05;18;36;75.00;75.00;
2026;05;18;37;99.52;99.52;
2026;05;18;38;111.80;111.80;
2026;05;18;39;105.80;105.80;
2026;05;18;40;80.00;80.00;
2026;05;18;41;100.48;100.48;
2026;05;18;42;95.00;95.00;
2026;05;18;43;80.00;80.00;
2026;05;18;44;82.20;82.20;
2026;05;18;45;82.52;82.52;
2026;05;18;46;80.00;80.00;
2026;05;18;47;80.00;80.00;
2026;05;18;48;62.06;62.06;
2026;05;18;49;50.51;50.51;
2026;05;18;50;45.00;45.00;
2026;05;18;51;41.01;41.01;
2026;05;18;52;41.01;41.01;
2026;05;18;53;45.01;45.01;
2026;05;18;54;41.01;41.01;
2026;05;18;55;41.01;41.01;
2026;05;18;56;34.60;34.60;
2026;05;18;57;45.00;45.00;
2026;05;18;58;41.00;41.00;
2026;05;18;59;30.00;30.00;
2026;05;18;60;30.00;30.00;
2026;05;18;61;30.00;30.00;
2026;05;18;62;30.00;30.00;
2026;05;18;63;27.01;27.01;
2026;05;18;64;27.01;27.01;
2026;05;18;65;25.00;25.00;
2026;05;18;66;25.00;25.00;
2026;05;18;67;27.01;27.01;
2026;05;18;68;28.41;28.41;
2026;05;18;69;14.20;14.20;
2026;05;18;70;27.01;27.01;
2026;05;18;71;50.24;50.24;
2026;05;18;72;56.09;56.09;
2026;05;18;73;55.54;55.54;
2026;05;18;74;80.98;80.98;
2026;05;18;75;85.66;85.66;
2026;05;18;76;74.78;74.78;
2026;05;18;77;65.53;58.49;
2026;05;18;78;53.26;53.26;
2026;05;18;79;79.20;79.20;
2026;05;18;80;87.40;87.40;
2026;05;18;81;79.15;79.15;
2026;05;18;82;100.00;100.00;
2026;05;18;83;114.25;114.25;
2026;05;18;84;120.21;120.21;
2026;05;18;85;125.01;125.01;
2026;05;18;86;131.66;131.66;
2026;05;18;87;132.95;132.95;
2026;05;18;88;121.63;121.63;
2026;05;18;89;126.00;126.00;
2026;05;18;90;117.51;117.51;
2026;05;18;91;121.30;121.30;
2026;05;18;92;118.14;118.14;
2026;05;18;93;116.42;116.42;
2026;05;18;94;106.14;106.14;
2026;05;18;95;102.27;102.27;
2026;05;18;96;93.45;93.45;
*
