MARGINALPIBC;
2026;05;29;1;159.47;138.57;
2026;05;29;2;125.43;131.15;
2026;05;29;3;115.43;118.04;
2026;05;29;4;115.43;108.24;
2026;05;29;5;115.43;121.36;
2026;05;29;6;115.43;110.64;
2026;05;29;7;115.43;112.11;
2026;05;29;8;115.43;111.93;
2026;05;29;9;115.43;120.66;
2026;05;29;10;115.43;119.00;
2026;05;29;11;109.43;113.58;
2026;05;29;12;109.43;112.11;
2026;05;29;13;110.27;118.02;
2026;05;29;14;109.43;117.83;
2026;05;29;15;109.43;115.48;
2026;05;29;16;133.25;112.40;
2026;05;29;17;133.25;112.12;
2026;05;29;18;133.25;111.54;
2026;05;29;19;109.43;110.64;
2026;05;29;20;109.43;109.17;
2026;05;29;21;109.43;113.25;
2026;05;29;22;133.25;113.58;
2026;05;29;23;133.25;112.11;
2026;05;29;24;133.25;108.24;
2026;05;29;25;133.25;100.40;
2026;05;29;26;133.25;111.50;
2026;05;29;27;133.25;112.03;
2026;05;29;28;133.25;112.60;
2026;05;29;29;151.23;119.85;
2026;05;29;30;133.25;115.18;
2026;05;29;31;133.25;109.97;
2026;05;29;32;133.25;106.95;
2026;05;29;33;133.25;111.92;
2026;05;29;34;133.25;108.59;
2026;05;29;35;106.98;98.62;
2026;05;29;36;84.55;73.87;
2026;05;29;37;94.45;94.27;
2026;05;29;38;72.71;25.67;
2026;05;29;39;11.24;-10.82;
2026;05;29;40;34.55;-11.32;
2026;05;29;41;29.98;-10.82;
2026;05;29;42;21.14;-10.82;
2026;05;29;43;17.47;-.07;
2026;05;29;44;17.14;-.07;
2026;05;29;45;17.70;-1.36;
2026;05;29;46;11.22;-1.57;
2026;05;29;47;10.48;-.16;
2026;05;29;48;10.31;-4.91;
2026;05;29;49;12.98;1.89;
2026;05;29;50;12.68;.84;
2026;05;29;51;9.98;.84;
2026;05;29;52;9.76;.84;
2026;05;29;53;6.75;5.28;
2026;05;29;54;6.42;1.44;
2026;05;29;55;6.32;.84;
2026;05;29;56;6.26;-.07;
2026;05;29;57;10.31;6.33;
2026;05;29;58;10.31;9.34;
2026;05;29;59;10.31;10.41;
2026;05;29;60;10.31;17.28;
2026;05;29;61;10.31;11.14;
2026;05;29;62;13.87;26.73;
2026;05;29;63;11.45;15.04;
2026;05;29;64;11.02;11.09;
2026;05;29;65;27.01;14.30;
2026;05;29;66;20.33;15.17;
2026;05;29;67;20.24;21.22;
2026;05;29;68;21.23;25.76;
2026;05;29;69;20.08;40.10;
2026;05;29;70;24.89;46.01;
2026;05;29;71;27.91;38.41;
2026;05;29;72;34.87;45.38;
2026;05;29;73;44.36;64.27;
2026;05;29;74;59.98;69.88;
2026;05;29;75;72.73;78.89;
2026;05;29;76;84.19;70.19;
2026;05;29;77;73.38;68.40;
2026;05;29;78;86.60;73.00;
2026;05;29;79;105.35;95.36;
2026;05;29;80;110.36;97.04;
2026;05;29;81;108.34;58.36;
2026;05;29;82;109.43;99.81;
2026;05;29;83;115.43;123.86;
2026;05;29;84;125.68;136.10;
2026;05;29;85;147.47;142.83;
2026;05;29;86;156.24;150.00;
2026;05;29;87;163.01;155.01;
2026;05;29;88;156.24;148.80;
2026;05;29;89;168.97;159.72;
2026;05;29;90;156.24;147.43;
2026;05;29;91;156.24;142.95;
2026;05;29;92;144.84;137.90;
2026;05;29;93;129.46;131.72;
2026;05;29;94;115.43;125.01;
2026;05;29;95;115.43;125.36;
2026;05;29;96;115.43;112.16;
*
