MARGINALPIBC;
2026;02;23;1;26.98;26.98;
2026;02;23;2;26.98;26.98;
2026;02;23;3;22.00;22.00;
2026;02;23;4;20.66;20.66;
2026;02;23;5;21.36;21.36;
2026;02;23;6;22.16;22.16;
2026;02;23;7;19.38;19.38;
2026;02;23;8;19.13;19.13;
2026;02;23;9;37.30;37.30;
2026;02;23;10;38.68;38.68;
2026;02;23;11;36.41;36.41;
2026;02;23;12;37.20;37.20;
2026;02;23;13;36.41;36.41;
2026;02;23;14;36.41;36.41;
2026;02;23;15;31.33;31.33;
2026;02;23;16;28.30;28.30;
2026;02;23;17;22.90;22.90;
2026;02;23;18;24.96;24.96;
2026;02;23;19;24.96;24.96;
2026;02;23;20;26.98;26.98;
2026;02;23;21;27.24;28.55;
2026;02;23;22;26.98;37.00;
2026;02;23;23;27.50;30.01;
2026;02;23;24;26.98;26.98;
2026;02;23;25;22.00;33.26;
2026;02;23;26;7.16;7.16;
2026;02;23;27;3.79;5.00;
2026;02;23;28;2.01;2.01;
2026;02;23;29;3.79;43.50;
2026;02;23;30;3.79;57.10;
2026;02;23;31;7.16;73.32;
2026;02;23;32;7.16;82.34;
2026;02;23;33;8.34;89.63;
2026;02;23;34;35.36;83.36;
2026;02;23;35;35.36;67.77;
2026;02;23;36;27.24;27.24;
2026;02;23;37;27.01;27.01;
2026;02;23;38;23.20;23.20;
2026;02;23;39;21.36;21.36;
2026;02;23;40;10.00;10.00;
2026;02;23;41;21.36;21.36;
2026;02;23;42;10.00;10.00;
2026;02;23;43;10.00;10.00;
2026;02;23;44;11.59;11.59;
2026;02;23;45;5.99;5.99;
2026;02;23;46;5.70;5.70;
2026;02;23;47;6.44;6.44;
2026;02;23;48;5.40;5.40;
2026;02;23;49;0.90;.90;
2026;02;23;50;1.10;1.10;
2026;02;23;51;1.13;1.13;
2026;02;23;52;0.16;.16;
2026;02;23;53;1.50;1.50;
2026;02;23;54;1.55;1.55;
2026;02;23;55;0.99;.99;
2026;02;23;56;0.20;.20;
2026;02;23;57;1.09;1.09;
2026;02;23;58;1.10;1.10;
2026;02;23;59;1.44;1.44;
2026;02;23;60;1.50;1.50;
2026;02;23;61;3.51;3.51;
2026;02;23;62;3.78;3.78;
2026;02;23;63;3.78;3.78;
2026;02;23;64;4.37;4.37;
2026;02;23;65;0.05;.05;
2026;02;23;66;0.10;.10;
2026;02;23;67;3.78;3.78;
2026;02;23;68;15.36;15.36;
2026;02;23;69;19.26;19.26;
2026;02;23;70;19.38;19.38;
2026;02;23;71;23.89;23.89;
2026;02;23;72;30.61;30.61;
2026;02;23;73;3.79;38.68;
2026;02;23;74;3.79;68.13;
2026;02;23;75;3.79;88.57;
2026;02;23;76;7.16;112.40;
2026;02;23;77;15.00;112.70;
2026;02;23;78;16.00;117.81;
2026;02;23;79;16.00;114.53;
2026;02;23;80;16.00;133.45;
2026;02;23;81;16.00;156.34;
2026;02;23;82;16.00;182.00;
2026;02;23;83;16.00;182.00;
2026;02;23;84;16.00;158.71;
2026;02;23;85;16.00;147.00;
2026;02;23;86;16.00;102.75;
2026;02;23;87;15.00;90.80;
2026;02;23;88;15.00;85.96;
2026;02;23;89;14.64;83.93;
2026;02;23;90;18.00;67.14;
2026;02;23;91;9.96;54.27;
2026;02;23;92;3.79;51.06;
2026;02;23;93;20.00;49.03;
2026;02;23;94;32.25;37.09;
2026;02;23;95;28.34;37.61;
2026;02;23;96;26.98;26.98;
*
