MARGINALPIBC;
2026;06;07;1;107.84;107.84;
2026;06;07;2;98.98;98.98;
2026;06;07;3;86.37;86.37;
2026;06;07;4;107.04;107.04;
2026;06;07;5;104.67;104.67;
2026;06;07;6;100.00;100.00;
2026;06;07;7;103.39;103.39;
2026;06;07;8;103.88;103.88;
2026;06;07;9;104.19;104.19;
2026;06;07;10;103.39;103.39;
2026;06;07;11;104.49;104.49;
2026;06;07;12;104.50;104.50;
2026;06;07;13;105.12;105.12;
2026;06;07;14;105.12;105.12;
2026;06;07;15;105.12;105.12;
2026;06;07;16;104.89;104.89;
2026;06;07;17;105.12;105.12;
2026;06;07;18;104.50;104.50;
2026;06;07;19;104.19;104.19;
2026;06;07;20;104.74;104.74;
2026;06;07;21;107.59;107.59;
2026;06;07;22;107.90;107.90;
2026;06;07;23;107.90;107.90;
2026;06;07;24;107.90;107.90;
2026;06;07;25;106.00;106.00;
2026;06;07;26;106.00;106.00;
2026;06;07;27;105.87;105.87;
2026;06;07;28;106.26;106.26;
2026;06;07;29;100.04;100.04;
2026;06;07;30;96.60;96.60;
2026;06;07;31;82.00;82.00;
2026;06;07;32;21.20;21.20;
2026;06;07;33;23.97;23.97;
2026;06;07;34;-0.07;-.07;
2026;06;07;35;27.99;-.55;
2026;06;07;36;50.73;-2.79;
2026;06;07;37;25.73;-.52;
2026;06;07;38;24.11;-2.01;
2026;06;07;39;12.86;-2.68;
2026;06;07;40;6.20;-7.29;
2026;06;07;41;6.20;-4.99;
2026;06;07;42;2.86;-5.20;
2026;06;07;43;2.32;-6.76;
2026;06;07;44;2.32;-8.54;
2026;06;07;45;2.86;-9.70;
2026;06;07;46;2.86;-10.00;
2026;06;07;47;1.75;-10.08;
2026;06;07;48;1.75;-11.51;
2026;06;07;49;2.86;-11.32;
2026;06;07;50;2.34;-14.00;
2026;06;07;51;2.34;-14.00;
2026;06;07;52;2.34;-14.00;
2026;06;07;53;2.34;-12.30;
2026;06;07;54;1.75;-12.30;
2026;06;07;55;1.75;-12.00;
2026;06;07;56;1.75;-12.50;
2026;06;07;57;1.50;-12.30;
2026;06;07;58;0.15;-12.30;
2026;06;07;59;0.15;-14.00;
2026;06;07;60;0.00;-14.00;
2026;06;07;61;0.00;-14.00;
2026;06;07;62;0.00;-14.00;
2026;06;07;63;-0.99;-14.00;
2026;06;07;64;-0.99;-14.00;
2026;06;07;65;-1.85;-14.00;
2026;06;07;66;-0.99;-11.71;
2026;06;07;67;-0.99;-9.70;
2026;06;07;68;-1.00;-3.61;
2026;06;07;69;-1.51;-6.67;
2026;06;07;70;-0.99;-7.96;
2026;06;07;71;-0.08;-7.76;
2026;06;07;72;-5.00;-9.90;
2026;06;07;73;-1.00;-9.90;
2026;06;07;74;0.03;-5.42;
2026;06;07;75;0.84;-2.38;
2026;06;07;76;1.45;1.45;
2026;06;07;77;10.82;10.82;
2026;06;07;78;21.89;21.89;
2026;06;07;79;18.73;18.73;
2026;06;07;80;55.39;55.39;
2026;06;07;81;38.70;38.70;
2026;06;07;82;73.81;73.81;
2026;06;07;83;99.60;99.60;
2026;06;07;84;112.13;112.13;
2026;06;07;85;103.45;103.45;
2026;06;07;86;119.64;119.64;
2026;06;07;87;126.80;126.80;
2026;06;07;88;131.72;131.72;
2026;06;07;89;130.72;130.72;
2026;06;07;90;131.22;131.22;
2026;06;07;91;132.00;132.00;
2026;06;07;92;126.70;126.70;
2026;06;07;93;123.41;123.41;
2026;06;07;94;115.93;115.93;
2026;06;07;95;115.20;115.20;
2026;06;07;96;100.81;100.81;
*
