MARGINALPIBC;
2026;01;04;1;62.60;89.82;
2026;01;04;2;62.60;73.20;
2026;01;04;3;62.60;69.54;
2026;01;04;4;93.52;68.00;
2026;01;04;5;87.00;70.00;
2026;01;04;6;79.50;70.50;
2026;01;04;7;76.33;69.00;
2026;01;04;8;75.87;68.00;
2026;01;04;9;57.80;81.01;
2026;01;04;10;58.60;81.01;
2026;01;04;11;58.60;83.71;
2026;01;04;12;58.37;83.06;
2026;01;04;13;58.24;81.01;
2026;01;04;14;53.30;80.50;
2026;01;04;15;53.30;75.00;
2026;01;04;16;53.30;75.00;
2026;01;04;17;53.30;75.00;
2026;01;04;18;53.30;76.10;
2026;01;04;19;52.18;75.07;
2026;01;04;20;51.49;75.07;
2026;01;04;21;51.37;75.07;
2026;01;04;22;48.40;75.51;
2026;01;04;23;48.40;75.00;
2026;01;04;24;48.40;75.07;
2026;01;04;25;52.70;75.07;
2026;01;04;26;53.30;75.33;
2026;01;04;27;48.40;75.75;
2026;01;04;28;48.40;70.11;
2026;01;04;29;48.40;78.00;
2026;01;04;30;48.40;78.00;
2026;01;04;31;48.40;80.32;
2026;01;04;32;45.90;79.07;
2026;01;04;33;48.40;70.60;
2026;01;04;34;48.40;78.31;
2026;01;04;35;48.40;81.19;
2026;01;04;36;53.30;83.71;
2026;01;04;37;53.30;79.85;
2026;01;04;38;53.30;77.00;
2026;01;04;39;53.30;75.05;
2026;01;04;40;53.30;73.01;
2026;01;04;41;53.30;85.83;
2026;01;04;42;56.20;89.21;
2026;01;04;43;55.25;88.65;
2026;01;04;44;53.52;80.28;
2026;01;04;45;58.11;77.00;
2026;01;04;46;57.98;77.00;
2026;01;04;47;57.98;74.00;
2026;01;04;48;57.85;79.00;
2026;01;04;49;57.98;73.38;
2026;01;04;50;57.98;75.95;
2026;01;04;51;58.24;77.00;
2026;01;04;52;58.24;77.00;
2026;01;04;53;58.60;71.50;
2026;01;04;54;58.60;73.36;
2026;01;04;55;58.60;73.52;
2026;01;04;56;58.60;73.52;
2026;01;04;57;58.60;78.20;
2026;01;04;58;58.60;79.00;
2026;01;04;59;58.60;79.00;
2026;01;04;60;58.60;77.93;
2026;01;04;61;58.60;81.01;
2026;01;04;62;58.60;79.00;
2026;01;04;63;58.60;87.07;
2026;01;04;64;58.60;90.00;
2026;01;04;65;58.60;80.37;
2026;01;04;66;61.72;89.21;
2026;01;04;67;63.34;90.75;
2026;01;04;68;69.33;91.93;
2026;01;04;69;66.87;81.87;
2026;01;04;70;67.50;89.90;
2026;01;04;71;75.00;92.84;
2026;01;04;72;83.00;92.56;
2026;01;04;73;89.00;100.00;
2026;01;04;74;94.00;98.39;
2026;01;04;75;96.59;98.27;
2026;01;04;76;84.69;98.70;
2026;01;04;77;58.60;95.02;
2026;01;04;78;58.60;97.50;
2026;01;04;79;62.60;96.10;
2026;01;04;80;85.70;95.71;
2026;01;04;81;86.73;95.24;
2026;01;04;82;83.22;97.56;
2026;01;04;83;83.40;96.61;
2026;01;04;84;96.59;96.61;
2026;01;04;85;62.60;100.25;
2026;01;04;86;62.60;99.70;
2026;01;04;87;62.60;98.11;
2026;01;04;88;62.60;95.99;
2026;01;04;89;96.01;103.98;
2026;01;04;90;95.14;100.15;
2026;01;04;91;99.70;98.70;
2026;01;04;92;95.01;93.54;
2026;01;04;93;96.59;93.70;
2026;01;04;94;80.35;92.37;
2026;01;04;95;72.05;89.21;
2026;01;04;96;64.94;83.43;
*
