MARGINALPIBC;
2026;03;02;1;0.00;.00;
2026;03;02;2;18.50;18.50;
2026;03;02;3;14.00;14.00;
2026;03;02;4;2.65;2.65;
2026;03;02;5;9.00;9.00;
2026;03;02;6;2.01;2.01;
2026;03;02;7;3.48;3.48;
2026;03;02;8;0.10;.10;
2026;03;02;9;0.10;.10;
2026;03;02;10;0.10;.10;
2026;03;02;11;0.10;.10;
2026;03;02;12;0.10;.10;
2026;03;02;13;0.10;.10;
2026;03;02;14;0.10;.10;
2026;03;02;15;0.10;.10;
2026;03;02;16;0.10;.10;
2026;03;02;17;0.10;.10;
2026;03;02;18;0.10;.10;
2026;03;02;19;0.10;.10;
2026;03;02;20;0.00;.00;
2026;03;02;21;0.99;.99;
2026;03;02;22;0.10;.10;
2026;03;02;23;2.95;2.95;
2026;03;02;24;5.00;5.00;
2026;03;02;25;12.39;12.39;
2026;03;02;26;18.00;18.00;
2026;03;02;27;20.00;20.00;
2026;03;02;28;12.50;12.50;
2026;03;02;29;1.00;1.00;
2026;03;02;30;0.10;.10;
2026;03;02;31;1.00;1.00;
2026;03;02;32;0.10;15.00;
2026;03;02;33;12.75;12.75;
2026;03;02;34;0.10;.10;
2026;03;02;35;0.00;.00;
2026;03;02;36;-5.00;-5.00;
2026;03;02;37;0.10;.10;
2026;03;02;38;0.90;.90;
2026;03;02;39;1.00;1.00;
2026;03;02;40;-0.30;-.30;
2026;03;02;41;-0.30;-.30;
2026;03;02;42;0.00;.00;
2026;03;02;43;-0.42;-.42;
2026;03;02;44;0.00;.00;
2026;03;02;45;0.91;.91;
2026;03;02;46;0.20;.00;
2026;03;02;47;0.20;-.80;
2026;03;02;48;0.00;-2.10;
2026;03;02;49;0.00;-3.00;
2026;03;02;50;0.25;-3.00;
2026;03;02;51;0.20;-3.00;
2026;03;02;52;0.20;-5.00;
2026;03;02;53;0.15;-5.00;
2026;03;02;54;0.10;-5.00;
2026;03;02;55;0.01;-7.26;
2026;03;02;56;0.03;-5.76;
2026;03;02;57;0.03;-5.00;
2026;03;02;58;0.10;-3.00;
2026;03;02;59;0.20;-2.00;
2026;03;02;60;0.30;-1.76;
2026;03;02;61;0.00;-2.99;
2026;03;02;62;-0.01;-1.63;
2026;03;02;63;-0.80;-.80;
2026;03;02;64;-0.01;-.01;
2026;03;02;65;0.00;.00;
2026;03;02;66;0.00;.00;
2026;03;02;67;0.00;.00;
2026;03;02;68;0.00;.00;
2026;03;02;69;0.00;.00;
2026;03;02;70;3.90;3.90;
2026;03;02;71;15.01;15.01;
2026;03;02;72;23.00;23.00;
2026;03;02;73;0.00;.00;
2026;03;02;74;0.20;.20;
2026;03;02;75;5.00;5.00;
2026;03;02;76;45.42;45.42;
2026;03;02;77;46.48;46.48;
2026;03;02;78;54.99;79.97;
2026;03;02;79;26.46;91.91;
2026;03;02;80;37.52;90.60;
2026;03;02;81;10.00;92.60;
2026;03;02;82;37.52;89.13;
2026;03;02;83;71.45;81.46;
2026;03;02;84;70.00;70.00;
2026;03;02;85;79.92;79.92;
2026;03;02;86;70.00;70.00;
2026;03;02;87;60.76;60.76;
2026;03;02;88;41.21;41.21;
2026;03;02;89;34.99;51.90;
2026;03;02;90;37.39;48.76;
2026;03;02;91;30.01;49.74;
2026;03;02;92;0.10;13.17;
2026;03;02;93;30.01;30.01;
2026;03;02;94;7.00;7.00;
2026;03;02;95;0.10;.10;
2026;03;02;96;0.10;.10;
*
