MARGINALPIBC;
2026;04;29;1;109.80;109.80;
2026;04;29;2;111.00;111.00;
2026;04;29;3;107.90;107.90;
2026;04;29;4;108.00;108.00;
2026;04;29;5;105.91;105.91;
2026;04;29;6;107.17;107.17;
2026;04;29;7;106.45;106.45;
2026;04;29;8;104.00;104.00;
2026;04;29;9;101.30;101.30;
2026;04;29;10;99.66;99.66;
2026;04;29;11;100.72;100.72;
2026;04;29;12;101.50;101.50;
2026;04;29;13;102.74;102.74;
2026;04;29;14;102.61;102.61;
2026;04;29;15;102.75;102.75;
2026;04;29;16;102.75;102.75;
2026;04;29;17;102.00;102.00;
2026;04;29;18;101.11;101.11;
2026;04;29;19;101.78;101.78;
2026;04;29;20;98.86;98.86;
2026;04;29;21;98.80;98.80;
2026;04;29;22;98.38;98.38;
2026;04;29;23;98.86;98.86;
2026;04;29;24;99.64;99.64;
2026;04;29;25;100.97;100.97;
2026;04;29;26;101.35;101.35;
2026;04;29;27;105.36;105.36;
2026;04;29;28;106.07;106.07;
2026;04;29;29;107.72;107.72;
2026;04;29;30;109.00;109.00;
2026;04;29;31;114.00;114.00;
2026;04;29;32;114.26;114.26;
2026;04;29;33;109.00;109.00;
2026;04;29;34;108.75;108.75;
2026;04;29;35;104.78;104.78;
2026;04;29;36;81.51;81.51;
2026;04;29;37;87.83;87.83;
2026;04;29;38;67.77;67.77;
2026;04;29;39;60.00;60.00;
2026;04;29;40;42.14;42.14;
2026;04;29;41;60.55;60.55;
2026;04;29;42;46.66;46.66;
2026;04;29;43;42.14;42.14;
2026;04;29;44;43.57;43.57;
2026;04;29;45;46.66;46.66;
2026;04;29;46;40.55;40.55;
2026;04;29;47;32.37;32.37;
2026;04;29;48;34.78;34.78;
2026;04;29;49;40.55;40.55;
2026;04;29;50;40.00;40.00;
2026;04;29;51;35.55;35.55;
2026;04;29;52;37.42;37.42;
2026;04;29;53;40.02;40.02;
2026;04;29;54;35.42;35.42;
2026;04;29;55;32.06;32.06;
2026;04;29;56;29.59;29.59;
2026;04;29;57;32.34;32.34;
2026;04;29;58;27.53;27.53;
2026;04;29;59;20.73;20.73;
2026;04;29;60;20.10;20.10;
2026;04;29;61;17.20;17.20;
2026;04;29;62;14.50;14.50;
2026;04;29;63;12.56;12.56;
2026;04;29;64;12.63;12.63;
2026;04;29;65;12.79;12.79;
2026;04;29;66;16.00;16.00;
2026;04;29;67;22.20;22.20;
2026;04;29;68;23.10;23.10;
2026;04;29;69;25.00;25.00;
2026;04;29;70;27.10;27.10;
2026;04;29;71;40.00;40.00;
2026;04;29;72;52.32;52.32;
2026;04;29;73;26.84;26.84;
2026;04;29;74;37.88;37.88;
2026;04;29;75;42.14;42.14;
2026;04;29;76;56.60;56.60;
2026;04;29;77;70.24;70.24;
2026;04;29;78;84.82;84.82;
2026;04;29;79;89.64;89.64;
2026;04;29;80;95.20;95.20;
2026;04;29;81;86.50;86.50;
2026;04;29;82;103.57;103.57;
2026;04;29;83;102.69;102.69;
2026;04;29;84;105.09;105.09;
2026;04;29;85;106.82;106.82;
2026;04;29;86;110.56;110.56;
2026;04;29;87;108.12;108.12;
2026;04;29;88;105.69;105.69;
2026;04;29;89;103.30;103.30;
2026;04;29;90;101.73;101.73;
2026;04;29;91;102.85;102.85;
2026;04;29;92;97.93;97.93;
2026;04;29;93;99.78;99.78;
2026;04;29;94;96.18;96.18;
2026;04;29;95;95.00;95.00;
2026;04;29;96;86.10;86.10;
*
