MARGINALPIBC;
2026;04;21;1;96.38;96.38;
2026;04;21;2;96.92;96.92;
2026;04;21;3;96.01;96.01;
2026;04;21;4;94.62;94.62;
2026;04;21;5;95.52;95.52;
2026;04;21;6;94.14;94.14;
2026;04;21;7;87.12;87.12;
2026;04;21;8;86.79;86.79;
2026;04;21;9;88.00;88.00;
2026;04;21;10;87.10;87.10;
2026;04;21;11;86.20;86.20;
2026;04;21;12;85.30;85.30;
2026;04;21;13;85.30;85.30;
2026;04;21;14;82.70;82.70;
2026;04;21;15;77.30;77.30;
2026;04;21;16;75.50;75.50;
2026;04;21;17;80.08;80.08;
2026;04;21;18;83.28;83.28;
2026;04;21;19;85.30;85.30;
2026;04;21;20;85.30;85.30;
2026;04;21;21;85.30;85.30;
2026;04;21;22;79.51;79.51;
2026;04;21;23;75.98;75.98;
2026;04;21;24;85.30;85.30;
2026;04;21;25;82.28;82.28;
2026;04;21;26;85.30;85.30;
2026;04;21;27;85.30;85.30;
2026;04;21;28;83.57;83.57;
2026;04;21;29;94.62;94.62;
2026;04;21;30;96.70;96.70;
2026;04;21;31;97.40;98.71;
2026;04;21;32;96.70;96.70;
2026;04;21;33;91.64;91.64;
2026;04;21;34;89.80;89.80;
2026;04;21;35;86.20;86.20;
2026;04;21;36;49.14;49.14;
2026;04;21;37;81.00;81.00;
2026;04;21;38;68.59;68.59;
2026;04;21;39;36.26;36.26;
2026;04;21;40;16.01;16.01;
2026;04;21;41;16.60;16.60;
2026;04;21;42;15.50;15.50;
2026;04;21;43;13.58;13.58;
2026;04;21;44;5.41;5.41;
2026;04;21;45;14.04;14.04;
2026;04;21;46;11.11;11.11;
2026;04;21;47;5.41;5.41;
2026;04;21;48;13.20;3.08;
2026;04;21;49;5.50;3.08;
2026;04;21;50;5.50;.84;
2026;04;21;51;5.50;.84;
2026;04;21;52;4.99;.84;
2026;04;21;53;13.19;.84;
2026;04;21;54;5.49;.00;
2026;04;21;55;4.98;.00;
2026;04;21;56;4.89;.00;
2026;04;21;57;13.10;.00;
2026;04;21;58;13.10;.00;
2026;04;21;59;13.09;.00;
2026;04;21;60;9.55;.00;
2026;04;21;61;13.09;-.61;
2026;04;21;62;13.09;-.81;
2026;04;21;63;13.09;-.01;
2026;04;21;64;13.10;-.07;
2026;04;21;65;4.89;.00;
2026;04;21;66;5.39;.00;
2026;04;21;67;5.46;.00;
2026;04;21;68;9.65;.43;
2026;04;21;69;2.00;.84;
2026;04;21;70;5.50;.84;
2026;04;21;71;5.51;1.00;
2026;04;21;72;14.04;2.09;
2026;04;21;73;2.00;1.50;
2026;04;21;74;2.09;2.09;
2026;04;21;75;12.60;12.60;
2026;04;21;76;25.42;25.42;
2026;04;21;77;14.04;14.04;
2026;04;21;78;21.54;21.54;
2026;04;21;79;50.24;50.24;
2026;04;21;80;75.14;75.14;
2026;04;21;81;66.48;66.48;
2026;04;21;82;82.21;82.21;
2026;04;21;83;87.50;87.50;
2026;04;21;84;91.15;91.15;
2026;04;21;85;86.14;86.14;
2026;04;21;86;90.27;90.27;
2026;04;21;87;91.50;91.50;
2026;04;21;88;87.50;87.50;
2026;04;21;89;80.00;80.00;
2026;04;21;90;77.36;77.36;
2026;04;21;91;76.02;76.02;
2026;04;21;92;77.80;77.80;
2026;04;21;93;77.92;77.92;
2026;04;21;94;76.78;76.78;
2026;04;21;95;72.48;72.48;
2026;04;21;96;70.56;70.56;
*
