MARGINALPIBC;
2026;02;19;1;1.38;1.38;
2026;02;19;2;3.78;3.78;
2026;02;19;3;0.25;.25;
2026;02;19;4;0.25;.25;
2026;02;19;5;1.36;1.36;
2026;02;19;6;1.98;1.98;
2026;02;19;7;1.98;1.98;
2026;02;19;8;1.98;1.98;
2026;02;19;9;0.75;.75;
2026;02;19;10;0.03;.03;
2026;02;19;11;0.18;.18;
2026;02;19;12;0.01;.01;
2026;02;19;13;-3.99;-3.99;
2026;02;19;14;-5.00;-5.00;
2026;02;19;15;-5.00;-5.00;
2026;02;19;16;-5.00;-5.00;
2026;02;19;17;-3.10;-3.10;
2026;02;19;18;-5.00;-5.00;
2026;02;19;19;-0.81;-.81;
2026;02;19;20;-0.54;-.54;
2026;02;19;21;0.75;.75;
2026;02;19;22;0.75;.75;
2026;02;19;23;1.72;1.72;
2026;02;19;24;1.91;1.91;
2026;02;19;25;1.98;1.98;
2026;02;19;26;3.00;3.00;
2026;02;19;27;3.00;3.00;
2026;02;19;28;2.50;2.50;
2026;02;19;29;1.00;1.00;
2026;02;19;30;2.50;19.10;
2026;02;19;31;3.00;27.56;
2026;02;19;32;3.00;31.00;
2026;02;19;33;2.50;29.40;
2026;02;19;34;3.00;26.82;
2026;02;19;35;12.00;12.00;
2026;02;19;36;3.00;3.00;
2026;02;19;37;2.38;2.38;
2026;02;19;38;2.50;2.50;
2026;02;19;39;2.50;.91;
2026;02;19;40;2.50;-.04;
2026;02;19;41;6.85;.00;
2026;02;19;42;5.97;-.04;
2026;02;19;43;5.97;-2.01;
2026;02;19;44;5.97;-.54;
2026;02;19;45;1.45;-3.50;
2026;02;19;46;1.45;-2.10;
2026;02;19;47;0.25;-3.50;
2026;02;19;48;0.25;-7.04;
2026;02;19;49;1.14;-6.00;
2026;02;19;50;1.45;-6.74;
2026;02;19;51;1.45;-8.01;
2026;02;19;52;1.75;-8.40;
2026;02;19;53;1.75;-8.21;
2026;02;19;54;1.75;-8.21;
2026;02;19;55;1.75;-8.50;
2026;02;19;56;2.00;-10.00;
2026;02;19;57;2.76;-7.23;
2026;02;19;58;3.00;-7.24;
2026;02;19;59;3.00;-7.48;
2026;02;19;60;5.97;-7.55;
2026;02;19;61;5.97;-5.81;
2026;02;19;62;4.21;-6.00;
2026;02;19;63;2.76;-6.00;
2026;02;19;64;2.76;-7.72;
2026;02;19;65;2.76;-7.60;
2026;02;19;66;0.25;-3.50;
2026;02;19;67;0.25;-3.50;
2026;02;19;68;0.25;-.42;
2026;02;19;69;0.25;-.50;
2026;02;19;70;0.25;.01;
2026;02;19;71;0.25;.25;
2026;02;19;72;0.91;.91;
2026;02;19;73;-0.28;-.28;
2026;02;19;74;0.25;.25;
2026;02;19;75;0.25;.25;
2026;02;19;76;2.50;17.51;
2026;02;19;77;2.50;40.57;
2026;02;19;78;2.50;63.22;
2026;02;19;79;2.50;63.60;
2026;02;19;80;3.00;70.26;
2026;02;19;81;2.50;79.74;
2026;02;19;82;2.50;76.64;
2026;02;19;83;27.00;67.15;
2026;02;19;84;27.00;61.67;
2026;02;19;85;27.00;62.85;
2026;02;19;86;27.00;53.10;
2026;02;19;87;58.19;58.19;
2026;02;19;88;34.50;34.50;
2026;02;19;89;52.66;52.66;
2026;02;19;90;38.88;38.88;
2026;02;19;91;46.44;46.44;
2026;02;19;92;32.35;32.35;
2026;02;19;93;35.04;35.04;
2026;02;19;94;35.01;35.01;
2026;02;19;95;10.60;10.60;
2026;02;19;96;28.58;28.58;
*
