MARGINALPIBC;
2026;05;06;1;124.35;124.35;
2026;05;06;2;120.85;120.85;
2026;05;06;3;119.35;119.35;
2026;05;06;4;116.15;116.15;
2026;05;06;5;119.35;119.35;
2026;05;06;6;115.10;115.10;
2026;05;06;7;114.85;114.85;
2026;05;06;8;114.74;114.74;
2026;05;06;9;115.19;115.19;
2026;05;06;10;115.01;115.01;
2026;05;06;11;114.14;114.14;
2026;05;06;12;113.94;113.94;
2026;05;06;13;114.14;114.14;
2026;05;06;14;113.94;113.94;
2026;05;06;15;114.35;114.35;
2026;05;06;16;113.52;113.52;
2026;05;06;17;112.87;112.87;
2026;05;06;18;113.21;113.21;
2026;05;06;19;113.48;113.48;
2026;05;06;20;113.21;113.21;
2026;05;06;21;113.48;113.48;
2026;05;06;22;113.20;113.20;
2026;05;06;23;114.36;114.36;
2026;05;06;24;112.36;112.36;
2026;05;06;25;112.01;112.01;
2026;05;06;26;109.18;109.18;
2026;05;06;27;106.13;106.13;
2026;05;06;28;113.48;113.48;
2026;05;06;29;116.81;116.81;
2026;05;06;30;122.01;122.01;
2026;05;06;31;125.00;125.00;
2026;05;06;32;119.91;119.91;
2026;05;06;33;95.99;95.99;
2026;05;06;34;99.78;99.78;
2026;05;06;35;103.50;103.50;
2026;05;06;36;60.00;60.00;
2026;05;06;37;91.50;91.50;
2026;05;06;38;62.57;62.57;
2026;05;06;39;23.00;23.00;
2026;05;06;40;12.55;12.55;
2026;05;06;41;19.00;19.00;
2026;05;06;42;15.26;15.26;
2026;05;06;43;0.50;.50;
2026;05;06;44;-0.07;-.07;
2026;05;06;45;0.00;.00;
2026;05;06;46;-0.07;-.07;
2026;05;06;47;1.09;-.07;
2026;05;06;48;1.00;-.07;
2026;05;06;49;-0.07;-.07;
2026;05;06;50;0.00;-.07;
2026;05;06;51;7.00;-.07;
2026;05;06;52;10.32;-.07;
2026;05;06;53;4.00;2.72;
2026;05;06;54;4.20;3.08;
2026;05;06;55;4.00;2.98;
2026;05;06;56;7.00;2.72;
2026;05;06;57;8.27;2.20;
2026;05;06;58;8.27;3.00;
2026;05;06;59;8.27;3.00;
2026;05;06;60;8.27;.84;
2026;05;06;61;8.27;6.36;
2026;05;06;62;8.27;5.41;
2026;05;06;63;8.27;5.41;
2026;05;06;64;8.27;5.84;
2026;05;06;65;8.27;7.98;
2026;05;06;66;8.27;8.27;
2026;05;06;67;11.01;11.01;
2026;05;06;68;14.39;14.39;
2026;05;06;69;15.00;15.00;
2026;05;06;70;19.99;19.99;
2026;05;06;71;23.50;23.50;
2026;05;06;72;29.25;29.25;
2026;05;06;73;14.51;14.51;
2026;05;06;74;15.08;15.08;
2026;05;06;75;26.52;26.52;
2026;05;06;76;32.47;32.47;
2026;05;06;77;15.26;15.26;
2026;05;06;78;57.30;57.30;
2026;05;06;79;68.15;68.15;
2026;05;06;80;69.51;69.51;
2026;05;06;81;95.36;95.36;
2026;05;06;82;129.26;138.85;
2026;05;06;83;133.58;148.92;
2026;05;06;84;135.33;163.15;
2026;05;06;85;139.13;164.05;
2026;05;06;86;139.45;157.77;
2026;05;06;87;139.45;148.47;
2026;05;06;88;136.80;136.80;
2026;05;06;89;139.32;147.31;
2026;05;06;90;139.32;140.00;
2026;05;06;91;139.22;139.22;
2026;05;06;92;129.70;129.70;
2026;05;06;93;135.40;135.40;
2026;05;06;94;124.30;124.30;
2026;05;06;95;121.92;121.92;
2026;05;06;96;113.48;113.48;
*
