MARGINALPIBC;
2026;03;22;1;60.10;60.10;
2026;03;22;2;54.92;54.92;
2026;03;22;3;43.32;43.32;
2026;03;22;4;22.32;22.32;
2026;03;22;5;53.47;53.47;
2026;03;22;6;36.81;36.81;
2026;03;22;7;30.55;30.55;
2026;03;22;8;21.51;21.51;
2026;03;22;9;41.84;41.84;
2026;03;22;10;23.98;23.98;
2026;03;22;11;27.52;27.52;
2026;03;22;12;12.93;12.93;
2026;03;22;13;33.45;33.45;
2026;03;22;14;30.00;30.00;
2026;03;22;15;31.35;31.35;
2026;03;22;16;21.20;21.20;
2026;03;22;17;34.85;34.85;
2026;03;22;18;30.35;30.35;
2026;03;22;19;30.00;30.00;
2026;03;22;20;31.02;31.02;
2026;03;22;21;26.94;26.94;
2026;03;22;22;29.16;29.16;
2026;03;22;23;29.44;29.44;
2026;03;22;24;29.40;29.40;
2026;03;22;25;32.92;32.92;
2026;03;22;26;34.39;34.39;
2026;03;22;27;35.00;35.00;
2026;03;22;28;37.00;37.00;
2026;03;22;29;37.05;37.05;
2026;03;22;30;20.83;20.83;
2026;03;22;31;23.62;23.62;
2026;03;22;32;10.00;10.00;
2026;03;22;33;10.00;10.00;
2026;03;22;34;10.79;10.79;
2026;03;22;35;-0.01;-.01;
2026;03;22;36;-2.10;-2.10;
2026;03;22;37;-5.00;-5.00;
2026;03;22;38;-5.00;-5.00;
2026;03;22;39;-6.00;-6.00;
2026;03;22;40;-3.25;-3.25;
2026;03;22;41;-3.25;-3.25;
2026;03;22;42;-2.10;-2.10;
2026;03;22;43;-6.00;-6.00;
2026;03;22;44;-4.03;-6.00;
2026;03;22;45;-4.76;-4.76;
2026;03;22;46;-6.51;-9.59;
2026;03;22;47;-6.66;-9.00;
2026;03;22;48;-6.99;-8.53;
2026;03;22;49;-6.51;-8.48;
2026;03;22;50;-6.99;-10.00;
2026;03;22;51;-6.51;-6.51;
2026;03;22;52;-6.51;-11.37;
2026;03;22;53;-6.51;-13.80;
2026;03;22;54;-6.00;-10.40;
2026;03;22;55;-6.51;-12.28;
2026;03;22;56;-6.00;-11.52;
2026;03;22;57;-6.51;-10.00;
2026;03;22;58;-2.43;-2.43;
2026;03;22;59;-3.35;-3.35;
2026;03;22;60;-6.00;-6.00;
2026;03;22;61;-4.07;-6.27;
2026;03;22;62;-4.07;-4.32;
2026;03;22;63;-4.10;-4.10;
2026;03;22;64;-4.07;-4.07;
2026;03;22;65;-6.00;-6.00;
2026;03;22;66;-4.06;-5.96;
2026;03;22;67;-4.06;-5.81;
2026;03;22;68;-3.85;-5.86;
2026;03;22;69;-5.81;-5.81;
2026;03;22;70;-2.01;-2.01;
2026;03;22;71;-0.81;-.81;
2026;03;22;72;-0.01;-.01;
2026;03;22;73;0.85;.85;
2026;03;22;74;2.59;2.59;
2026;03;22;75;17.78;17.78;
2026;03;22;76;35.88;35.88;
2026;03;22;77;36.06;36.06;
2026;03;22;78;61.84;61.84;
2026;03;22;79;56.67;56.67;
2026;03;22;80;78.30;78.30;
2026;03;22;81;72.65;72.65;
2026;03;22;82;78.25;78.25;
2026;03;22;83;78.25;78.25;
2026;03;22;84;75.35;75.35;
2026;03;22;85;71.14;71.14;
2026;03;22;86;66.46;66.46;
2026;03;22;87;63.93;63.93;
2026;03;22;88;49.00;49.00;
2026;03;22;89;42.05;42.05;
2026;03;22;90;53.81;53.81;
2026;03;22;91;37.46;37.46;
2026;03;22;92;33.00;33.00;
2026;03;22;93;36.11;36.11;
2026;03;22;94;28.32;28.32;
2026;03;22;95;21.50;21.50;
2026;03;22;96;10.00;10.00;
*
