MARGINALPIBC;
2026;03;09;1;123.35;123.35;
2026;03;09;2;121.66;121.66;
2026;03;09;3;120.01;120.01;
2026;03;09;4;111.83;111.83;
2026;03;09;5;120.01;120.01;
2026;03;09;6;120.01;120.01;
2026;03;09;7;118.58;118.58;
2026;03;09;8;111.00;111.00;
2026;03;09;9;119.91;119.91;
2026;03;09;10;111.07;111.07;
2026;03;09;11;110.01;110.01;
2026;03;09;12;109.85;109.85;
2026;03;09;13;108.26;108.26;
2026;03;09;14;110.56;110.56;
2026;03;09;15;111.22;111.22;
2026;03;09;16;110.01;110.01;
2026;03;09;17;112.28;112.28;
2026;03;09;18;114.00;114.00;
2026;03;09;19;111.29;111.29;
2026;03;09;20;117.90;117.90;
2026;03;09;21;114.37;114.37;
2026;03;09;22;120.01;120.01;
2026;03;09;23;123.22;123.22;
2026;03;09;24;122.88;122.88;
2026;03;09;25;120.01;120.01;
2026;03;09;26;116.15;116.15;
2026;03;09;27;122.33;122.33;
2026;03;09;28;120.01;126.88;
2026;03;09;29;124.46;131.62;
2026;03;09;30;125.08;139.81;
2026;03;09;31;128.55;152.50;
2026;03;09;32;130.01;146.20;
2026;03;09;33;150.01;169.50;
2026;03;09;34;143.29;143.29;
2026;03;09;35;133.09;133.09;
2026;03;09;36;124.07;124.07;
2026;03;09;37;134.46;134.46;
2026;03;09;38;125.58;125.58;
2026;03;09;39;120.01;120.01;
2026;03;09;40;110.95;110.95;
2026;03;09;41;110.52;110.52;
2026;03;09;42;106.97;106.97;
2026;03;09;43;94.12;94.12;
2026;03;09;44;86.68;86.68;
2026;03;09;45;92.78;92.78;
2026;03;09;46;91.88;91.88;
2026;03;09;47;92.15;92.15;
2026;03;09;48;91.19;91.19;
2026;03;09;49;91.50;91.50;
2026;03;09;50;88.70;88.70;
2026;03;09;51;87.98;87.98;
2026;03;09;52;87.00;87.00;
2026;03;09;53;86.10;86.10;
2026;03;09;54;85.00;85.00;
2026;03;09;55;85.18;85.18;
2026;03;09;56;88.10;88.10;
2026;03;09;57;85.00;85.00;
2026;03;09;58;84.86;84.86;
2026;03;09;59;90.40;90.40;
2026;03;09;60;90.01;90.01;
2026;03;09;61;90.01;90.01;
2026;03;09;62;95.04;95.04;
2026;03;09;63;98.00;98.00;
2026;03;09;64;95.05;95.05;
2026;03;09;65;90.45;90.45;
2026;03;09;66;84.73;84.73;
2026;03;09;67;92.37;92.37;
2026;03;09;68;105.63;105.63;
2026;03;09;69;100.01;100.01;
2026;03;09;70;110.88;110.88;
2026;03;09;71;108.50;108.50;
2026;03;09;72;115.50;115.50;
2026;03;09;73;115.50;115.50;
2026;03;09;74;115.52;128.68;
2026;03;09;75;114.88;133.09;
2026;03;09;76;116.46;160.00;
2026;03;09;77;120.95;172.20;
2026;03;09;78;124.46;219.87;
2026;03;09;79;126.83;216.93;
2026;03;09;80;129.63;204.70;
2026;03;09;81;147.28;209.06;
2026;03;09;82;152.08;195.00;
2026;03;09;83;156.31;199.23;
2026;03;09;84;157.46;174.52;
2026;03;09;85;156.31;182.92;
2026;03;09;86;148.78;165.50;
2026;03;09;87;148.78;149.06;
2026;03;09;88;143.60;143.60;
2026;03;09;89;145.78;151.07;
2026;03;09;90;130.01;144.98;
2026;03;09;91;126.83;141.60;
2026;03;09;92;126.83;130.38;
2026;03;09;93;122.88;138.97;
2026;03;09;94;119.88;133.61;
2026;03;09;95;119.88;130.37;
2026;03;09;96;83.47;118.00;
*
