MARGINALPIBC;
2026;04;20;1;90.44;90.44;
2026;04;20;2;90.64;90.64;
2026;04;20;3;87.97;87.97;
2026;04;20;4;83.51;83.51;
2026;04;20;5;90.01;90.01;
2026;04;20;6;90.01;90.01;
2026;04;20;7;90.01;90.01;
2026;04;20;8;86.02;86.02;
2026;04;20;9;90.01;90.01;
2026;04;20;10;90.01;90.01;
2026;04;20;11;90.01;90.01;
2026;04;20;12;90.01;90.01;
2026;04;20;13;80.06;80.06;
2026;04;20;14;83.32;83.32;
2026;04;20;15;83.32;83.32;
2026;04;20;16;80.06;80.06;
2026;04;20;17;75.34;75.34;
2026;04;20;18;85.96;85.96;
2026;04;20;19;85.36;85.36;
2026;04;20;20;90.01;90.01;
2026;04;20;21;90.01;90.01;
2026;04;20;22;90.01;90.01;
2026;04;20;23;90.01;90.01;
2026;04;20;24;83.78;83.78;
2026;04;20;25;78.24;78.24;
2026;04;20;26;83.99;83.99;
2026;04;20;27;77.70;77.70;
2026;04;20;28;71.50;71.50;
2026;04;20;29;70.43;70.43;
2026;04;20;30;87.10;87.10;
2026;04;20;31;95.92;95.92;
2026;04;20;32;95.98;95.98;
2026;04;20;33;97.51;97.51;
2026;04;20;34;95.13;95.13;
2026;04;20;35;78.12;78.12;
2026;04;20;36;54.10;54.10;
2026;04;20;37;38.00;38.00;
2026;04;20;38;53.01;53.01;
2026;04;20;39;14.45;14.45;
2026;04;20;40;2.51;-1.12;
2026;04;20;41;14.11;14.11;
2026;04;20;42;5.51;2.49;
2026;04;20;43;5.01;-.59;
2026;04;20;44;3.52;-.07;
2026;04;20;45;6.01;.84;
2026;04;20;46;5.51;.61;
2026;04;20;47;5.51;.00;
2026;04;20;48;5.51;-.01;
2026;04;20;49;5.51;.01;
2026;04;20;50;5.51;-.07;
2026;04;20;51;5.51;.84;
2026;04;20;52;5.51;.00;
2026;04;20;53;4.96;.00;
2026;04;20;54;4.95;.01;
2026;04;20;55;3.01;.00;
2026;04;20;56;3.01;-.01;
2026;04;20;57;3.51;-.07;
2026;04;20;58;3.51;-.07;
2026;04;20;59;3.51;-.82;
2026;04;20;60;3.51;-2.50;
2026;04;20;61;3.51;-.07;
2026;04;20;62;3.51;-.07;
2026;04;20;63;3.51;-3.00;
2026;04;20;64;3.51;-4.86;
2026;04;20;65;4.51;-3.70;
2026;04;20;66;3.51;-2.50;
2026;04;20;67;3.51;-.50;
2026;04;20;68;5.01;-.07;
2026;04;20;69;3.51;-.07;
2026;04;20;70;4.02;.00;
2026;04;20;71;7.00;2.97;
2026;04;20;72;9.01;9.01;
2026;04;20;73;5.51;.00;
2026;04;20;74;5.51;4.39;
2026;04;20;75;5.51;4.61;
2026;04;20;76;12.52;12.52;
2026;04;20;77;6.01;6.01;
2026;04;20;78;25.56;25.56;
2026;04;20;79;59.85;59.85;
2026;04;20;80;70.90;70.90;
2026;04;20;81;74.20;74.20;
2026;04;20;82;85.10;85.10;
2026;04;20;83;82.93;82.93;
2026;04;20;84;96.32;96.32;
2026;04;20;85;96.35;96.35;
2026;04;20;86;93.58;93.58;
2026;04;20;87;93.96;93.96;
2026;04;20;88;83.34;83.34;
2026;04;20;89;73.12;73.12;
2026;04;20;90;66.10;66.10;
2026;04;20;91;75.64;75.64;
2026;04;20;92;73.92;73.92;
2026;04;20;93;91.97;91.97;
2026;04;20;94;80.73;80.73;
2026;04;20;95;70.85;70.85;
2026;04;20;96;65.94;65.94;
*
