MARGINALPIBC;
2026;02;24;1;29.67;29.67;
2026;02;24;2;14.05;14.05;
2026;02;24;3;18.29;18.29;
2026;02;24;4;5.69;5.69;
2026;02;24;5;10.64;10.64;
2026;02;24;6;8.89;8.89;
2026;02;24;7;9.09;9.09;
2026;02;24;8;8.27;8.27;
2026;02;24;9;8.57;8.57;
2026;02;24;10;7.20;7.20;
2026;02;24;11;6.33;6.33;
2026;02;24;12;4.89;4.89;
2026;02;24;13;5.69;5.69;
2026;02;24;14;5.37;5.37;
2026;02;24;15;0.00;.00;
2026;02;24;16;0.00;.00;
2026;02;24;17;0.00;.00;
2026;02;24;18;0.00;.00;
2026;02;24;19;2.80;2.80;
2026;02;24;20;2.80;2.80;
2026;02;24;21;9.65;9.65;
2026;02;24;22;5.37;5.37;
2026;02;24;23;-5.00;-5.00;
2026;02;24;24;1.00;1.00;
2026;02;24;25;7.28;7.28;
2026;02;24;26;20.31;20.31;
2026;02;24;27;20.31;20.31;
2026;02;24;28;20.31;32.22;
2026;02;24;29;21.90;34.92;
2026;02;24;30;23.22;81.29;
2026;02;24;31;23.22;86.76;
2026;02;24;32;24.29;89.40;
2026;02;24;33;23.98;88.23;
2026;02;24;34;25.36;65.88;
2026;02;24;35;25.36;40.20;
2026;02;24;36;5.69;5.69;
2026;02;24;37;10.61;10.61;
2026;02;24;38;7.17;7.17;
2026;02;24;39;21.42;21.42;
2026;02;24;40;0.00;.00;
2026;02;24;41;4.99;.00;
2026;02;24;42;2.00;.00;
2026;02;24;43;1.44;.00;
2026;02;24;44;1.08;.00;
2026;02;24;45;0.75;.00;
2026;02;24;46;0.65;.00;
2026;02;24;47;0.65;-.42;
2026;02;24;48;0.65;-.42;
2026;02;24;49;0.00;.00;
2026;02;24;50;0.00;.00;
2026;02;24;51;0.00;-.01;
2026;02;24;52;0.00;-.19;
2026;02;24;53;0.00;-.42;
2026;02;24;54;0.00;-.50;
2026;02;24;55;0.00;-.42;
2026;02;24;56;0.00;-.42;
2026;02;24;57;0.00;-.42;
2026;02;24;58;0.00;-.42;
2026;02;24;59;0.00;-.42;
2026;02;24;60;0.20;-.06;
2026;02;24;61;0.30;-.42;
2026;02;24;62;0.35;-.06;
2026;02;24;63;0.40;-.01;
2026;02;24;64;0.45;.00;
2026;02;24;65;0.50;.00;
2026;02;24;66;0.00;.00;
2026;02;24;67;0.01;.01;
2026;02;24;68;0.91;.91;
2026;02;24;69;2.03;2.03;
2026;02;24;70;8.60;8.60;
2026;02;24;71;9.29;9.29;
2026;02;24;72;5.24;7.44;
2026;02;24;73;16.31;24.98;
2026;02;24;74;11.66;26.90;
2026;02;24;75;5.62;43.60;
2026;02;24;76;9.28;86.06;
2026;02;24;77;18.36;90.99;
2026;02;24;78;25.46;105.16;
2026;02;24;79;18.64;95.45;
2026;02;24;80;18.97;88.86;
2026;02;24;81;18.68;86.76;
2026;02;24;82;34.94;77.00;
2026;02;24;83;43.64;52.73;
2026;02;24;84;41.24;41.24;
2026;02;24;85;37.34;43.50;
2026;02;24;86;28.97;43.69;
2026;02;24;87;25.57;32.03;
2026;02;24;88;22.68;22.68;
2026;02;24;89;22.68;31.93;
2026;02;24;90;20.00;20.00;
2026;02;24;91;21.94;23.96;
2026;02;24;92;14.79;14.79;
2026;02;24;93;9.75;27.14;
2026;02;24;94;16.36;16.36;
2026;02;24;95;23.85;23.85;
2026;02;24;96;8.40;8.40;
*
