MARGINALPIBC;
2026;05;13;1;77.04;77.04;
2026;05;13;2;78.05;78.05;
2026;05;13;3;83.09;83.09;
2026;05;13;4;82.01;82.01;
2026;05;13;5;86.33;86.33;
2026;05;13;6;83.38;83.38;
2026;05;13;7;81.09;81.09;
2026;05;13;8;82.61;82.61;
2026;05;13;9;82.37;82.37;
2026;05;13;10;82.20;82.20;
2026;05;13;11;80.44;80.44;
2026;05;13;12;79.68;79.68;
2026;05;13;13;77.85;77.85;
2026;05;13;14;78.35;78.35;
2026;05;13;15;79.50;79.50;
2026;05;13;16;81.10;81.10;
2026;05;13;17;82.37;82.37;
2026;05;13;18;82.37;82.37;
2026;05;13;19;82.37;82.37;
2026;05;13;20;82.61;82.61;
2026;05;13;21;82.61;82.61;
2026;05;13;22;82.37;82.37;
2026;05;13;23;85.85;85.85;
2026;05;13;24;84.50;84.50;
2026;05;13;25;79.00;79.00;
2026;05;13;26;85.01;85.01;
2026;05;13;27;86.09;86.09;
2026;05;13;28;89.51;89.51;
2026;05;13;29;95.24;95.24;
2026;05;13;30;102.00;102.00;
2026;05;13;31;91.58;91.58;
2026;05;13;32;89.90;89.90;
2026;05;13;33;101.54;101.54;
2026;05;13;34;89.90;89.90;
2026;05;13;35;89.90;89.90;
2026;05;13;36;75.00;75.00;
2026;05;13;37;78.10;78.10;
2026;05;13;38;61.07;61.07;
2026;05;13;39;30.25;13.16;
2026;05;13;40;30.00;1.00;
2026;05;13;41;11.90;3.08;
2026;05;13;42;11.90;5.41;
2026;05;13;43;11.34;5.41;
2026;05;13;44;9.95;3.08;
2026;05;13;45;11.34;.86;
2026;05;13;46;11.34;.84;
2026;05;13;47;10.46;.00;
2026;05;13;48;10.46;.01;
2026;05;13;49;10.46;.00;
2026;05;13;50;9.95;.00;
2026;05;13;51;9.95;-.07;
2026;05;13;52;9.95;-.07;
2026;05;13;53;9.95;-.60;
2026;05;13;54;8.85;-1.56;
2026;05;13;55;8.85;-1.56;
2026;05;13;56;8.81;-2.01;
2026;05;13;57;8.81;-.07;
2026;05;13;58;8.80;-.07;
2026;05;13;59;8.80;-.07;
2026;05;13;60;8.80;-.07;
2026;05;13;61;4.20;.00;
2026;05;13;62;7.69;.00;
2026;05;13;63;4.20;.00;
2026;05;13;64;4.20;.00;
2026;05;13;65;4.20;.01;
2026;05;13;66;4.20;.01;
2026;05;13;67;4.20;.49;
2026;05;13;68;4.20;.00;
2026;05;13;69;4.00;.84;
2026;05;13;70;4.00;.84;
2026;05;13;71;4.20;2.52;
2026;05;13;72;5.41;5.41;
2026;05;13;73;4.00;-.07;
2026;05;13;74;4.00;-.07;
2026;05;13;75;4.20;2.00;
2026;05;13;76;14.21;14.21;
2026;05;13;77;23.57;23.57;
2026;05;13;78;27.76;27.76;
2026;05;13;79;36.78;36.78;
2026;05;13;80;70.00;70.00;
2026;05;13;81;67.20;67.20;
2026;05;13;82;84.50;84.50;
2026;05;13;83;95.24;95.24;
2026;05;13;84;106.51;106.51;
2026;05;13;85;112.18;112.18;
2026;05;13;86;114.10;114.10;
2026;05;13;87;115.19;115.19;
2026;05;13;88;113.22;113.22;
2026;05;13;89;108.57;108.57;
2026;05;13;90;105.91;105.91;
2026;05;13;91;103.65;103.65;
2026;05;13;92;97.73;97.73;
2026;05;13;93;97.92;97.92;
2026;05;13;94;89.10;89.10;
2026;05;13;95;89.90;89.90;
2026;05;13;96;89.90;89.90;
*
