MARGINALPIBC;
2026;04;14;1;70.27;70.27;
2026;04;14;2;73.36;73.36;
2026;04;14;3;68.05;68.05;
2026;04;14;4;68.20;68.20;
2026;04;14;5;68.50;68.50;
2026;04;14;6;68.10;68.10;
2026;04;14;7;67.90;67.90;
2026;04;14;8;60.32;60.32;
2026;04;14;9;67.75;67.75;
2026;04;14;10;67.90;67.90;
2026;04;14;11;65.10;65.10;
2026;04;14;12;54.00;54.00;
2026;04;14;13;67.90;67.90;
2026;04;14;14;65.00;65.00;
2026;04;14;15;67.90;67.90;
2026;04;14;16;67.90;67.90;
2026;04;14;17;67.90;67.90;
2026;04;14;18;67.90;67.90;
2026;04;14;19;67.90;67.90;
2026;04;14;20;66.00;66.00;
2026;04;14;21;65.00;65.00;
2026;04;14;22;65.30;65.30;
2026;04;14;23;66.02;66.02;
2026;04;14;24;61.76;61.76;
2026;04;14;25;58.67;58.67;
2026;04;14;26;49.99;49.99;
2026;04;14;27;66.39;66.39;
2026;04;14;28;72.13;72.13;
2026;04;14;29;69.32;69.32;
2026;04;14;30;75.00;75.00;
2026;04;14;31;97.88;97.88;
2026;04;14;32;99.19;99.19;
2026;04;14;33;99.99;99.99;
2026;04;14;34;88.88;88.88;
2026;04;14;35;79.00;79.00;
2026;04;14;36;60.26;60.26;
2026;04;14;37;57.85;57.85;
2026;04;14;38;32.09;32.09;
2026;04;14;39;9.99;9.53;
2026;04;14;40;17.14;-.50;
2026;04;14;41;8.03;-.51;
2026;04;14;42;50.24;-.07;
2026;04;14;43;7.03;-.07;
2026;04;14;44;50.24;-.50;
2026;04;14;45;7.03;-.07;
2026;04;14;46;7.03;-.01;
2026;04;14;47;7.03;-.02;
2026;04;14;48;7.03;-.07;
2026;04;14;49;7.03;-.21;
2026;04;14;50;7.03;-.50;
2026;04;14;51;7.03;-.51;
2026;04;14;52;7.03;-.60;
2026;04;14;53;7.03;-.60;
2026;04;14;54;6.03;-.60;
2026;04;14;55;6.03;-.51;
2026;04;14;56;6.03;-.60;
2026;04;14;57;4.13;-.50;
2026;04;14;58;4.13;-.25;
2026;04;14;59;4.13;-.13;
2026;04;14;60;4.13;-.25;
2026;04;14;61;5.55;-.30;
2026;04;14;62;6.03;-.07;
2026;04;14;63;6.03;-.07;
2026;04;14;64;6.03;-.07;
2026;04;14;65;6.03;-.01;
2026;04;14;66;6.03;-.01;
2026;04;14;67;6.03;.00;
2026;04;14;68;6.03;.00;
2026;04;14;69;3.55;.01;
2026;04;14;70;3.55;.84;
2026;04;14;71;4.13;1.55;
2026;04;14;72;6.03;2.09;
2026;04;14;73;3.08;3.08;
2026;04;14;74;5.41;5.41;
2026;04;14;75;10.91;10.91;
2026;04;14;76;19.70;19.70;
2026;04;14;77;29.15;29.15;
2026;04;14;78;43.83;43.83;
2026;04;14;79;65.36;65.36;
2026;04;14;80;85.07;85.07;
2026;04;14;81;85.60;85.60;
2026;04;14;82;97.59;97.59;
2026;04;14;83;104.04;104.04;
2026;04;14;84;100.07;108.00;
2026;04;14;85;102.24;108.54;
2026;04;14;86;102.24;109.59;
2026;04;14;87;105.07;108.73;
2026;04;14;88;102.74;102.74;
2026;04;14;89;97.01;97.01;
2026;04;14;90;94.51;94.51;
2026;04;14;91;98.50;98.50;
2026;04;14;92;91.45;91.45;
2026;04;14;93;84.33;84.33;
2026;04;14;94;76.74;76.74;
2026;04;14;95;75.83;75.83;
2026;04;14;96;72.31;72.31;
*
