MARGINALPIBC;
2026;07;07;1;150.77;150.77;
2026;07;07;2;152.80;152.80;
2026;07;07;3;150.87;150.87;
2026;07;07;4;147.27;147.27;
2026;07;07;5;141.81;141.81;
2026;07;07;6;144.61;144.61;
2026;07;07;7;143.11;143.11;
2026;07;07;8;137.66;137.66;
2026;07;07;9;137.17;137.17;
2026;07;07;10;122.93;122.93;
2026;07;07;11;123.61;123.61;
2026;07;07;12;128.33;128.33;
2026;07;07;13;135.00;135.00;
2026;07;07;14;135.42;135.42;
2026;07;07;15;138.51;138.51;
2026;07;07;16;139.92;139.92;
2026;07;07;17;149.42;149.42;
2026;07;07;18;149.42;149.42;
2026;07;07;19;149.42;149.42;
2026;07;07;20;147.69;147.69;
2026;07;07;21;140.39;140.39;
2026;07;07;22;139.89;139.89;
2026;07;07;23;138.81;138.81;
2026;07;07;24;139.45;139.45;
2026;07;07;25;147.71;147.71;
2026;07;07;26;150.55;150.55;
2026;07;07;27;146.00;146.00;
2026;07;07;28;146.98;146.98;
2026;07;07;29;148.61;148.61;
2026;07;07;30;145.11;145.11;
2026;07;07;31;142.48;142.48;
2026;07;07;32;137.11;137.11;
2026;07;07;33;151.62;151.62;
2026;07;07;34;134.61;134.61;
2026;07;07;35;142.30;114.94;
2026;07;07;36;142.30;102.71;
2026;07;07;37;142.30;107.83;
2026;07;07;38;142.30;100.40;
2026;07;07;39;142.30;68.54;
2026;07;07;40;140.55;38.92;
2026;07;07;41;105.66;37.10;
2026;07;07;42;85.55;37.10;
2026;07;07;43;85.55;35.20;
2026;07;07;44;140.55;17.38;
2026;07;07;45;140.55;35.20;
2026;07;07;46;85.55;34.00;
2026;07;07;47;140.55;35.10;
2026;07;07;48;140.55;35.20;
2026;07;07;49;91.88;35.30;
2026;07;07;50;86.64;35.30;
2026;07;07;51;91.63;35.40;
2026;07;07;52;91.63;35.50;
2026;07;07;53;89.01;50.24;
2026;07;07;54;89.01;61.50;
2026;07;07;55;85.61;61.20;
2026;07;07;56;85.61;58.80;
2026;07;07;57;85.61;54.75;
2026;07;07;58;85.61;64.75;
2026;07;07;59;85.61;65.12;
2026;07;07;60;80.61;64.75;
2026;07;07;61;83.53;50.00;
2026;07;07;62;83.53;50.00;
2026;07;07;63;83.53;51.61;
2026;07;07;64;83.53;51.93;
2026;07;07;65;81.53;62.29;
2026;07;07;66;81.53;69.96;
2026;07;07;67;83.53;72.75;
2026;07;07;68;84.55;74.55;
2026;07;07;69;79.68;68.30;
2026;07;07;70;79.94;69.96;
2026;07;07;71;80.00;69.44;
2026;07;07;72;80.61;69.82;
2026;07;07;73;85.07;68.68;
2026;07;07;74;89.01;76.18;
2026;07;07;75;89.60;89.60;
2026;07;07;76;114.21;114.21;
2026;07;07;77;85.55;85.55;
2026;07;07;78;112.37;112.37;
2026;07;07;79;123.50;123.50;
2026;07;07;80;137.78;137.78;
2026;07;07;81;111.99;111.99;
2026;07;07;82;118.98;118.98;
2026;07;07;83;141.03;141.03;
2026;07;07;84;151.89;151.89;
2026;07;07;85;149.61;149.61;
2026;07;07;86;147.74;147.74;
2026;07;07;87;155.01;155.01;
2026;07;07;88;154.38;154.38;
2026;07;07;89;147.03;147.03;
2026;07;07;90;146.68;146.68;
2026;07;07;91;152.61;152.61;
2026;07;07;92;131.08;131.08;
2026;07;07;93;141.76;141.76;
2026;07;07;94;139.47;139.47;
2026;07;07;95;129.61;129.61;
2026;07;07;96;124.61;124.61;
*
