MARGINALPIBC;
2026;05;08;1;101.78;101.78;
2026;05;08;2;101.99;101.99;
2026;05;08;3;88.00;88.00;
2026;05;08;4;84.83;84.83;
2026;05;08;5;93.78;93.78;
2026;05;08;6;88.00;88.00;
2026;05;08;7;93.11;93.11;
2026;05;08;8;85.70;85.70;
2026;05;08;9;79.40;79.40;
2026;05;08;10;82.55;82.55;
2026;05;08;11;86.76;86.76;
2026;05;08;12;79.56;79.56;
2026;05;08;13;75.22;75.22;
2026;05;08;14;75.02;75.02;
2026;05;08;15;76.05;76.05;
2026;05;08;16;72.55;72.55;
2026;05;08;17;74.83;74.83;
2026;05;08;18;74.83;74.83;
2026;05;08;19;74.83;74.83;
2026;05;08;20;71.04;71.04;
2026;05;08;21;71.02;71.02;
2026;05;08;22;90.20;90.20;
2026;05;08;23;88.00;88.00;
2026;05;08;24;79.16;79.16;
2026;05;08;25;95.17;95.17;
2026;05;08;26;94.50;94.50;
2026;05;08;27;94.34;94.34;
2026;05;08;28;90.67;90.67;
2026;05;08;29;98.53;98.53;
2026;05;08;30;100.86;100.86;
2026;05;08;31;93.78;93.78;
2026;05;08;32;80.71;80.71;
2026;05;08;33;98.34;98.34;
2026;05;08;34;92.65;92.65;
2026;05;08;35;93.30;93.30;
2026;05;08;36;53.00;53.00;
2026;05;08;37;87.36;87.36;
2026;05;08;38;82.45;82.45;
2026;05;08;39;65.24;65.24;
2026;05;08;40;34.92;34.92;
2026;05;08;41;34.99;34.99;
2026;05;08;42;33.97;33.97;
2026;05;08;43;11.00;11.00;
2026;05;08;44;5.00;.84;
2026;05;08;45;10.67;-2.58;
2026;05;08;46;10.67;-10.82;
2026;05;08;47;65.59;-10.82;
2026;05;08;48;63.00;-10.82;
2026;05;08;49;9.00;-5.00;
2026;05;08;50;24.11;-5.00;
2026;05;08;51;6.31;-1.69;
2026;05;08;52;5.87;-4.13;
2026;05;08;53;5.84;-5.00;
2026;05;08;54;5.84;-7.31;
2026;05;08;55;3.84;-10.82;
2026;05;08;56;3.51;-12.38;
2026;05;08;57;3.29;-10.82;
2026;05;08;58;3.29;-11.88;
2026;05;08;59;5.01;-12.00;
2026;05;08;60;5.01;-12.16;
2026;05;08;61;3.01;-10.82;
2026;05;08;62;4.00;-10.82;
2026;05;08;63;4.00;-10.82;
2026;05;08;64;4.00;-10.82;
2026;05;08;65;4.00;-.81;
2026;05;08;66;3.84;-8.89;
2026;05;08;67;2.00;-7.12;
2026;05;08;68;2.00;-3.18;
2026;05;08;69;2.09;-4.98;
2026;05;08;70;2.00;-4.98;
2026;05;08;71;10.00;-2.17;
2026;05;08;72;10.67;4.04;
2026;05;08;73;16.00;16.00;
2026;05;08;74;30.10;30.10;
2026;05;08;75;58.16;58.16;
2026;05;08;76;51.61;51.61;
2026;05;08;77;45.00;45.00;
2026;05;08;78;79.76;79.76;
2026;05;08;79;89.06;89.06;
2026;05;08;80;98.93;98.93;
2026;05;08;81;81.16;81.16;
2026;05;08;82;94.43;94.43;
2026;05;08;83;100.50;100.50;
2026;05;08;84;103.55;103.55;
2026;05;08;85;106.56;106.56;
2026;05;08;86;106.97;106.97;
2026;05;08;87;106.00;106.00;
2026;05;08;88;100.61;100.61;
2026;05;08;89;101.00;101.00;
2026;05;08;90;97.63;97.63;
2026;05;08;91;102.88;102.88;
2026;05;08;92;98.43;98.43;
2026;05;08;93;101.02;101.02;
2026;05;08;94;94.74;94.74;
2026;05;08;95;93.78;93.78;
2026;05;08;96;86.00;86.00;
*
