MARGINALPIBC;
2026;04;01;1;5.00;5.00;
2026;04;01;2;3.74;3.74;
2026;04;01;3;3.00;3.00;
2026;04;01;4;-0.81;-.81;
2026;04;01;5;-0.81;-.81;
2026;04;01;6;-0.81;-.81;
2026;04;01;7;-0.81;-.81;
2026;04;01;8;-0.81;-.81;
2026;04;01;9;-0.81;-.81;
2026;04;01;10;-0.81;-.81;
2026;04;01;11;-0.81;-.81;
2026;04;01;12;-0.81;-.81;
2026;04;01;13;-0.81;-.81;
2026;04;01;14;-0.81;-.81;
2026;04;01;15;0.00;.00;
2026;04;01;16;-0.81;-.81;
2026;04;01;17;-0.02;-.02;
2026;04;01;18;-0.02;-.02;
2026;04;01;19;-0.81;-.81;
2026;04;01;20;-0.81;-.81;
2026;04;01;21;-0.81;-.81;
2026;04;01;22;-0.81;-.81;
2026;04;01;23;-0.81;-.81;
2026;04;01;24;0.01;.01;
2026;04;01;25;0.01;.01;
2026;04;01;26;5.28;5.28;
2026;04;01;27;9.10;9.10;
2026;04;01;28;9.82;9.82;
2026;04;01;29;21.24;21.24;
2026;04;01;30;20.99;23.94;
2026;04;01;31;41.97;50.24;
2026;04;01;32;41.97;54.47;
2026;04;01;33;25.00;25.00;
2026;04;01;34;14.00;14.00;
2026;04;01;35;12.91;12.91;
2026;04;01;36;5.41;5.41;
2026;04;01;37;5.70;5.70;
2026;04;01;38;3.00;3.00;
2026;04;01;39;0.00;.00;
2026;04;01;40;-0.01;-.01;
2026;04;01;41;0.00;.00;
2026;04;01;42;-0.31;-.31;
2026;04;01;43;-0.81;-.81;
2026;04;01;44;-0.82;-.82;
2026;04;01;45;-0.82;-.82;
2026;04;01;46;-1.10;-1.10;
2026;04;01;47;-2.00;-2.00;
2026;04;01;48;-2.10;-2.10;
2026;04;01;49;-2.10;-6.60;
2026;04;01;50;-2.10;-7.60;
2026;04;01;51;-2.10;-7.20;
2026;04;01;52;-2.10;-7.20;
2026;04;01;53;-1.00;-8.55;
2026;04;01;54;-1.00;-11.00;
2026;04;01;55;-0.17;-7.26;
2026;04;01;56;-0.17;-7.51;
2026;04;01;57;0.00;-8.30;
2026;04;01;58;-0.01;-7.52;
2026;04;01;59;-0.01;-9.01;
2026;04;01;60;-0.01;-10.03;
2026;04;01;61;0.00;-8.50;
2026;04;01;62;0.00;-8.02;
2026;04;01;63;0.00;-7.20;
2026;04;01;64;0.00;-7.20;
2026;04;01;65;0.00;-9.50;
2026;04;01;66;0.02;-9.00;
2026;04;01;67;0.02;-9.00;
2026;04;01;68;0.02;-8.02;
2026;04;01;69;0.00;-7.20;
2026;04;01;70;0.02;-7.11;
2026;04;01;71;0.02;-6.29;
2026;04;01;72;0.51;-2.60;
2026;04;01;73;0.68;-.81;
2026;04;01;74;0.69;-.07;
2026;04;01;75;1.15;-.07;
2026;04;01;76;0.00;.00;
2026;04;01;77;0.00;.00;
2026;04;01;78;0.84;.84;
2026;04;01;79;3.95;3.95;
2026;04;01;80;10.37;10.37;
2026;04;01;81;9.56;9.56;
2026;04;01;82;16.24;16.24;
2026;04;01;83;38.20;38.20;
2026;04;01;84;44.02;44.02;
2026;04;01;85;60.01;60.01;
2026;04;01;86;60.20;60.20;
2026;04;01;87;47.78;47.78;
2026;04;01;88;40.71;40.71;
2026;04;01;89;34.00;34.00;
2026;04;01;90;20.70;20.70;
2026;04;01;91;14.00;14.00;
2026;04;01;92;14.00;14.00;
2026;04;01;93;16.23;16.23;
2026;04;01;94;15.50;15.50;
2026;04;01;95;14.00;14.00;
2026;04;01;96;12.89;12.89;
*
