MARGINALPIBC;
2026;01;11;1;100.10;100.10;
2026;01;11;2;97.43;97.43;
2026;01;11;3;91.50;91.50;
2026;01;11;4;87.02;87.02;
2026;01;11;5;96.00;96.00;
2026;01;11;6;91.82;91.82;
2026;01;11;7;89.94;89.94;
2026;01;11;8;78.00;78.00;
2026;01;11;9;78.00;78.00;
2026;01;11;10;62.20;62.20;
2026;01;11;11;80.10;80.10;
2026;01;11;12;79.50;79.50;
2026;01;11;13;80.51;80.51;
2026;01;11;14;62.24;62.24;
2026;01;11;15;60.85;60.85;
2026;01;11;16;60.85;60.85;
2026;01;11;17;61.19;61.19;
2026;01;11;18;60.74;60.74;
2026;01;11;19;76.29;76.29;
2026;01;11;20;76.29;76.29;
2026;01;11;21;65.14;65.14;
2026;01;11;22;76.29;76.29;
2026;01;11;23;82.20;82.20;
2026;01;11;24;83.47;83.47;
2026;01;11;25;79.61;79.61;
2026;01;11;26;78.00;78.00;
2026;01;11;27;81.64;81.64;
2026;01;11;28;83.00;83.00;
2026;01;11;29;84.65;84.65;
2026;01;11;30;85.00;85.00;
2026;01;11;31;88.78;88.78;
2026;01;11;32;88.92;88.92;
2026;01;11;33;90.19;90.19;
2026;01;11;34;91.30;91.30;
2026;01;11;35;86.24;86.24;
2026;01;11;36;92.79;92.79;
2026;01;11;37;98.60;98.60;
2026;01;11;38;100.10;100.10;
2026;01;11;39;95.16;95.16;
2026;01;11;40;76.49;76.49;
2026;01;11;41;100.50;100.50;
2026;01;11;42;93.60;93.60;
2026;01;11;43;72.46;72.46;
2026;01;11;44;59.50;59.50;
2026;01;11;45;76.69;76.69;
2026;01;11;46;80.10;80.10;
2026;01;11;47;72.28;72.28;
2026;01;11;48;66.20;66.20;
2026;01;11;49;60.40;60.40;
2026;01;11;50;60.25;60.25;
2026;01;11;51;55.35;55.35;
2026;01;11;52;59.11;59.11;
2026;01;11;53;65.01;65.01;
2026;01;11;54;65.02;65.02;
2026;01;11;55;67.50;67.50;
2026;01;11;56;64.98;64.98;
2026;01;11;57;70.11;70.11;
2026;01;11;58;70.30;70.30;
2026;01;11;59;63.04;63.04;
2026;01;11;60;66.22;66.22;
2026;01;11;61;65.71;65.71;
2026;01;11;62;70.00;70.00;
2026;01;11;63;75.04;75.04;
2026;01;11;64;82.00;82.00;
2026;01;11;65;78.63;78.63;
2026;01;11;66;81.99;81.99;
2026;01;11;67;80.42;80.42;
2026;01;11;68;89.35;89.35;
2026;01;11;69;85.49;85.49;
2026;01;11;70;90.15;90.15;
2026;01;11;71;95.51;95.51;
2026;01;11;72;101.51;101.51;
2026;01;11;73;102.94;102.94;
2026;01;11;74;101.65;102.88;
2026;01;11;75;104.22;107.20;
2026;01;11;76;105.69;111.00;
2026;01;11;77;102.52;102.52;
2026;01;11;78;62.20;104.30;
2026;01;11;79;101.36;101.36;
2026;01;11;80;101.22;101.22;
2026;01;11;81;99.46;99.46;
2026;01;11;82;97.14;97.14;
2026;01;11;83;97.63;97.63;
2026;01;11;84;96.48;96.48;
2026;01;11;85;104.20;104.20;
2026;01;11;86;104.60;104.60;
2026;01;11;87;101.00;101.00;
2026;01;11;88;98.38;98.38;
2026;01;11;89;100.12;100.12;
2026;01;11;90;97.84;97.84;
2026;01;11;91;97.77;97.77;
2026;01;11;92;94.54;94.54;
2026;01;11;93;87.55;87.55;
2026;01;11;94;81.33;81.33;
2026;01;11;95;85.11;85.11;
2026;01;11;96;82.10;82.10;
*
