MARGINALPIBC;
2026;06;03;1;110.86;110.86;
2026;06;03;2;108.16;108.16;
2026;06;03;3;103.94;103.94;
2026;06;03;4;103.94;103.94;
2026;06;03;5;109.00;109.00;
2026;06;03;6;103.94;103.94;
2026;06;03;7;102.36;102.36;
2026;06;03;8;102.36;102.36;
2026;06;03;9;101.14;101.14;
2026;06;03;10;100.78;100.78;
2026;06;03;11;100.78;100.78;
2026;06;03;12;100.66;100.66;
2026;06;03;13;100.42;100.42;
2026;06;03;14;100.42;100.42;
2026;06;03;15;100.18;100.18;
2026;06;03;16;100.42;100.42;
2026;06;03;17;100.42;100.42;
2026;06;03;18;100.42;100.42;
2026;06;03;19;100.66;100.66;
2026;06;03;20;100.78;100.78;
2026;06;03;21;100.78;100.78;
2026;06;03;22;100.90;100.90;
2026;06;03;23;102.36;102.36;
2026;06;03;24;106.00;106.00;
2026;06;03;25;103.94;103.94;
2026;06;03;26;107.00;107.00;
2026;06;03;27;111.05;111.05;
2026;06;03;28;112.00;112.00;
2026;06;03;29;121.33;121.33;
2026;06;03;30;114.95;114.95;
2026;06;03;31;108.37;108.37;
2026;06;03;32;100.90;100.90;
2026;06;03;33;111.14;111.14;
2026;06;03;34;99.39;99.39;
2026;06;03;35;45.52;45.52;
2026;06;03;36;61.75;13.50;
2026;06;03;37;62.09;23.09;
2026;06;03;38;61.44;1.00;
2026;06;03;39;24.11;.00;
2026;06;03;40;61.01;-.07;
2026;06;03;41;62.00;-.72;
2026;06;03;42;62.00;-10.00;
2026;06;03;43;61.50;.84;
2026;06;03;44;1.95;.01;
2026;06;03;45;24.11;.00;
2026;06;03;46;1.95;.00;
2026;06;03;47;24.11;.00;
2026;06;03;48;50.24;.00;
2026;06;03;49;6.01;1.50;
2026;06;03;50;6.00;1.00;
2026;06;03;51;5.95;1.50;
2026;06;03;52;5.95;1.10;
2026;06;03;53;5.95;.00;
2026;06;03;54;5.95;.00;
2026;06;03;55;3.00;.00;
2026;06;03;56;3.00;.00;
2026;06;03;57;5.00;.00;
2026;06;03;58;5.00;.00;
2026;06;03;59;5.00;.00;
2026;06;03;60;4.99;.00;
2026;06;03;61;4.99;.00;
2026;06;03;62;4.99;.00;
2026;06;03;63;4.89;.00;
2026;06;03;64;4.89;.00;
2026;06;03;65;4.89;.00;
2026;06;03;66;4.89;.00;
2026;06;03;67;4.90;.00;
2026;06;03;68;4.92;.00;
2026;06;03;69;4.99;4.99;
2026;06;03;70;5.00;5.00;
2026;06;03;71;5.41;5.41;
2026;06;03;72;5.00;.00;
2026;06;03;73;5.00;.84;
2026;06;03;74;5.51;1.50;
2026;06;03;75;9.20;9.20;
2026;06;03;76;12.71;12.71;
2026;06;03;77;33.47;33.47;
2026;06;03;78;44.61;44.61;
2026;06;03;79;44.51;44.51;
2026;06;03;80;76.80;76.80;
2026;06;03;81;90.00;90.00;
2026;06;03;82;105.00;105.00;
2026;06;03;83;128.74;128.74;
2026;06;03;84;137.74;137.74;
2026;06;03;85;138.85;138.85;
2026;06;03;86;146.24;146.24;
2026;06;03;87;149.39;149.39;
2026;06;03;88;143.89;143.89;
2026;06;03;89;137.45;137.45;
2026;06;03;90;133.80;133.80;
2026;06;03;91;130.24;130.24;
2026;06;03;92;137.01;137.01;
2026;06;03;93;137.74;137.74;
2026;06;03;94;131.74;131.74;
2026;06;03;95;128.74;128.74;
2026;06;03;96;125.01;125.01;
*
