MARGINALPIBC;
2026;03;08;1;65.08;121.22;
2026;03;08;2;72.77;119.81;
2026;03;08;3;71.74;111.74;
2026;03;08;4;96.22;96.22;
2026;03;08;5;100.57;100.57;
2026;03;08;6;102.72;102.72;
2026;03;08;7;98.71;98.71;
2026;03;08;8;90.57;90.57;
2026;03;08;9;92.71;92.71;
2026;03;08;10;90.11;90.11;
2026;03;08;11;91.22;91.22;
2026;03;08;12;89.02;89.02;
2026;03;08;13;85.72;85.72;
2026;03;08;14;82.32;82.32;
2026;03;08;15;80.22;80.22;
2026;03;08;16;82.93;82.93;
2026;03;08;17;85.01;85.01;
2026;03;08;18;81.17;81.17;
2026;03;08;19;81.50;81.50;
2026;03;08;20;81.36;81.36;
2026;03;08;21;82.83;82.83;
2026;03;08;22;84.01;84.01;
2026;03;08;23;85.90;85.90;
2026;03;08;24;81.63;81.63;
2026;03;08;25;102.50;102.50;
2026;03;08;26;102.74;102.74;
2026;03;08;27;102.88;102.88;
2026;03;08;28;102.88;102.88;
2026;03;08;29;101.50;101.50;
2026;03;08;30;102.17;102.17;
2026;03;08;31;102.74;102.74;
2026;03;08;32;98.26;98.26;
2026;03;08;33;107.45;107.45;
2026;03;08;34;102.50;102.50;
2026;03;08;35;99.02;99.02;
2026;03;08;36;79.11;79.11;
2026;03;08;37;90.69;90.69;
2026;03;08;38;77.57;77.57;
2026;03;08;39;71.67;71.67;
2026;03;08;40;40.32;40.32;
2026;03;08;41;61.21;61.21;
2026;03;08;42;49.49;49.49;
2026;03;08;43;41.19;41.19;
2026;03;08;44;26.38;26.38;
2026;03;08;45;33.99;33.99;
2026;03;08;46;28.40;28.40;
2026;03;08;47;22.48;22.48;
2026;03;08;48;10.13;10.13;
2026;03;08;49;16.00;16.00;
2026;03;08;50;9.35;9.35;
2026;03;08;51;12.00;12.00;
2026;03;08;52;7.45;7.45;
2026;03;08;53;7.00;7.00;
2026;03;08;54;7.00;7.00;
2026;03;08;55;8.16;8.16;
2026;03;08;56;8.16;8.16;
2026;03;08;57;12.54;12.54;
2026;03;08;58;12.56;12.56;
2026;03;08;59;12.68;12.68;
2026;03;08;60;21.05;21.05;
2026;03;08;61;14.28;14.28;
2026;03;08;62;23.05;23.05;
2026;03;08;63;23.70;23.70;
2026;03;08;64;27.78;27.78;
2026;03;08;65;21.80;21.80;
2026;03;08;66;28.88;28.88;
2026;03;08;67;33.90;33.90;
2026;03;08;68;39.98;39.98;
2026;03;08;69;45.20;45.20;
2026;03;08;70;54.20;54.20;
2026;03;08;71;55.00;55.00;
2026;03;08;72;75.52;75.52;
2026;03;08;73;80.42;101.64;
2026;03;08;74;43.46;86.46;
2026;03;08;75;47.26;122.32;
2026;03;08;76;51.88;157.82;
2026;03;08;77;51.88;158.59;
2026;03;08;78;54.98;151.73;
2026;03;08;79;57.36;149.66;
2026;03;08;80;57.77;142.10;
2026;03;08;81;71.59;143.68;
2026;03;08;82;71.59;143.19;
2026;03;08;83;71.59;136.18;
2026;03;08;84;71.59;129.75;
2026;03;08;85;71.59;143.99;
2026;03;08;86;71.59;141.63;
2026;03;08;87;71.59;135.19;
2026;03;08;88;68.00;128.78;
2026;03;08;89;71.59;134.49;
2026;03;08;90;64.08;127.52;
2026;03;08;91;64.08;132.95;
2026;03;08;92;58.33;129.35;
2026;03;08;93;56.77;129.26;
2026;03;08;94;56.36;125.70;
2026;03;08;95;53.98;125.26;
2026;03;08;96;50.88;117.86;
*
